0 0.5395833333333333 0.6337962962962963 0.028125 0.058333333333333334
0 0.5158854166666667 0.6578703703703704 0.030729166666666665 0.05092592592592593
0 0.76953125 0.5805555555555556 0.008854166666666666 0.014814814814814815
1 0.19140625 0.6513888888888889 0.013020833333333334 0.019444444444444445
1 0.24427083333333333 0.6453703703703704 0.0125 0.02592592592592593
1 0.05026041666666667 0.6564814814814816 0.022395833333333334 0.04259259259259259
1 0.08229166666666667 0.6569444444444444 0.01875 0.04351851851851852
2 0.058333333333333334 0.7699074074074075 0.11354166666666667 0.27870370370370373
2 0.5572916666666666 0.6601851851851852 0.05625 0.15
2 0.5442708333333334 0.7875 0.13541666666666666 0.375
2 0.17682291666666666 0.725462962962963 0.0765625 0.18611111111111112
2 0.24088541666666666 0.7171296296296297 0.09427083333333333 0.18425925925925926
2 0.7661458333333333 0.6138888888888889 0.03229166666666666 0.09444444444444444