1 0.18984375 0.6513888888888889 0.015104166666666667 0.02314814814814815
1 0.24427083333333333 0.6458333333333334 0.019791666666666666 0.030555555555555558
1 0.6177083333333333 0.6657407407407407 0.028125 0.053703703703703705
1 0.6356770833333333 0.5898148148148148 0.0109375 0.016666666666666666
0 0.7682291666666666 0.575462962962963 0.009375 0.01388888888888889
0 0.9260416666666667 0.5851851851851853 0.017708333333333333 0.02777777777777778
0 0.9364583333333333 0.5745370370370371 0.015625 0.032407407407407406
2 0.63984375 0.6449074074074075 0.0484375 0.13425925925925927
2 0.9390625 0.6583333333333333 0.06145833333333333 0.2111111111111111
2 0.17682291666666666 0.725462962962963 0.0765625 0.18611111111111112
2 0.24114583333333334 0.7171296296296297 0.09375 0.18425925925925926
2 0.76640625 0.6134259259259259 0.0328125 0.09537037037037037
2 0.64140625 0.8194444444444445 0.11510416666666666 0.3592592592592593