0 0.4421875 0.6518518518518519 0.03229166666666666 0.061111111111111116
0 0.48333333333333334 0.6611111111111111 0.03229166666666666 0.061111111111111116
0 0.76484375 0.5750000000000001 0.009895833333333333 0.018518518518518517
1 0.81875 0.5657407407407408 0.007291666666666667 0.012962962962962964
1 0.2453125 0.6412037037037037 0.0125 0.025
1 0.18854166666666666 0.65 0.009375 0.031481481481481485
1 0.6466145833333333 0.5842592592592593 0.0078125 0.018518518518518517
2 0.8190104166666666 0.6074074074074074 0.0328125 0.10370370370370371
2 0.17682291666666666 0.7263888888888889 0.0765625 0.18611111111111112
2 0.2421875 0.7171296296296297 0.09375 0.18425925925925926
2 0.7671875 0.6125 0.03229166666666666 0.09537037037037037
2 0.6463541666666667 0.6351851851851852 0.04583333333333333 0.13148148148148148
2 0.4901041666666667 0.8050925925925926 0.159375 0.3712962962962963