1 0.18828125 0.6518518518518519 0.0140625 0.024074074074074074
1 0.24661458333333333 0.6439814814814815 0.0109375 0.025
0 0.94921875 0.5708333333333333 0.0140625 0.026851851851851852
0 0.9622395833333334 0.5722222222222223 0.01614583333333333 0.02592592592592593
1 0.87265625 0.5615740740740741 0.008854166666666666 0.012037037037037037
1 0.5908854166666666 0.5898148148148148 0.0109375 0.016666666666666666
0 0.765625 0.5791666666666667 0.010416666666666666 0.019444444444444445
2 0.875 0.5944444444444444 0.029166666666666667 0.0962962962962963
2 0.17682291666666666 0.7263888888888889 0.0765625 0.18611111111111112
2 0.24244791666666665 0.7171296296296297 0.09427083333333333 0.18425925925925926
2 0.7671875 0.612037037037037 0.03229166666666666 0.09444444444444444
2 0.5921875 0.6351851851851852 0.05520833333333333 0.12037037037037038
2 0.9578125 0.6425925925925926 0.06145833333333333 0.18333333333333335