0 0.52421875 0.5967592592592593 0.0140625 0.03425925925925926
1 0.6033854166666667 0.6027777777777777 0.009895833333333333 0.022222222222222223
1 0.7299479166666667 0.6546296296296297 0.022395833333333334 0.053703703703703705
1 0.7455729166666667 0.6643518518518519 0.019270833333333334 0.05277777777777778
1 0.771875 0.5990740740740741 0.02395833333333333 0.0462962962962963
1 0.72734375 0.5550925925925926 0.0067708333333333336 0.01388888888888889
1 0.7174479166666666 0.5601851851851852 0.0067708333333333336 0.014814814814814815
2 0.7197916666666666 0.5935185185185186 0.034375 0.09814814814814815
2 0.5197916666666667 0.6601851851851852 0.051041666666666666 0.16111111111111112
2 0.7497395833333333 0.8013888888888889 0.12760416666666666 0.3490740740740741
2 0.7763020833333333 0.6976851851851852 0.0765625 0.24351851851851852