1 0.18984375 0.6513888888888889 0.0171875 0.028703703703703703
1 0.23932291666666666 0.6449074074074075 0.0140625 0.026851851851851852
0 0.55 0.6157407407407408 0.02395833333333333 0.040740740740740744
0 0.5705729166666667 0.612037037037037 0.025520833333333333 0.04814814814814815
0 0.73828125 0.5773148148148148 0.013020833333333334 0.028703703703703703
0 0.7471354166666666 0.5736111111111112 0.0140625 0.026851851851851852
0 0.759375 0.5740740740740741 0.013541666666666667 0.031481481481481485
2 0.76015625 0.6412037037037037 0.0546875 0.1675925925925926
2 0.17682291666666666 0.7273148148148149 0.0703125 0.18425925925925926
2 0.23124999999999998 0.7217592592592593 0.09375 0.18981481481481483
2 0.7354166666666666 0.6342592592592593 0.051041666666666666 0.1537037037037037
2 0.5815104166666667 0.7296296296296296 0.09427083333333333 0.2740740740740741