0 0.18984375 0.7361111111111112 0.049479166666666664 0.07962962962962963
0 0.23671875 0.7134259259259259 0.04635416666666667 0.08240740740740742
0 0.2677083333333333 0.6402777777777778 0.02395833333333333 0.05462962962962963
0 0.2877604166666667 0.6273148148148149 0.01614583333333333 0.04166666666666667
0 0.5630208333333333 0.5958333333333333 0.02395833333333333 0.04537037037037037
0 0.90859375 0.563425925925926 0.011979166666666666 0.02314814814814815
0 0.9182291666666667 0.5592592592592592 0.011458333333333333 0.02777777777777778
0 0.9447916666666667 0.5412037037037037 0.007291666666666667 0.017592592592592594
1 0.19244791666666666 0.6513888888888889 0.015104166666666667 0.03425925925925926
1 0.23802083333333332 0.6444444444444445 0.014583333333333334 0.03333333333333333
2 0.56015625 0.688425925925926 0.07760416666666667 0.22685185185185186
2 0.1765625 0.7273148148148149 0.06979166666666667 0.18425925925925926
2 0.23124999999999998 0.7217592592592593 0.09375 0.18981481481481483
2 0.24557291666666667 0.7393518518518519 0.11302083333333333 0.2712962962962963
2 0.9197916666666667 0.625 0.04791666666666666 0.14814814814814814
2 0.25859375 0.8351851851851853 0.2421875 0.3277777777777778