1 0.190625 0.6518518518518519 0.017708333333333333 0.02777777777777778
1 0.23776041666666667 0.6472222222222223 0.015104166666666667 0.02592592592592593
0 0.5278645833333333 0.6032407407407407 0.018229166666666668 0.03981481481481482
0 0.5408854166666667 0.5949074074074074 0.0171875 0.03981481481481482
0 0.64609375 0.6814814814814815 0.0328125 0.07037037037037037
0 0.6809895833333334 0.6717592592592593 0.033854166666666664 0.06574074074074074
0 0.9700520833333334 0.5893518518518519 0.0203125 0.032407407407407406
0 0.9846354166666667 0.5851851851851853 0.011979166666666666 0.03333333333333333
1 0.9651041666666667 0.549537037037037 0.010416666666666666 0.019444444444444445
2 0.17604166666666665 0.7273148148148149 0.06875 0.18425925925925926
2 0.23151041666666666 0.7217592592592593 0.09322916666666667 0.18981481481481483
2 0.9739583333333334 0.663425925925926 0.051041666666666666 0.18981481481481483
2 0.6791666666666667 0.8162037037037038 0.14375 0.36574074074074076
2 0.5234375 0.6810185185185186 0.07291666666666667 0.2101851851851852