0 0.11119791666666666 0.6449074074074075 0.025520833333333333 0.05092592592592593
0 0.13619791666666667 0.6546296296296297 0.019270833333333334 0.05925925925925926
1 0.24869791666666666 0.6462962962962964 0.0109375 0.02962962962962963
1 0.18984375 0.6513888888888889 0.0109375 0.028703703703703703
1 0.5223958333333333 0.5944444444444444 0.013541666666666667 0.02592592592592593
0 0.7669270833333334 0.575925925925926 0.0078125 0.020370370370370372
1 0.8549479166666667 0.6449074074074075 0.027604166666666666 0.05462962962962963
2 0.10546875 0.7620370370370371 0.1421875 0.2796296296296296
2 0.17369791666666667 0.7273148148148149 0.06927083333333334 0.18611111111111112
2 0.23671875 0.7208333333333333 0.09427083333333333 0.18796296296296297
2 0.7677083333333333 0.6157407407407408 0.03125 0.09814814814814815