1 0.19036458333333334 0.650462962962963 0.015104166666666667 0.032407407407407406
1 0.23958333333333334 0.6458333333333334 0.015625 0.030555555555555558
0 0.5528645833333333 0.600462962962963 0.0109375 0.02314814814814815
0 0.9252604166666667 0.5958333333333333 0.019270833333333334 0.030555555555555558
0 0.94140625 0.6023148148148149 0.0171875 0.03425925925925926
0 0.9265625 0.549074074074074 0.009375 0.018518518518518517
2 0.9445312499999999 0.7055555555555556 0.07864583333333333 0.24814814814814815
2 0.17395833333333333 0.7273148148148149 0.06666666666666667 0.18611111111111112
2 0.23489583333333333 0.7222222222222222 0.0875 0.18888888888888888
2 0.553125 0.6574074074074074 0.046875 0.1388888888888889
2 0.9265625 0.5916666666666667 0.0375 0.11111111111111112