0 0.0734375 0.6541666666666667 0.03333333333333333 0.05277777777777778
0 0.10807291666666667 0.6416666666666667 0.022395833333333334 0.0462962962962963
1 0.1890625 0.6481481481481481 0.013541666666666667 0.02777777777777778
1 0.24140625 0.6430555555555556 0.01614583333333333 0.030555555555555558
1 0.3216145833333333 0.6236111111111111 0.021354166666666667 0.03425925925925926
1 0.5536458333333333 0.6175925925925926 0.026041666666666668 0.05185185185185186
0 0.69453125 0.5810185185185185 0.013020833333333334 0.030555555555555558
2 0.17447916666666666 0.7277777777777779 0.065625 0.1851851851851852
2 0.23515624999999998 0.7222222222222222 0.0890625 0.18888888888888888
2 0.06770833333333333 0.7689814814814815 0.13645833333333332 0.30462962962962964
2 0.315625 0.737962962962963 0.11458333333333333 0.27592592592592596
2 0.6903645833333333 0.6458333333333334 0.0484375 0.16018518518518518
2 0.5619791666666667 0.7453703703703703 0.11770833333333333 0.30185185185185187