0 0.14583333333333334 0.6458333333333334 0.028125 0.04722222222222222
1 0.6138020833333333 0.5958333333333333 0.008854166666666666 0.017592592592592594
1 0.6479166666666667 0.5888888888888889 0.011458333333333333 0.022222222222222223
1 0.6559895833333333 0.587962962962963 0.009895833333333333 0.016666666666666666
1 0.64375 0.6106481481481482 0.009375 0.012037037037037037
0 0.7026041666666667 0.6055555555555556 0.021875 0.04259259259259259
0 0.7192708333333333 0.6138888888888889 0.025 0.03888888888888889
0 0.80078125 0.5736111111111112 0.0171875 0.030555555555555558
0 0.8111979166666666 0.5648148148148149 0.013020833333333334 0.02962962962962963
0 0.9757812499999999 0.5467592592592593 0.008854166666666666 0.010185185185185186
0 0.9515625 0.549537037037037 0.007291666666666667 0.010185185185185186
2 0.14322916666666666 0.7550925925925926 0.13854166666666667 0.26944444444444443
2 0.6528645833333333 0.6513888888888889 0.06197916666666667 0.15092592592592594
2 0.80234375 0.625462962962963 0.05364583333333333 0.14907407407407408
2 0.721875 0.7296296296296296 0.09895833333333333 0.3037037037037037
2 0.9736979166666666 0.5847222222222223 0.0265625 0.09166666666666667