1 0.2453125 0.6370370370370371 0.017708333333333333 0.03333333333333333
1 0.23177083333333334 0.6685185185185185 0.011458333333333333 0.02962962962962963
1 0.2625 0.6310185185185185 0.0125 0.032407407407407406
0 0.30625 0.6370370370370371 0.019791666666666666 0.05
0 0.3338541666666667 0.6277777777777778 0.029166666666666667 0.05
0 0.5354166666666667 0.5902777777777778 0.016666666666666666 0.032407407407407406
1 0.6140625 0.5953703703703704 0.008333333333333333 0.018518518518518517
0 0.8903645833333333 0.5606481481481481 0.011979166666666666 0.019444444444444445
0 0.9401041666666666 0.5657407407407408 0.019791666666666666 0.02592592592592593
0 0.95390625 0.5699074074074074 0.0140625 0.028703703703703703
2 0.234375 0.7300925925925926 0.10520833333333333 0.23240740740740742
2 0.30104166666666665 0.7319444444444445 0.12708333333333333 0.2675925925925926
2 0.9489583333333333 0.6453703703703704 0.06666666666666667 0.1851851851851852
2 0.8872395833333333 0.6018518518518519 0.030729166666666665 0.10555555555555556