1 0.18098958333333334 0.6486111111111111 0.01614583333333333 0.028703703703703703
1 0.2421875 0.6435185185185185 0.014583333333333334 0.02962962962962963
1 0.190625 0.649537037037037 0.011458333333333333 0.028703703703703703
0 0.7669270833333334 0.5773148148148148 0.009895833333333333 0.017592592592592594
1 0.9453125 0.5504629629629629 0.00625 0.015740740740740743
1 0.6919270833333333 0.5912037037037037 0.0078125 0.019444444444444445
0 0.69609375 0.5787037037037037 0.0140625 0.020370370370370372
2 0.23776041666666667 0.7217592592592593 0.0953125 0.18611111111111112
2 0.18125 0.725925925925926 0.08020833333333333 0.1851851851851852
2 0.19322916666666667 0.736574074074074 0.10520833333333333 0.22314814814814815
2 0.6955729166666667 0.6356481481481482 0.0515625 0.14537037037037037
2 0.7677083333333333 0.6152777777777778 0.03125 0.09907407407407408
2 0.9486979166666667 0.5861111111111111 0.04010416666666666 0.0962962962962963