1 0.24348958333333334 0.6449074074074075 0.018229166666666668 0.026851851851851852
1 0.18932291666666667 0.6509259259259259 0.013020833333333334 0.031481481481481485
0 0.7151041666666667 0.7407407407407408 0.041666666666666664 0.09074074074074075
0 0.7395833333333334 0.75 0.03333333333333333 0.08148148148148149
0 0.7424479166666667 0.6319444444444444 0.030729166666666665 0.04722222222222222
0 0.9674479166666666 0.6462962962962964 0.024479166666666666 0.05
2 0.18046875 0.725925925925926 0.08385416666666666 0.18888888888888888
2 0.23880208333333333 0.7240740740740741 0.0921875 0.1851851851851852
2 0.7677083333333333 0.6111111111111112 0.03333333333333333 0.10555555555555556
2 0.9526041666666667 0.7800925925925927 0.09375 0.33796296296296297
2 0.73046875 0.8412037037037038 0.19322916666666667 0.31574074074074077
2 0.7473958333333334 0.7578703703703704 0.1 0.30462962962962964