0 0.4744791666666667 0.6046296296296296 0.014583333333333334 0.031481481481481485
1 0.23255208333333333 0.6425925925925926 0.018229166666666668 0.02777777777777778
1 0.178125 0.6532407407407408 0.016666666666666666 0.028703703703703703
0 0.7739583333333333 0.5773148148148148 0.0125 0.02314814814814815
0 0.8278645833333333 0.5921296296296297 0.025520833333333333 0.03796296296296296
0 0.9541666666666666 0.549537037037037 0.011458333333333333 0.019444444444444445
0 0.7427083333333333 0.5578703703703703 0.013541666666666667 0.015740740740740743
0 0.15807291666666667 0.8574074074074074 0.08385416666666666 0.15555555555555556
2 0.17604166666666665 0.725462962962963 0.08020833333333333 0.19351851851851853
2 0.23385416666666667 0.7199074074074074 0.09895833333333333 0.19351851851851853
2 0.8356770833333333 0.6814814814814815 0.0671875 0.21851851851851853
2 0.8895833333333333 0.5907407407407408 0.03125 0.09444444444444444
2 0.4708333333333333 0.6833333333333333 0.07604166666666666 0.19074074074074074
2 0.7744791666666666 0.625462962962963 0.042708333333333334 0.13055555555555556
2 0.9557291666666666 0.5893518518518519 0.040625 0.10833333333333334
2 0.7419270833333333 0.5935185185185186 0.0421875 0.0962962962962963
2 0.7669270833333334 0.6157407407407408 0.0328125 0.09814814814814815