1 0.18411458333333333 0.6509259259259259 0.0140625 0.02592592592592593
1 0.22864583333333333 0.6453703703703704 0.017708333333333333 0.02962962962962963
1 0.7645833333333333 0.6731481481481482 0.025 0.053703703703703705
0 0.7942708333333334 0.6481481481481481 0.034375 0.05740740740740741
1 0.68671875 0.5967592592592593 0.01614583333333333 0.03425925925925926
1 0.8703124999999999 0.5606481481481481 0.005208333333333333 0.015740740740740743
1 0.8786458333333333 0.5578703703703703 0.009375 0.015740740740740743
2 0.17552083333333332 0.7236111111111111 0.07291666666666667 0.19166666666666668
2 0.23359375 0.7185185185185186 0.0953125 0.1962962962962963
2 0.7979166666666666 0.7976851851851852 0.121875 0.35462962962962963
2 0.703125 0.7138888888888889 0.10833333333333334 0.2740740740740741
2 0.8747395833333333 0.6055555555555556 0.04635416666666667 0.11666666666666667
2 0.7966145833333333 0.6055555555555556 0.0265625 0.10555555555555556
2 0.7669270833333334 0.6157407407407408 0.0328125 0.09814814814814815