1 0.17760416666666667 0.65 0.013541666666666667 0.031481481481481485
1 0.23541666666666666 0.6486111111111111 0.011458333333333333 0.030555555555555558
1 0.5893229166666667 0.5981481481481482 0.009895833333333333 0.020370370370370372
1 0.6049479166666667 0.5944444444444444 0.0109375 0.020370370370370372
1 0.7755208333333333 0.6375000000000001 0.017708333333333333 0.05277777777777778
0 0.7916666666666666 0.638888888888889 0.015625 0.0462962962962963
0 0.7489583333333333 0.5694444444444444 0.010416666666666666 0.022222222222222223
0 0.9130208333333333 0.5537037037037037 0.009375 0.016666666666666666
0 0.7661458333333333 0.5736111111111112 0.00625 0.017592592592592594
2 0.17630208333333333 0.7277777777777779 0.0765625 0.18888888888888888
2 0.23072916666666665 0.7222222222222222 0.09479166666666666 0.1925925925925926
2 0.78125 0.7680555555555556 0.109375 0.32685185185185184
2 0.5903645833333333 0.6662037037037037 0.07239583333333333 0.17314814814814816
2 0.7466145833333333 0.6157407407407408 0.0328125 0.12037037037037038
2 0.9114583333333334 0.5912037037037037 0.030208333333333334 0.09722222222222222
2 0.7666666666666666 0.6157407407407408 0.03333333333333333 0.09814814814814815