1 0.17395833333333333 0.6546296296296297 0.01875 0.03333333333333333
1 0.22213541666666667 0.6523148148148148 0.01614583333333333 0.036111111111111115
0 0.7940104166666666 0.6018518518518519 0.027604166666666666 0.044444444444444446
0 0.91796875 0.5537037037037037 0.011979166666666666 0.022222222222222223
0 0.7666666666666666 0.5740740740740741 0.008333333333333333 0.016666666666666666
0 0.64609375 0.5847222222222223 0.0140625 0.030555555555555558
1 0.6700520833333333 0.5851851851851853 0.008854166666666666 0.020370370370370372
2 0.16588541666666667 0.7263888888888889 0.07135416666666666 0.20277777777777778
2 0.21901041666666665 0.725 0.08072916666666667 0.19814814814814816
2 0.7919270833333333 0.700925925925926 0.10260416666666666 0.2518518518518519
2 0.6395833333333333 0.6365740740740741 0.04375 0.1398148148148148
2 0.6747395833333333 0.65 0.0671875 0.1574074074074074
2 0.8307291666666666 0.6060185185185185 0.03333333333333333 0.10833333333333334
2 0.7666666666666666 0.6157407407407408 0.03333333333333333 0.09814814814814815
2 0.9192708333333334 0.5944444444444444 0.036458333333333336 0.10925925925925926