1 0.11276041666666667 0.5157407407407407 0.0140625 0.03888888888888889
1 0.10182291666666667 0.5115740740740741 0.009895833333333333 0.030555555555555558
1 0.07994791666666666 0.47685185185185186 0.015104166666666667 0.018518518518518517
0 0.14557291666666666 0.47453703703703703 0.018229166666666668 0.028703703703703703
1 0.3403645833333333 0.5064814814814815 0.022395833333333334 0.03333333333333333
0 0.8677083333333333 0.5861111111111111 0.03333333333333333 0.07222222222222223
2 0.08151041666666667 0.5226851851851853 0.03697916666666667 0.11944444444444445
2 0.14270833333333333 0.5361111111111111 0.042708333333333334 0.14814814814814814
2 0.8880208333333334 0.7620370370370371 0.16875 0.4240740740740741
2 0.1171875 0.6018518518518519 0.065625 0.21851851851851853
2 0.3450520833333333 0.6064814814814815 0.0765625 0.23148148148148148