1 0.7018229166666666 0.600462962962963 0.028645833333333332 0.05462962962962963
1 0.7453125 0.6111111111111112 0.035416666666666666 0.06296296296296297
1 0.3796875 0.5337962962962963 0.025 0.03981481481481482
1 0.3609375 0.5324074074074074 0.029166666666666667 0.03518518518518519
0 0.18046875 0.5032407407407408 0.0171875 0.036111111111111115
1 0.20234375 0.49722222222222223 0.018229166666666668 0.031481481481481485
0 0.12630208333333334 0.48240740740740745 0.013020833333333334 0.02592592592592593
2 0.36666666666666664 0.6486111111111111 0.09583333333333333 0.28240740740740744
2 0.7127604166666667 0.7805555555555556 0.17864583333333334 0.43703703703703706
2 0.12265625 0.5518518518518519 0.05260416666666667 0.16111111111111112
2 0.18229166666666666 0.5944444444444444 0.065625 0.22592592592592595
2 0.20885416666666667 0.5712962962962963 0.036458333333333336 0.18333333333333335