1 0.46901041666666665 0.5467592592592593 0.027604166666666666 0.04722222222222222
1 0.4421875 0.549537037037037 0.019791666666666666 0.05277777777777778
1 0.27057291666666666 0.5087962962962963 0.024479166666666666 0.03796296296296296
1 0.25364583333333335 0.5069444444444444 0.016666666666666666 0.030555555555555558
0 0.06041666666666667 0.47361111111111115 0.010416666666666666 0.025
0 0.11015625 0.48842592592592593 0.01614583333333333 0.032407407407407406
1 0.14635416666666667 0.48379629629629634 0.014583333333333334 0.025
0 0.09479166666666666 0.5347222222222222 0.02395833333333333 0.04537037037037037
0 0.071875 0.5481481481481482 0.026041666666666668 0.05
2 0.2520833333333333 0.5981481481481482 0.07604166666666666 0.21481481481481482
2 0.44375 0.662962962962963 0.10104166666666667 0.2888888888888889
2 0.057291666666666664 0.5314814814814816 0.040625 0.13518518518518519
2 0.11145833333333333 0.5615740740740741 0.051041666666666666 0.17685185185185187
2 0.08463541666666667 0.6273148148148149 0.07552083333333333 0.24166666666666667
2 0.15052083333333333 0.5467592592592593 0.035416666666666666 0.15092592592592594