0 0.7893229166666667 0.5810185185185185 0.03802083333333333 0.0638888888888889
0 0.534375 0.5777777777777778 0.03854166666666667 0.07222222222222223
1 0.20182291666666666 0.500925925925926 0.018229166666666668 0.03333333333333333
1 0.18489583333333334 0.5013888888888889 0.016666666666666666 0.02314814814814815
0 0.0125 0.47175925925925927 0.013541666666666667 0.02314814814814815
1 0.046614583333333334 0.4740740740740741 0.011979166666666666 0.024074074074074074
1 0.09791666666666667 0.48055555555555557 0.008333333333333333 0.016666666666666666
1 0.10833333333333334 0.4777777777777778 0.008333333333333333 0.020370370370370372
2 0.09557291666666666 0.5425925925925926 0.050520833333333334 0.14444444444444446
2 0.1875 0.5722222222222223 0.057291666666666664 0.17962962962962964
2 0.015625 0.5222222222222223 0.03125 0.12222222222222223
2 0.81875 0.762962962962963 0.23124999999999998 0.41481481481481486
2 0.55859375 0.7657407407407407 0.12864583333333332 0.43703703703703706
2 0.04609375 0.5157407407407407 0.030729166666666665 0.10925925925925926