0 0.31354166666666666 0.587962962962963 0.021875 0.0462962962962963
0 0.29244791666666664 0.5750000000000001 0.019270833333333334 0.044444444444444446
0 0.2625 0.6212962962962963 0.034375 0.05925925925925926
0 0.18802083333333333 0.6870370370370371 0.040625 0.06296296296296297
0 0.95859375 0.6675925925925926 0.024479166666666666 0.06481481481481481
0 0.9817708333333334 0.6708333333333334 0.028125 0.06574074074074074
0 0.9098958333333333 0.5509259259259259 0.013541666666666667 0.02962962962962963
2 0.32005208333333335 0.6712962962962963 0.1140625 0.2240740740740741
2 0.27109375 0.7356481481481482 0.1703125 0.275
2 0.9033854166666666 0.5990740740740741 0.0390625 0.12407407407407407
2 0.9322916666666666 0.8041666666666667 0.134375 0.3175925925925926
2 0.2 0.825462962962963 0.1125 0.3472222222222222