0 0.19192708333333333 0.6833333333333333 0.04010416666666666 0.061111111111111116
0 0.2739583333333333 0.5425925925925926 0.01875 0.031481481481481485
0 0.7479166666666667 0.5699074074074074 0.015625 0.032407407407407406
0 0.8690104166666667 0.6175925925925926 0.024479166666666666 0.04259259259259259
0 0.9427083333333334 0.6685185185185185 0.041666666666666664 0.07037037037037037
0 0.70390625 0.6203703703703703 0.0234375 0.0462962962962963
0 0.6794270833333333 0.6069444444444445 0.027604166666666666 0.05092592592592593
1 0.6390625 0.5638888888888889 0.014583333333333334 0.037037037037037035
2 0.7057291666666666 0.6995370370370371 0.125 0.2175925925925926
2 0.8781249999999999 0.7106481481481481 0.06354166666666666 0.2138888888888889
2 0.7427083333333333 0.6319444444444444 0.053125 0.15092592592592594
2 0.2643229166666667 0.6055555555555556 0.05364583333333333 0.15185185185185185
2 0.9205729166666666 0.8111111111111111 0.1578125 0.32962962962962966
2 0.19973958333333333 0.826388888888889 0.11197916666666667 0.3453703703703704