0 0.32916666666666666 0.5638888888888889 0.01875 0.02592592592592593
0 0.3052083333333333 0.5675925925925926 0.016666666666666666 0.031481481481481485
0 0.3028645833333333 0.5425925925925926 0.013020833333333334 0.022222222222222223
0 0.2895833333333333 0.5472222222222223 0.011458333333333333 0.024074074074074074
0 0.11588541666666667 0.7375 0.044270833333333336 0.075
1 0.03203125 0.5143518518518518 0.011979166666666666 0.019444444444444445
0 0.8971354166666666 0.8101851851851852 0.059895833333333336 0.10185185185185186
0 0.9692708333333333 0.8384259259259259 0.04791666666666666 0.1175925925925926
2 0.03177083333333333 0.5680555555555555 0.042708333333333334 0.13796296296296298
2 0.2911458333333333 0.6046296296296296 0.053125 0.1462962962962963
2 0.3098958333333333 0.6472222222222223 0.06666666666666667 0.1925925925925926