0 0.4473958333333333 0.5884259259259259 0.021875 0.03796296296296296
0 0.5721354166666667 0.7300925925925926 0.04635416666666667 0.07314814814814816
0 0.11927083333333333 0.5939814814814816 0.025 0.03981481481481482
0 0.12109375 0.538425925925926 0.013020833333333334 0.025
0 0.09114583333333333 0.5180555555555556 0.0125 0.021296296296296296
1 0.62734375 0.5731481481481482 0.0109375 0.02592592592592593
2 0.59296875 0.8481481481481482 0.1671875 0.30185185185185187
2 0.08854166666666667 0.5643518518518519 0.03958333333333333 0.11203703703703705
2 0.11875 0.5986111111111111 0.046875 0.14722222222222223
2 0.4419270833333333 0.674074074074074 0.08385416666666666 0.20370370370370372
2 0.12369791666666667 0.6805555555555556 0.0765625 0.22777777777777777