1 0.36796875 0.6092592592592593 0.021354166666666667 0.04259259259259259
1 0.35182291666666665 0.6027777777777777 0.019270833333333334 0.03333333333333333
0 0.396875 0.5643518518518519 0.01875 0.028703703703703703
0 0.22526041666666666 0.5337962962962963 0.0140625 0.026851851851851852
1 0.20859375 0.5226851851851853 0.013020833333333334 0.02314814814814815
0 0.140625 0.5240740740740741 0.013541666666666667 0.024074074074074074
0 0.9807291666666667 0.625 0.02395833333333333 0.05
1 0.5994791666666667 0.5731481481481482 0.0125 0.02962962962962963
2 0.221875 0.6 0.05416666666666667 0.15555555555555556
2 0.12864583333333332 0.5800925925925926 0.040625 0.1398148148148148
2 0.21067708333333332 0.5796296296296296 0.04739583333333333 0.1425925925925926
2 0.06692708333333333 0.5574074074074075 0.03802083333333333 0.12592592592592594
2 0.3736979166666667 0.712962962962963 0.08489583333333334 0.26296296296296295
2 0.396875 0.6476851851851853 0.07604166666666666 0.20462962962962963
2 0.58671875 0.6365740740740741 0.1046875 0.16203703703703703
2 0.9609375 0.7337962962962963 0.07708333333333334 0.25833333333333336