1 0.6096354166666667 0.674074074074074 0.024479166666666666 0.061111111111111116
1 0.5833333333333334 0.6597222222222222 0.022916666666666665 0.05462962962962963
0 0.0625 0.5101851851851852 0.010416666666666666 0.022222222222222223
0 0.08854166666666667 0.5120370370370371 0.008333333333333333 0.014814814814814815
1 0.4106770833333333 0.5453703703703704 0.0140625 0.020370370370370372
1 0.5234375 0.5652777777777778 0.015625 0.030555555555555558
0 0.9807291666666667 0.6263888888888889 0.020833333333333332 0.049074074074074076
2 0.08723958333333333 0.5625 0.0390625 0.12314814814814816
2 0.054427083333333334 0.5518518518518519 0.03177083333333333 0.11111111111111112
2 0.12708333333333333 0.5555555555555556 0.035416666666666666 0.12037037037037038
2 0.6252604166666667 0.813425925925926 0.1421875 0.36574074074074076
2 0.17213541666666665 0.5865740740740741 0.049479166666666664 0.14537037037037037
2 0.5098958333333333 0.6282407407407408 0.10729166666666666 0.16203703703703703
2 0.9611979166666667 0.7337962962962963 0.0765625 0.25833333333333336