0 0.10781249999999999 0.6027777777777777 0.026041666666666668 0.044444444444444446
0 0.10442708333333334 0.549074074074074 0.01614583333333333 0.03333333333333333
0 0.08541666666666667 0.5592592592592592 0.01875 0.02777777777777778
0 0.009635416666666667 0.5532407407407408 0.0203125 0.028703703703703703
1 0.6369791666666667 0.5652777777777778 0.010416666666666666 0.025
0 0.71875 0.638888888888889 0.022916666666666665 0.04814814814814815
0 0.6921875 0.6236111111111111 0.017708333333333333 0.03425925925925926
0 0.7453125 0.5814814814814815 0.013541666666666667 0.03333333333333333
1 0.9231770833333334 0.5847222222222223 0.015104166666666667 0.02314814814814815
2 0.9252604166666667 0.649537037037037 0.07447916666666667 0.15833333333333333
2 0.74296875 0.6486111111111111 0.05260416666666667 0.16944444444444445
2 0.6981770833333333 0.7217592592592593 0.1171875 0.23611111111111113
2 0.11276041666666667 0.6990740740740741 0.0796875 0.24629629629629632