0 0.5953125 0.7564814814814815 0.04895833333333333 0.08888888888888889
0 0.4666666666666667 0.6546296296296297 0.028125 0.05185185185185186
0 0.4361979166666667 0.6472222222222223 0.025520833333333333 0.05555555555555556
0 0.22708333333333333 0.637962962962963 0.029166666666666667 0.05185185185185186
0 0.17369791666666667 0.5337962962962963 0.015104166666666667 0.02314814814814815
0 0.7541666666666667 0.5972222222222222 0.015625 0.02962962962962963
1 0.6361979166666667 0.5680555555555555 0.008854166666666666 0.02314814814814815
0 0.40546875 0.5685185185185185 0.015104166666666667 0.02592592592592593
0 0.4231770833333333 0.5703703703703704 0.0140625 0.02962962962962963
2 0.7544270833333333 0.6736111111111112 0.07135416666666666 0.19722222222222224
2 0.4080729166666667 0.638425925925926 0.058854166666666666 0.1675925925925926
2 0.17265625 0.5925925925925926 0.044270833333333336 0.1425925925925926
2 0.6247395833333333 0.8560185185185185 0.1890625 0.28611111111111115
2 0.47031249999999997 0.7902777777777779 0.11875 0.33425925925925926
2 0.23385416666666667 0.7564814814814815 0.08854166666666667 0.29074074074074074