0 0.225 0.6472222222222223 0.027083333333333334 0.05555555555555556
0 0.19895833333333332 0.65 0.025 0.053703703703703705
0 0.5809895833333333 0.6087962962962963 0.0203125 0.04351851851851852
1 0.6091145833333333 0.6143518518518519 0.0234375 0.03981481481481482
1 0.7390625 0.6550925925925927 0.020833333333333332 0.036111111111111115
1 0.7682291666666666 0.6518518518518519 0.021875 0.03888888888888889
1 0.4356770833333333 0.5796296296296296 0.0140625 0.03333333333333333
1 0.5216145833333333 0.5944444444444444 0.01614583333333333 0.02592592592592593
1 0.4200520833333333 0.5865740740740741 0.0109375 0.019444444444444445
1 0.36822916666666666 0.5662037037037038 0.014583333333333334 0.026851851851851852
1 0.353125 0.5615740740740741 0.009375 0.02314814814814815
1 0.49921875 0.5606481481481481 0.021354166666666667 0.032407407407407406
2 0.3520833333333333 0.6305555555555555 0.06875 0.16296296296296298
2 0.41796875 0.662962962962963 0.08072916666666667 0.19444444444444445
2 0.23515624999999998 0.7833333333333333 0.1015625 0.32407407407407407
2 0.5768229166666666 0.7064814814814815 0.1046875 0.23703703703703705
2 0.7247395833333333 0.7675925925925926 0.1328125 0.26851851851851855