0 0.28671875 0.6481481481481481 0.03177083333333333 0.05925925925925926
1 0.2625 0.6773148148148148 0.01875 0.04166666666666667
1 0.24166666666666667 0.6787037037037037 0.019791666666666666 0.040740740740740744
0 0.08776041666666666 0.5365740740740741 0.013020833333333334 0.021296296296296296
1 0.075 0.5356481481481482 0.010416666666666666 0.02314814814814815
0 0.024739583333333332 0.5425925925925926 0.01614583333333333 0.031481481481481485
0 0.33984375 0.5412037037037037 0.015104166666666667 0.021296296296296296
1 0.68671875 0.5657407407407408 0.011979166666666666 0.02592592592592593
2 0.29453125 0.8 0.21927083333333333 0.3592592592592593
2 0.33567708333333335 0.6023148148148149 0.06822916666666666 0.14537037037037037
2 0.08411458333333333 0.5995370370370371 0.05260416666666667 0.1564814814814815
2 0.028385416666666666 0.611574074074074 0.0484375 0.16944444444444445