1 0.24947916666666667 0.6791666666666667 0.027083333333333334 0.04537037037037037
1 0.2739583333333333 0.6833333333333333 0.01875 0.05
1 0.30390625 0.5671296296296297 0.022395833333333334 0.03981481481481482
1 0.34869791666666666 0.5902777777777778 0.0171875 0.028703703703703703
1 0.68671875 0.5615740740740741 0.0140625 0.019444444444444445
0 0.16770833333333332 0.5166666666666667 0.017708333333333333 0.020370370370370372
0 0.18489583333333334 0.5787037037037037 0.026041666666666668 0.0462962962962963
0 0.37265625 0.5972222222222222 0.0234375 0.040740740740740744
0 0.30078125 0.6472222222222223 0.033854166666666664 0.06296296296296297
2 0.3052083333333333 0.7976851851851852 0.21770833333333334 0.36388888888888893
2 0.16744791666666667 0.5694444444444444 0.0453125 0.12222222222222223
2 0.3765625 0.6949074074074074 0.08854166666666667 0.24351851851851852
2 0.30807291666666664 0.6435185185185185 0.059895833333333336 0.1814814814814815
2 0.18828125 0.6722222222222223 0.0734375 0.22962962962962963