0 0.30104166666666665 0.650462962962963 0.04479166666666667 0.06574074074074074
1 0.2752604166666667 0.6824074074074075 0.021354166666666667 0.04814814814814815
1 0.24765625 0.6805555555555556 0.021354166666666667 0.05740740740740741
0 0.5145833333333333 0.6555555555555556 0.027083333333333334 0.07037037037037037
1 0.87734375 0.6962962962962963 0.0296875 0.06296296296296297
1 0.8596354166666667 0.6912037037037038 0.013020833333333334 0.058333333333333334
0 0.04375 0.5018518518518519 0.009375 0.014814814814814815
1 0.6872395833333333 0.5671296296296297 0.013020833333333334 0.028703703703703703
2 0.303125 0.7976851851851852 0.221875 0.36388888888888893
2 0.04375 0.5430555555555556 0.034375 0.10277777777777779
2 0.8986979166666667 0.8282407407407407 0.2015625 0.3416666666666667
2 0.5354166666666667 0.8009259259259259 0.13333333333333333 0.34814814814814815