0 0.8729166666666667 0.7162037037037037 0.04375 0.08611111111111111
0 0.40572916666666664 0.5736111111111112 0.016666666666666666 0.028703703703703703
0 0.08046875 0.5435185185185185 0.0140625 0.02962962962962963
0 0.06432291666666666 0.5106481481481482 0.011979166666666666 0.01388888888888889
0 0.1640625 0.5462962962962963 0.019791666666666666 0.03333333333333333
2 0.05911458333333333 0.5537037037037037 0.0390625 0.11111111111111112
2 0.64921875 0.6425925925925926 0.0921875 0.1537037037037037
2 0.4044270833333333 0.6337962962962963 0.05364583333333333 0.1564814814814815
2 0.1703125 0.6226851851851852 0.05520833333333333 0.18425925925925926
2 0.07552083333333333 0.6175925925925926 0.04375 0.17962962962962964
2 0.8747395833333333 0.8388888888888889 0.21197916666666666 0.32037037037037036