0 0.7026041666666667 0.6412037037037037 0.026041666666666668 0.04351851851851852
0 0.5138020833333333 0.6907407407407408 0.0328125 0.07222222222222223
1 0.48072916666666665 0.6958333333333334 0.028125 0.058333333333333334
0 0.18359375 0.6847222222222222 0.03802083333333333 0.06018518518518519
0 0.17057291666666666 0.5574074074074075 0.015104166666666667 0.031481481481481485
0 0.15677083333333333 0.5268518518518519 0.015625 0.016666666666666666
1 0.9924479166666667 0.5375 0.0046875 0.017592592592592594
2 0.16692708333333334 0.6282407407407408 0.06197916666666667 0.1787037037037037
2 0.53046875 0.825925925925926 0.1515625 0.3462962962962963
2 0.05807291666666667 0.5583333333333333 0.034895833333333334 0.10925925925925926
2 0.16041666666666665 0.587962962962963 0.042708333333333334 0.1425925925925926
2 0.6950520833333333 0.7513888888888889 0.11510416666666666 0.2657407407407408
2 0.20104166666666667 0.8273148148148148 0.11458333333333333 0.34351851851851856