0 0.19609375 0.6842592592592592 0.044270833333333336 0.05185185185185186
0 0.09401041666666667 0.5652777777777778 0.028645833333333332 0.03981481481481482
0 0.11614583333333334 0.5240740740740741 0.016666666666666666 0.022222222222222223
1 0.5057291666666667 0.6185185185185186 0.015625 0.040740740740740744
1 0.48385416666666664 0.6143518518518519 0.01875 0.03796296296296296
0 0.9223958333333333 0.5847222222222223 0.014583333333333334 0.02314814814814815
0 0.9877604166666667 0.6912037037037038 0.021354166666666667 0.06574074074074074
2 0.9265625 0.649537037037037 0.046875 0.16018518518518518
2 0.10989583333333333 0.5745370370370371 0.04479166666666667 0.13240740740740742
2 0.48203124999999997 0.7101851851851853 0.10677083333333333 0.24444444444444446
2 0.0953125 0.6439814814814815 0.059375 0.19722222222222224
2 0.20078125 0.8287037037037037 0.1140625 0.34074074074074073