0 0.12109375 0.5875 0.021354166666666667 0.04166666666666667
0 0.2755208333333333 0.6162037037037037 0.021875 0.05092592592592593
0 0.4783854166666667 0.6916666666666667 0.03177083333333333 0.06296296296296297
0 0.47630208333333335 0.6611111111111111 0.027604166666666666 0.02592592592592593
0 0.19479166666666667 0.6856481481481482 0.03229166666666666 0.06018518518518519
0 0.05026041666666667 0.5115740740740741 0.0140625 0.015740740740740743
1 0.63671875 0.5643518518518519 0.011979166666666666 0.021296296296296296
2 0.04973958333333333 0.5620370370370371 0.034895833333333334 0.11666666666666667
2 0.12057291666666667 0.6810185185185186 0.0671875 0.2212962962962963
2 0.2778645833333333 0.7300925925925926 0.07760416666666667 0.27870370370370373
2 0.48984374999999997 0.8226851851851852 0.14427083333333332 0.3527777777777778
2 0.1984375 0.8240740740740741 0.109375 0.35000000000000003