0 0.12890625 0.6699074074074074 0.03802083333333333 0.06944444444444445
0 0.5161458333333333 0.5750000000000001 0.017708333333333333 0.03518518518518519
1 0.34661458333333334 0.5467592592592593 0.01614583333333333 0.02314814814814815
0 0.7924479166666667 0.6375000000000001 0.033854166666666664 0.04166666666666667
1 0.9138020833333333 0.5583333333333333 0.011979166666666666 0.020370370370370372
0 0.9651041666666667 0.7027777777777778 0.034375 0.06481481481481481
2 0.5119791666666667 0.6638888888888889 0.07916666666666666 0.20740740740740743
2 0.7815104166666667 0.737037037037037 0.12135416666666667 0.2537037037037037
2 0.91875 0.8212962962962963 0.16145833333333334 0.3277777777777778
2 0.9125 0.6055555555555556 0.035416666666666666 0.12222222222222223
2 0.13932291666666666 0.8069444444444445 0.0859375 0.3453703703703704