0 0.225 0.7657407407407407 0.040625 0.08148148148148149
0 0.18359375 0.7587962962962963 0.04010416666666666 0.07685185185185185
0 0.3854166666666667 0.5912037037037037 0.022916666666666665 0.04537037037037037
1 0.45390625 0.5949074074074074 0.0171875 0.026851851851851852
0 0.44166666666666665 0.5884259259259259 0.01875 0.04351851851851852
0 0.13515625 0.5337962962962963 0.013020833333333334 0.02314814814814815
0 0.15416666666666667 0.524537037037037 0.014583333333333334 0.02314814814814815
1 0.33958333333333335 0.5347222222222222 0.014583333333333334 0.021296296296296296
2 0.15 0.5787037037037037 0.042708333333333334 0.12407407407407407
2 0.13229166666666667 0.5893518518518519 0.041666666666666664 0.13425925925925927
2 0.44088541666666664 0.6689814814814815 0.0859375 0.19722222222222224
2 0.3848958333333333 0.6268518518518519 0.08958333333333333 0.15
2 0.39296875 0.6916666666666667 0.10781249999999999 0.23333333333333334
2 0.21562499999999998 0.8583333333333334 0.13229166666666667 0.2814814814814815