0 0.061197916666666664 0.5101851851851852 0.013020833333333334 0.020370370370370372
0 0.225 0.7671296296296296 0.041666666666666664 0.08981481481481482
0 0.18671875 0.7555555555555555 0.034895833333333334 0.07037037037037037
1 0.18958333333333333 0.5777777777777778 0.0125 0.03518518518518519
1 0.17734375 0.5740740740740741 0.011979166666666666 0.02777777777777778
0 0.13255208333333332 0.5328703703703704 0.0140625 0.026851851851851852
1 0.14270833333333333 0.5324074074074074 0.010416666666666666 0.02592592592592593
0 0.9768229166666667 0.6944444444444444 0.030729166666666665 0.06481481481481481
2 0.057291666666666664 0.5541666666666667 0.03333333333333333 0.10833333333333334
2 0.13411458333333334 0.5898148148148148 0.04739583333333333 0.1388888888888889
2 0.22161458333333334 0.5912037037037037 0.057812499999999996 0.13240740740740742
2 0.19140625 0.6513888888888889 0.07239583333333333 0.20462962962962963
2 0.21640625 0.8587962962962963 0.12343749999999999 0.28055555555555556