0 0.17421875 0.611574074074074 0.0296875 0.04722222222222222
0 0.37395833333333334 0.563425925925926 0.013541666666666667 0.026851851851851852
0 0.39010416666666664 0.5662037037037038 0.011458333333333333 0.019444444444444445
0 0.7989583333333333 0.6143518518518519 0.020833333333333332 0.03981481481481482
1 0.6234375 0.7527777777777778 0.034375 0.0925925925925926
1 0.58515625 0.7541666666666667 0.027604166666666666 0.075
1 0.546875 0.6800925925925926 0.027083333333333334 0.06574074074074074
1 0.509375 0.6657407407407407 0.027083333333333334 0.06296296296296297
2 0.7989583333333333 0.7092592592592593 0.09270833333333334 0.22962962962962963
2 0.371875 0.6333333333333333 0.058333333333333334 0.16481481481481483
2 0.5515625 0.8125 0.13854166666666667 0.33796296296296297
2 0.6231770833333333 0.8564814814814815 0.17864583333333334 0.2851851851851852
2 0.16953125 0.7189814814814816 0.0765625 0.26203703703703707