0 0.08880208333333334 0.5921296296296297 0.025520833333333333 0.04351851851851852
1 0.06510416666666667 0.5805555555555556 0.019791666666666666 0.03333333333333333
1 0.19427083333333334 0.5731481481481482 0.015625 0.02592592592592593
1 0.17942708333333332 0.5652777777777778 0.011979166666666666 0.026851851851851852
0 0.15286458333333333 0.525 0.015104166666666667 0.022222222222222223
0 0.5171875 0.5574074074074075 0.016666666666666666 0.02777777777777778
1 0.6833333333333333 0.5648148148148149 0.011458333333333333 0.020370370370370372
2 0.5049479166666666 0.6231481481481481 0.0953125 0.15925925925925927
2 0.15182291666666667 0.5814814814814815 0.059895833333333336 0.13518518518518519
2 0.19713541666666667 0.6527777777777778 0.0734375 0.21296296296296297
2 0.08645833333333333 0.6856481481481482 0.084375 0.25462962962962965