1 0.7677083333333333 0.6986111111111112 0.035416666666666666 0.06574074074074074
1 0.80703125 0.7305555555555556 0.0328125 0.06666666666666667
0 0.3333333333333333 0.6583333333333333 0.030208333333333334 0.061111111111111116
1 0.2877604166666667 0.637962962962963 0.0265625 0.061111111111111116
0 0.41692708333333334 0.5699074074074074 0.015104166666666667 0.036111111111111115
0 0.4015625 0.563425925925926 0.009375 0.028703703703703703
0 0.3296875 0.5425925925925926 0.015625 0.02962962962962963
0 0.05286458333333333 0.5402777777777777 0.0140625 0.026851851851851852
1 0.6830729166666667 0.5625 0.008854166666666666 0.02314814814814815
2 0.334375 0.5916666666666667 0.053125 0.14444444444444446
2 0.3328125 0.6037037037037037 0.07708333333333334 0.15
2 0.8184895833333333 0.8342592592592593 0.19635416666666666 0.32962962962962966
2 0.32838541666666665 0.7916666666666667 0.1359375 0.362962962962963
2 0.39427083333333335 0.6439814814814815 0.075 0.19351851851851853
2 0.053385416666666664 0.6023148148148149 0.0453125 0.15833333333333333