0 0.62109375 0.7333333333333334 0.030729166666666665 0.06666666666666667
1 0.8078124999999999 0.6527777777777778 0.021875 0.0462962962962963
0 0.6518229166666667 0.5967592592592593 0.0203125 0.030555555555555558
0 0.5934895833333333 0.6023148148148149 0.018229166666666668 0.04166666666666667
0 0.6096354166666667 0.6101851851851852 0.01614583333333333 0.040740740740740744
1 0.4166666666666667 0.6490740740740741 0.020833333333333332 0.053703703703703705
1 0.39453125 0.6416666666666667 0.025520833333333333 0.04814814814814815
0 0.165625 0.6166666666666667 0.022916666666666665 0.05555555555555556
1 0.22421875 0.5509259259259259 0.009895833333333333 0.018518518518518517
1 0.030729166666666665 0.5157407407407407 0.011458333333333333 0.018518518518518517
2 0.02786458333333333 0.5606481481481481 0.0359375 0.11203703703703705
2 0.21744791666666666 0.612037037037037 0.04739583333333333 0.1462962962962963
2 0.6072916666666667 0.6902777777777778 0.13020833333333334 0.20833333333333334
2 0.65390625 0.6805555555555556 0.0546875 0.1962962962962963
2 0.16145833333333334 0.7287037037037037 0.078125 0.26851851851851855
2 0.42161458333333335 0.775462962962963 0.11614583333333334 0.325
2 0.64453125 0.8486111111111111 0.16510416666666666 0.30092592592592593
2 0.7916666666666666 0.7819444444444444 0.171875 0.2935185185185185