1 0.4283854166666667 0.5851851851851853 0.01614583333333333 0.02777777777777778
1 0.6138020833333333 0.6291666666666667 0.019270833333333334 0.04351851851851852
1 0.58046875 0.6305555555555555 0.0234375 0.0462962962962963
0 0.7104166666666667 0.6046296296296296 0.01875 0.03333333333333333
0 0.653125 0.600925925925926 0.016666666666666666 0.03518518518518519
0 0.696875 0.8115740740740741 0.05 0.09166666666666667
2 0.09322916666666667 0.5777777777777778 0.03854166666666667 0.12222222222222223
2 0.7078125 0.688425925925926 0.09166666666666666 0.19166666666666668
2 0.65390625 0.6805555555555556 0.0546875 0.1962962962962963
2 0.6955729166666667 0.8814814814814815 0.17760416666666667 0.2351851851851852
2 0.42890625 0.6759259259259259 0.058854166666666666 0.20370370370370372
2 0.5736979166666667 0.7398148148148148 0.11614583333333334 0.27037037037037037