0 0.5221354166666666 0.6069444444444445 0.019270833333333334 0.036111111111111115
0 0.5067708333333333 0.6032407407407407 0.015625 0.036111111111111115
0 0.6583333333333333 0.5972222222222222 0.020833333333333332 0.040740740740740744
0 0.8059895833333334 0.6037037037037037 0.01614583333333333 0.02962962962962963
1 0.86953125 0.5648148148148149 0.013020833333333334 0.02777777777777778
1 0.1734375 0.5351851851851852 0.011458333333333333 0.024074074074074074
2 0.80703125 0.6824074074074075 0.0640625 0.1814814814814815
2 0.65390625 0.6805555555555556 0.0546875 0.1962962962962963
2 0.16979166666666667 0.5944444444444444 0.05 0.1425925925925926
2 0.3221354166666667 0.650462962962963 0.0671875 0.19166666666666668
2 0.503125 0.6953703703703704 0.08645833333333333 0.22037037037037038
2 0.8684895833333334 0.6185185185185186 0.049479166666666664 0.13518518518518519