0 0.3768229166666667 0.6282407407407408 0.028645833333333332 0.058333333333333334
1 0.39036458333333335 0.6833333333333333 0.0234375 0.03888888888888889
0 0.7283854166666667 0.6018518518518519 0.0171875 0.040740740740740744
0 0.7119791666666666 0.6050925925925926 0.017708333333333333 0.04351851851851852
0 0.7408854166666666 0.5592592592592592 0.015104166666666667 0.031481481481481485
0 0.9859375 0.6078703703703704 0.0125 0.032407407407407406
0 0.30442708333333335 0.5481481481481482 0.0203125 0.02962962962962963
0 0.1703125 0.5949074074074074 0.026041666666666668 0.04351851851851852
1 0.17395833333333333 0.6287037037037038 0.019791666666666666 0.031481481481481485
0 0.071875 0.5023148148148149 0.009375 0.012037037037037037
2 0.06875 0.55 0.03125 0.10740740740740741
2 0.30442708333333335 0.6245370370370371 0.057812499999999996 0.18425925925925926
2 0.7091145833333333 0.6995370370370371 0.1046875 0.23055555555555557
2 0.38307291666666665 0.7652777777777778 0.1015625 0.3287037037037037
2 0.17630208333333333 0.6939814814814815 0.06927083333333334 0.24166666666666667
2 0.73515625 0.6291666666666667 0.0640625 0.1675925925925926