0 0.4653645833333333 0.649537037037037 0.028645833333333332 0.058333333333333334
0 0.5015625 0.6606481481481482 0.03333333333333333 0.06018518518518519
0 0.3033854166666667 0.6208333333333333 0.022395833333333334 0.05277777777777778
0 0.6247395833333333 0.6273148148148149 0.0234375 0.04537037037037037
0 0.8598958333333333 0.7055555555555556 0.040625 0.07962962962962963
0 0.8247395833333333 0.563425925925926 0.011979166666666666 0.017592592592592594
2 0.88046875 0.837037037037037 0.20572916666666666 0.32407407407407407
2 0.6109375 0.7361111111111112 0.09895833333333333 0.2574074074074074
2 0.5010416666666666 0.8120370370370371 0.13958333333333334 0.3740740740740741
2 0.3143229166666667 0.7421296296296297 0.0921875 0.28240740740740744
2 0.8273437499999999 0.6180555555555556 0.0359375 0.13425925925925927