0 0.05260416666666667 0.5597222222222222 0.017708333333333333 0.036111111111111115
1 0.13619791666666667 0.525462962962963 0.011979166666666666 0.01388888888888889
0 0.11536458333333333 0.701388888888889 0.043229166666666666 0.06759259259259259
0 0.15546875 0.7402777777777778 0.04114583333333333 0.0638888888888889
0 0.8424479166666666 0.6143518518518519 0.013020833333333334 0.028703703703703703
0 0.85546875 0.6125 0.0140625 0.030555555555555558
2 0.14114583333333333 0.575462962962963 0.040625 0.1175925925925926
2 0.24869791666666666 0.6069444444444445 0.0546875 0.14907407407407408
2 0.8403645833333333 0.6967592592592593 0.058854166666666666 0.1953703703703704
2 0.05078125 0.6347222222222223 0.057812499999999996 0.18055555555555555
2 0.15442708333333333 0.8375 0.1390625 0.3231481481481482