0 0.53125 0.5949074074074074 0.015625 0.032407407407407406
1 0.7927083333333333 0.6541666666666667 0.026041666666666668 0.05277777777777778
0 0.76328125 0.6675925925925926 0.024479166666666666 0.040740740740740744
1 0.4080729166666667 0.5699074074074074 0.0203125 0.02314814814814815
1 0.3859375 0.5717592592592593 0.020833333333333332 0.026851851851851852
0 0.06328125 0.5157407407407407 0.0067708333333333336 0.014814814814814815
0 0.07083333333333333 0.5180555555555556 0.008333333333333333 0.019444444444444445
0 0.12057291666666667 0.7208333333333333 0.0359375 0.058333333333333334
2 0.3755208333333333 0.6314814814814815 0.08125 0.15
2 0.06458333333333333 0.5675925925925926 0.04479166666666667 0.12037037037037038
2 0.5265625 0.6925925925925926 0.08854166666666667 0.22222222222222224
2 0.7513020833333334 0.7726851851851853 0.1453125 0.2898148148148148