0 0.28463541666666664 0.6425925925925926 0.0296875 0.05
0 0.2609375 0.6162037037037037 0.021875 0.05277777777777778
1 0.53828125 0.6138888888888889 0.011979166666666666 0.02962962962962963
1 0.5520833333333334 0.6101851851851852 0.015625 0.044444444444444446
0 0.21901041666666665 0.5986111111111111 0.01614583333333333 0.04351851851851852
0 0.20338541666666665 0.5958333333333333 0.0265625 0.04537037037037037
1 0.6236979166666666 0.5699074074074074 0.0109375 0.025
2 0.5276041666666667 0.7032407407407407 0.09479166666666666 0.22685185185185186
2 0.26979166666666665 0.6222222222222222 0.06041666666666667 0.16296296296296298
2 0.28802083333333334 0.7643518518518518 0.10520833333333333 0.33055555555555555
2 0.23020833333333332 0.6953703703703704 0.09895833333333333 0.2388888888888889
2 0.25234375 0.5893518518518519 0.08072916666666667 0.13055555555555556