0 0.14322916666666666 0.5814814814814815 0.021875 0.037037037037037035
0 0.121875 0.5898148148148148 0.020833333333333332 0.02777777777777778
0 0.19609375 0.5337962962962963 0.011979166666666666 0.02314814814814815
0 0.23697916666666666 0.5351851851851852 0.013541666666666667 0.024074074074074074
1 0.018489583333333334 0.5375 0.0171875 0.019444444444444445
1 0.6192708333333333 0.5703703703703704 0.016666666666666666 0.02592592592592593
0 0.9721354166666667 0.5449074074074074 0.013020833333333334 0.017592592592592594
2 0.19140625 0.5962962962962963 0.049479166666666664 0.14444444444444446
2 0.22942708333333334 0.587962962962963 0.07447916666666667 0.13148148148148148
2 0.97421875 0.5884259259259259 0.03177083333333333 0.10833333333333334
2 0.14296875 0.6759259259259259 0.07239583333333333 0.22222222222222224
2 0.021875 0.6041666666666667 0.04479166666666667 0.16574074074074074