0 0.23984375 0.5347222222222222 0.015104166666666667 0.015740740740740743
0 0.09427083333333333 0.5152777777777778 0.010416666666666666 0.01388888888888889
1 0.4119791666666667 0.6231481481481481 0.020833333333333332 0.044444444444444446
0 0.7341145833333333 0.750925925925926 0.04635416666666667 0.07592592592592592
0 0.6869791666666667 0.7523148148148149 0.041666666666666664 0.075
0 0.81015625 0.6435185185185185 0.028645833333333332 0.05185185185185186
0 0.7783854166666666 0.638425925925926 0.027604166666666666 0.04351851851851852
0 0.90859375 0.5583333333333333 0.01614583333333333 0.02777777777777778
1 0.62109375 0.562962962962963 0.011979166666666666 0.020370370370370372
2 0.09296875 0.5648148148148149 0.0359375 0.11851851851851852
2 0.22734374999999998 0.587037037037037 0.0765625 0.13148148148148148
2 0.9059895833333333 0.6083333333333334 0.0390625 0.12962962962962962
2 0.7596354166666667 0.8546296296296296 0.20572916666666666 0.2888888888888889
2 0.421875 0.7361111111111112 0.10416666666666667 0.27592592592592596
2 0.7625 0.7537037037037038 0.134375 0.27592592592592596