0 0.2895833333333333 0.5666666666666667 0.013541666666666667 0.024074074074074074
0 0.31588541666666664 0.5587962962962963 0.013020833333333334 0.030555555555555558
0 0.3013020833333333 0.5574074074074075 0.01614583333333333 0.02592592592592593
0 0.234375 0.5365740740740741 0.0125 0.017592592592592594
0 0.03984375 0.5032407407407408 0.0078125 0.017592592592592594
0 0.8244791666666667 0.5708333333333333 0.011458333333333333 0.026851851851851852
1 0.61640625 0.5671296296296297 0.008854166666666666 0.017592592592592594
2 0.03723958333333333 0.5462962962962963 0.0296875 0.1
2 0.22526041666666666 0.5865740740740741 0.07552083333333333 0.13055555555555556
2 0.8252604166666666 0.6287037037037038 0.0453125 0.15185185185185185
2 0.9895833333333334 0.5847222222222223 0.019791666666666666 0.10277777777777779
2 0.2911458333333333 0.6268518518518519 0.071875 0.16666666666666669
2 0.2890625 0.6467592592592593 0.07083333333333333 0.18425925925925926