0 0.6716145833333333 0.49074074074074076 0.019270833333333334 0.03888888888888889
0 0.428125 0.4675925925925926 0.011458333333333333 0.02592592592592593
1 0.3572916666666667 0.45833333333333337 0.010416666666666666 0.016666666666666666
0 0.11692708333333333 0.45787037037037037 0.013020833333333334 0.021296296296296296
0 0.09739583333333333 0.44722222222222224 0.009375 0.016666666666666666
2 0.21302083333333333 0.48703703703703705 0.028125 0.08888888888888889
2 0.42421875 0.5222222222222223 0.04635416666666667 0.13148148148148148
2 0.6731770833333334 0.5712962962962963 0.07135416666666666 0.19444444444444445
2 0.09791666666666667 0.47500000000000003 0.017708333333333333 0.07222222222222223
2 0.11822916666666666 0.5101851851851852 0.035416666666666666 0.1277777777777778
2 0.35651041666666666 0.5180555555555556 0.04635416666666667 0.14537037037037037