0 0.8424479166666666 0.4986111111111111 0.021354166666666667 0.03981481481481482
0 0.6497395833333334 0.48564814814814816 0.018229166666666668 0.028703703703703703
0 0.6674479166666667 0.5041666666666667 0.015104166666666667 0.025
0 0.39453125 0.45972222222222225 0.0109375 0.015740740740740743
0 0.16380208333333332 0.4726851851851852 0.013020833333333334 0.02314814814814815
1 0.21796875 0.4476851851851852 0.0109375 0.015740740740740743
2 0.14609375 0.4708333333333333 0.022395833333333334 0.0712962962962963
2 0.27708333333333335 0.49768518518518523 0.03333333333333333 0.10462962962962963
2 0.39427083333333335 0.5175925925925926 0.040625 0.1277777777777778
2 0.6552083333333333 0.5689814814814815 0.084375 0.19351851851851853
2 0.8375 0.6027777777777777 0.10104166666666667 0.23333333333333334
2 0.15859375 0.4939814814814815 0.024479166666666666 0.09722222222222222
2 0.16510416666666666 0.5425925925925926 0.046875 0.17037037037037037
2 0.21640625 0.4861111111111111 0.0328125 0.10185185185185186