0 0.6901041666666666 0.4861111111111111 0.027083333333333334 0.04259259259259259
0 0.6723958333333333 0.49583333333333335 0.020833333333333332 0.04537037037037037
0 0.25494791666666666 0.5027777777777778 0.0203125 0.03888888888888889
0 0.24244791666666665 0.4689814814814815 0.011979166666666666 0.021296296296296296
1 0.14427083333333332 0.43842592592592594 0.00625 0.012037037037037037
0 0.6427083333333333 0.4810185185185185 0.013541666666666667 0.017592592592592594
0 0.18854166666666666 0.4444444444444445 0.00625 0.011111111111111112
0 0.4114583333333333 0.4740740740740741 0.010416666666666666 0.020370370370370372
0 0.39921875 0.4666666666666667 0.013020833333333334 0.020370370370370372
2 0.10182291666666667 0.45833333333333337 0.018229166666666668 0.05740740740740741
2 0.18932291666666667 0.47824074074074074 0.024479166666666666 0.08240740740740742
2 0.23958333333333334 0.4912037037037037 0.027083333333333334 0.09722222222222222
2 0.40390624999999997 0.5208333333333334 0.0546875 0.13611111111111113
2 0.5169270833333334 0.5398148148148149 0.0640625 0.16111111111111112
2 0.6372395833333333 0.5601851851851852 0.0796875 0.17592592592592593
2 0.5002604166666667 0.5481481481481482 0.06822916666666666 0.18703703703703706
2 0.6765625 0.5856481481481481 0.09375 0.24351851851851852
2 0.24557291666666667 0.5240740740740741 0.0421875 0.13518518518518519
2 0.2544270833333333 0.6074074074074074 0.06927083333333334 0.2574074074074074
2 0.14322916666666666 0.46990740740740744 0.022916666666666665 0.0712962962962963