0 0.4434895833333333 0.5643518518518519 0.03177083333333333 0.075
1 0.6302083333333334 0.4847222222222222 0.013541666666666667 0.025
1 0.61875 0.4800925925925926 0.013541666666666667 0.028703703703703703
1 0.5825520833333333 0.4865740740740741 0.0171875 0.03425925925925926
1 0.5598958333333334 0.4865740740740741 0.017708333333333333 0.030555555555555558
0 0.5018229166666667 0.4703703703703704 0.009895833333333333 0.024074074074074074
0 0.37005208333333334 0.48935185185185187 0.013020833333333334 0.030555555555555558
0 0.3807291666666667 0.45833333333333337 0.015625 0.02592592592592593
0 0.32734375 0.4532407407407408 0.009895833333333333 0.017592592592592594
1 0.35390625 0.4652777777777778 0.009895833333333333 0.015740740740740743
0 0.2677083333333333 0.4481481481481482 0.010416666666666666 0.018518518518518517
0 0.25677083333333334 0.45046296296296295 0.009375 0.019444444444444445
0 0.17239583333333333 0.4412037037037037 0.007291666666666667 0.012037037037037037
0 0.13515625 0.4412037037037037 0.005729166666666666 0.010185185185185186
2 0.13489583333333333 0.4666666666666667 0.01875 0.06481481481481481
2 0.17291666666666666 0.47500000000000003 0.020833333333333332 0.07592592592592592
2 0.26119791666666664 0.4935185185185185 0.0359375 0.10185185185185186
2 0.32526041666666666 0.5037037037037038 0.03177083333333333 0.11111111111111112
2 0.3536458333333333 0.5143518518518518 0.046875 0.1212962962962963
2 0.26276041666666666 0.500462962962963 0.03697916666666667 0.1175925925925926
2 0.371875 0.5212962962962964 0.052083333333333336 0.1537037037037037
2 0.49166666666666664 0.5347222222222222 0.052083333333333336 0.15092592592592594
2 0.6205729166666667 0.5578703703703703 0.07447916666666667 0.19351851851851853
2 0.3723958333333333 0.5648148148148149 0.053125 0.1851851851851852
2 0.5565104166666667 0.5717592592592593 0.07552083333333333 0.19722222222222224
2 0.4513020833333333 0.7592592592592593 0.1171875 0.46851851851851856