1 0.9692708333333333 0.5430555555555556 0.025 0.07314814814814816
1 0.9171874999999999 0.5074074074074074 0.017708333333333333 0.040740740740740744
1 0.9046875 0.5212962962962964 0.016666666666666666 0.037037037037037035
1 0.20625 0.44537037037037036 0.007291666666666667 0.012962962962962964
1 0.15390625 0.4412037037037037 0.0046875 0.012037037037037037
0 0.10911458333333333 0.43703703703703706 0.008854166666666666 0.012962962962962964
1 0.14244791666666667 0.44351851851851853 0.0067708333333333336 0.014814814814814815
2 0.1375 0.47500000000000003 0.025 0.08333333333333334
2 0.20651041666666667 0.4810185185185185 0.025520833333333333 0.09537037037037037
2 0.9072916666666666 0.5986111111111111 0.11354166666666667 0.22685185185185186
2 0.9263020833333333 0.7143518518518519 0.14635416666666667 0.41203703703703703