0 0.4203125 0.5217592592592593 0.027083333333333334 0.05462962962962963
0 0.47578125 0.49953703703703706 0.0171875 0.036111111111111115
0 0.4630208333333333 0.4902777777777778 0.015625 0.026851851851851852
0 0.6736979166666667 0.5092592592592593 0.019270833333333334 0.03518518518518519
0 0.6588541666666666 0.5046296296296297 0.015625 0.03333333333333333
0 0.024479166666666666 0.44537037037037036 0.010416666666666666 0.014814814814814815
0 0.07552083333333333 0.45231481481481484 0.007291666666666667 0.015740740740740743
2 0.42942708333333335 0.638425925925926 0.1015625 0.28611111111111115
2 0.9653645833333333 0.5981481481481482 0.06822916666666666 0.21666666666666667
2 0.46588541666666666 0.5861111111111111 0.06614583333333333 0.21851851851851853
2 0.6520833333333333 0.5875 0.09479166666666666 0.2064814814814815