0 0.5796875 0.34074074074074073 0.026041666666666668 0.04259259259259259
0 0.5541666666666667 0.3476851851851852 0.01875 0.036111111111111115
0 0.9583333333333334 0.4615740740740741 0.058333333333333334 0.09722222222222222
1 0.9229166666666666 0.3851851851851852 0.030208333333333334 0.044444444444444446
1 0.9075520833333334 0.3875 0.018229166666666668 0.04722222222222222
0 0.7916666666666666 0.3648148148148148 0.03333333333333333 0.044444444444444446
0 0.4947916666666667 0.3037037037037037 0.019791666666666666 0.03888888888888889
0 0.47682291666666665 0.30833333333333335 0.0171875 0.031481481481481485
0 0.25807291666666665 0.27361111111111114 0.018229166666666668 0.036111111111111115
0 0.1953125 0.25787037037037036 0.013541666666666667 0.021296296296296296
0 0.18489583333333334 0.2569444444444445 0.008333333333333333 0.015740740740740743
2 0.9096354166666667 0.674537037037037 0.1796875 0.5194444444444445
2 0.18776041666666665 0.31527777777777777 0.0453125 0.14166666666666666
2 0.25234375 0.3458333333333333 0.0609375 0.18055555555555555
2 0.55078125 0.44583333333333336 0.10677083333333333 0.25277777777777777
2 0.471875 0.3861111111111111 0.07604166666666666 0.19444444444444445
2 0.7807291666666667 0.48194444444444445 0.125 0.27314814814814814
2 0.8966145833333333 0.4930555555555556 0.14739583333333334 0.2601851851851852