0 0.9052083333333333 0.4476851851851852 0.035416666666666666 0.05648148148148149
0 0.7903645833333334 0.41250000000000003 0.018229166666666668 0.032407407407407406
0 0.7653645833333333 0.4152777777777778 0.022395833333333334 0.03981481481481482
0 0.5502604166666667 0.38333333333333336 0.015104166666666667 0.022222222222222223
0 0.44036458333333334 0.3615740740740741 0.01614583333333333 0.02314814814814815
0 0.31276041666666665 0.34861111111111115 0.021354166666666667 0.026851851851851852
0 0.178125 0.34814814814814815 0.0125 0.03333333333333333
2 0.16640625 0.362962962962963 0.0265625 0.0925925925925926
2 0.18125 0.4217592592592593 0.04583333333333333 0.17500000000000002
2 0.3106770833333333 0.4189814814814815 0.050520833333333334 0.16203703703703703
2 0.43697916666666664 0.425 0.04895833333333333 0.1462962962962963
2 0.5471354166666667 0.45231481481481484 0.06302083333333333 0.17314814814814816
2 0.7583333333333333 0.5060185185185185 0.109375 0.22685185185185186
2 0.8958333333333334 0.600925925925926 0.19583333333333333 0.3703703703703704