0 0.31328125 0.41203703703703703 0.0296875 0.05555555555555556
0 0.38645833333333335 0.36712962962962964 0.0125 0.019444444444444445
0 0.36484375 0.35694444444444445 0.013020833333333334 0.02314814814814815
0 0.26067708333333334 0.33472222222222225 0.009895833333333333 0.01388888888888889
0 0.15104166666666666 0.32731481481481484 0.011458333333333333 0.01388888888888889
0 0.3028645833333333 0.3462962962962963 0.0109375 0.018518518518518517
0 0.04869791666666667 0.32037037037037036 0.008854166666666666 0.014814814814814815
0 0.10755208333333333 0.3194444444444445 0.0067708333333333336 0.012962962962962964
2 0.3190104166666667 0.5347222222222222 0.0796875 0.3101851851851852
2 0.15234375 0.36944444444444446 0.028645833333333332 0.10185185185185186
2 0.26067708333333334 0.3819444444444445 0.0328125 0.10648148148148148
2 0.3026041666666667 0.39212962962962966 0.035416666666666666 0.11574074074074074
2 0.36744791666666665 0.4138888888888889 0.049479166666666664 0.1425925925925926
2 0.38776041666666666 0.43703703703703706 0.0640625 0.18333333333333335