0 0.7283854166666667 0.5421296296296296 0.033854166666666664 0.0712962962962963
0 0.6799479166666667 0.5064814814814815 0.0265625 0.05
0 0.52265625 0.49212962962962964 0.01614583333333333 0.025
0 0.5682291666666667 0.4967592592592593 0.022916666666666665 0.030555555555555558
0 0.3809895833333333 0.47361111111111115 0.015104166666666667 0.026851851851851852
0 0.29583333333333334 0.46435185185185185 0.013541666666666667 0.028703703703703703
0 0.28515625 0.4689814814814815 0.008854166666666666 0.019444444444444445
0 0.2739583333333333 0.46851851851851856 0.009375 0.016666666666666666
0 0.1734375 0.4569444444444445 0.0125 0.017592592592592594
2 0.17447916666666666 0.5083333333333333 0.034375 0.12222222222222223
2 0.37838541666666664 0.5319444444444444 0.03697916666666667 0.1398148148148148
2 0.2864583333333333 0.5351851851851852 0.053125 0.16296296296296298
2 0.27369791666666665 0.5273148148148148 0.0453125 0.1398148148148148
2 0.52265625 0.5800925925925926 0.07239583333333333 0.20833333333333334
2 0.5651041666666666 0.5689814814814815 0.08125 0.18611111111111112
2 0.6716145833333333 0.6342592592592593 0.10989583333333333 0.3037037037037037
2 0.7184895833333333 0.7143518518518519 0.1515625 0.4138888888888889