0 0.3515625 0.46944444444444444 0.015625 0.024074074074074074
0 0.31145833333333334 0.4638888888888889 0.008333333333333333 0.018518518518518517
0 0.2643229166666667 0.46805555555555556 0.011979166666666666 0.025
0 0.24973958333333332 0.4638888888888889 0.0109375 0.022222222222222223
0 0.15755208333333334 0.45046296296296295 0.013020833333333334 0.015740740740740743
0 0.09375 0.44907407407407407 0.008333333333333333 0.014814814814814815
0 0.6979166666666666 0.5217592592592593 0.020833333333333332 0.03981481481481482
0 0.6841145833333333 0.5092592592592593 0.018229166666666668 0.04259259259259259
2 0.31145833333333334 0.5115740740740741 0.027083333333333334 0.11388888888888889
2 0.15052083333333333 0.5 0.036458333333333336 0.11481481481481481
2 0.09322916666666667 0.4902777777777778 0.029166666666666667 0.09722222222222222
2 0.27734375 0.5231481481481481 0.04010416666666666 0.1425925925925926
2 0.24609375 0.5115740740740741 0.03802083333333333 0.11944444444444445
2 0.35 0.5449074074074074 0.053125 0.18425925925925926
2 0.26015625 0.5449074074074074 0.0484375 0.18611111111111112
2 0.6770833333333334 0.5972222222222222 0.08229166666666667 0.2111111111111111