0 0.9135416666666667 0.5513888888888889 0.034375 0.07314814814814816
0 0.8796875 0.5444444444444445 0.035416666666666666 0.05925925925925926
0 0.7591145833333334 0.5125000000000001 0.0234375 0.03981481481481482
0 0.5041666666666667 0.48750000000000004 0.015625 0.028703703703703703
0 0.19869791666666667 0.4652777777777778 0.0109375 0.026851851851851852
0 0.15182291666666667 0.45416666666666666 0.011979166666666666 0.02314814814814815
0 0.14401041666666667 0.45416666666666666 0.0067708333333333336 0.012037037037037037
2 0.146875 0.4935185185185185 0.03125 0.09814814814814815
2 0.19505208333333332 0.5162037037037037 0.0390625 0.13240740740740742
2 0.5052083333333334 0.5601851851851852 0.0625 0.17407407407407408
2 0.7588541666666666 0.6277777777777778 0.11979166666666667 0.26296296296296295
2 0.8755208333333333 0.7046296296296296 0.165625 0.37222222222222223