0 0.7052083333333333 0.5050925925925926 0.028125 0.04722222222222222
0 0.7229166666666667 0.5087962962962963 0.013541666666666667 0.028703703703703703
0 0.6380208333333334 0.5027777777777778 0.010416666666666666 0.018518518518518517
0 0.6174479166666667 0.5 0.019270833333333334 0.031481481481481485
0 0.6385416666666667 0.48750000000000004 0.011458333333333333 0.019444444444444445
0 0.43463541666666666 0.48842592592592593 0.01614583333333333 0.032407407407407406
0 0.42135416666666664 0.487962962962963 0.0125 0.031481481481481485
1 0.6296875 0.5222222222222223 0.009375 0.02592592592592593
0 0.29244791666666664 0.4675925925925926 0.015104166666666667 0.02592592592592593
0 0.10208333333333333 0.45 0.009375 0.018518518518518517
2 0.10052083333333334 0.48888888888888893 0.030208333333333334 0.1
2 0.2911458333333333 0.5180555555555556 0.03958333333333333 0.125
2 0.42578125 0.5717592592592593 0.0609375 0.19907407407407407
2 0.61640625 0.5736111111111112 0.08072916666666667 0.19166666666666668
2 0.67265625 0.6226851851851852 0.11927083333333333 0.27870370370370373
2 0.7065104166666667 0.6111111111111112 0.1015625 0.24629629629629632