0 0.44869791666666664 0.4777777777777778 0.01614583333333333 0.024074074074074074
0 0.3419270833333333 0.4726851851851852 0.015104166666666667 0.030555555555555558
0 0.38046875 0.4740740740740741 0.0109375 0.016666666666666666
0 0.3692708333333333 0.47500000000000003 0.013541666666666667 0.016666666666666666
1 0.37395833333333334 0.49259259259259264 0.008333333333333333 0.014814814814814815
0 0.16979166666666667 0.45231481481481484 0.007291666666666667 0.015740740740740743
1 0.24166666666666667 0.46990740740740744 0.0125 0.021296296296296296
2 0.16770833333333332 0.49444444444444446 0.027083333333333334 0.09814814814814815
2 0.2359375 0.5222222222222223 0.042708333333333334 0.13703703703703704
2 0.3723958333333333 0.5296296296296297 0.04583333333333333 0.1425925925925926
2 0.33359375 0.5407407407407407 0.0515625 0.17037037037037037
2 0.44869791666666664 0.5509259259259259 0.05677083333333333 0.1685185185185185