0 0.51484375 0.49212962962962964 0.025520833333333333 0.05092592592592593
0 0.8117187499999999 0.5162037037037037 0.0234375 0.04166666666666667
0 0.759375 0.5046296296296297 0.017708333333333333 0.02962962962962963
0 0.7953125 0.5143518518518518 0.014583333333333334 0.04351851851851852
1 0.9536458333333333 0.5217592592592593 0.028125 0.05092592592592593
0 0.2875 0.4620370370370371 0.011458333333333333 0.018518518518518517
0 0.23697916666666666 0.45787037037037037 0.008333333333333333 0.015740740740740743
0 0.228125 0.4601851851851852 0.008333333333333333 0.012962962962962964
0 0.19010416666666666 0.45462962962962966 0.0125 0.024074074074074074
2 0.23020833333333332 0.5032407407407408 0.034375 0.11203703703703705
2 0.18619791666666666 0.5060185185185185 0.03697916666666667 0.12314814814814816
2 0.2877604166666667 0.5148148148148148 0.04114583333333333 0.12592592592592594
2 0.5140625 0.6083333333333334 0.09375 0.2777777777777778
2 0.7526041666666666 0.5962962962962963 0.08958333333333333 0.21296296296296297
2 0.8 0.6226851851851852 0.12395833333333334 0.2601851851851852
2 0.9322916666666666 0.6773148148148148 0.134375 0.3527777777777778