0 0.30104166666666665 0.3560185185185185 0.0125 0.017592592592592594
0 0.39765625 0.36203703703703705 0.0171875 0.024074074074074074
0 0.54453125 0.375462962962963 0.01614583333333333 0.030555555555555558
0 0.6502604166666667 0.4041666666666667 0.022395833333333334 0.04537037037037037
0 0.6755208333333333 0.40185185185185185 0.017708333333333333 0.03518518518518519
0 0.85234375 0.41805555555555557 0.0234375 0.03425925925925926
1 0.8937499999999999 0.4550925925925926 0.03229166666666666 0.04537037037037037
0 0.6955729166666667 0.40972222222222227 0.015104166666666667 0.03425925925925926
2 0.2109375 0.3837962962962963 0.03333333333333333 0.10462962962962963
2 0.29270833333333335 0.4078703703703704 0.034375 0.12314814814814816
2 0.5432291666666667 0.45833333333333337 0.06354166666666666 0.1962962962962963
2 0.6666666666666666 0.4953703703703704 0.08854166666666667 0.21851851851851853
2 0.39609375 0.44074074074074077 0.05364583333333333 0.1851851851851852
2 0.6442708333333333 0.5212962962962964 0.09791666666666667 0.2777777777777778
2 0.8330729166666666 0.5083333333333333 0.0953125 0.22222222222222224
2 0.8739583333333333 0.5652777777777778 0.146875 0.2990740740740741
2 0.7096354166666666 0.48240740740740745 0.09947916666666666 0.17777777777777778