1 0.7161458333333334 0.40231481481481485 0.021875 0.05462962962962963
1 0.6861979166666666 0.41574074074074074 0.021354166666666667 0.044444444444444446
0 0.5739583333333333 0.3824074074074074 0.0125 0.02962962962962963
0 0.5018229166666667 0.3685185185185185 0.013020833333333334 0.024074074074074074
1 0.4552083333333333 0.3861111111111111 0.01875 0.031481481481481485
0 0.40963541666666664 0.3652777777777778 0.013020833333333334 0.026851851851851852
0 0.3494791666666667 0.3476851851851852 0.013541666666666667 0.019444444444444445
0 0.30963541666666666 0.35000000000000003 0.013020833333333334 0.020370370370370372
1 0.24088541666666666 0.3351851851851852 0.011979166666666666 0.016666666666666666
0 0.1515625 0.3300925925925926 0.011458333333333333 0.01388888888888889
2 0.12447916666666667 0.35833333333333334 0.022916666666666665 0.07962962962962963
2 0.14973958333333334 0.36712962962962964 0.024479166666666666 0.09166666666666667
2 0.34765625 0.4050925925925926 0.043229166666666666 0.13240740740740742
2 0.40729166666666666 0.42824074074074076 0.04479166666666667 0.14537037037037037
2 0.240625 0.3888888888888889 0.034375 0.11851851851851852
2 0.30442708333333335 0.4138888888888889 0.0421875 0.15925925925925927
2 0.5005208333333333 0.43842592592592594 0.05520833333333333 0.16203703703703703
2 0.56953125 0.46435185185185185 0.07135416666666666 0.19351851851851853
2 0.4518229166666667 0.4532407407407408 0.05260416666666667 0.17500000000000002
2 0.6794270833333333 0.5439814814814815 0.1296875 0.33055555555555555
2 0.7127604166666667 0.4828703703703704 0.1046875 0.17685185185185187