1 0.21015625 0.33055555555555555 0.009895833333333333 0.020370370370370372
0 0.23828125 0.33472222222222225 0.013020833333333334 0.017592592592592594
0 0.90625 0.43333333333333335 0.028125 0.053703703703703705
0 0.10442708333333334 0.31666666666666665 0.0078125 0.011111111111111112
1 0.1546875 0.33101851851851855 0.008333333333333333 0.015740740740740743
2 0.15859375 0.3541666666666667 0.022395833333333334 0.07685185185185185
2 0.1609375 0.36388888888888893 0.029166666666666667 0.08888888888888889
2 0.10390624999999999 0.35185185185185186 0.0203125 0.08148148148148149
2 0.23854166666666665 0.3726851851851852 0.02395833333333333 0.09537037037037037
2 0.19947916666666665 0.375 0.03125 0.10925925925925926
2 0.15703125 0.3675925925925926 0.0265625 0.09814814814814815
2 0.20078125 0.3907407407407408 0.03697916666666667 0.13703703703703704
2 0.8955729166666666 0.5657407407407408 0.1390625 0.31666666666666665
2 0.715625 0.48194444444444445 0.109375 0.17685185185185187