0 0.6140625 0.3893518518518519 0.017708333333333333 0.036111111111111115
0 0.5981770833333333 0.39814814814814814 0.0171875 0.03518518518518519
0 0.6364583333333333 0.3912037037037037 0.016666666666666666 0.03425925925925926
0 0.71171875 0.3907407407407408 0.0203125 0.022222222222222223
0 0.16380208333333332 0.3236111111111111 0.008854166666666666 0.012037037037037037
2 0.10703125 0.3453703703703704 0.019270833333333334 0.07407407407407407
2 0.09088541666666666 0.34675925925925927 0.022395833333333334 0.075
2 0.16458333333333333 0.3578703703703704 0.01875 0.08055555555555556
2 0.09166666666666666 0.3523148148148148 0.020833333333333332 0.08055555555555556
2 0.13177083333333334 0.36342592592592593 0.027083333333333334 0.10833333333333334
2 0.6263020833333334 0.49074074074074076 0.0921875 0.23148148148148148
2 0.5942708333333333 0.49722222222222223 0.09895833333333333 0.2518518518518519
2 0.71640625 0.47361111111111115 0.10781249999999999 0.18611111111111112