0 0.45260416666666664 0.5814814814814815 0.03229166666666666 0.06296296296296297
0 0.38958333333333334 0.5226851851851853 0.021875 0.05277777777777778
0 0.27708333333333335 0.45972222222222225 0.008333333333333333 0.019444444444444445
0 0.22213541666666667 0.4615740740740741 0.0109375 0.017592592592592594
0 0.3411458333333333 0.47731481481481486 0.011458333333333333 0.019444444444444445
0 0.09791666666666667 0.4467592592592593 0.008333333333333333 0.012037037037037037
2 0.39947916666666666 0.6462962962962964 0.09479166666666666 0.31851851851851853
2 0.21614583333333334 0.5078703703703704 0.036458333333333336 0.1175925925925926
2 0.2765625 0.5111111111111112 0.0375 0.12037037037037038
2 0.33697916666666666 0.5319444444444444 0.03958333333333333 0.13425925925925927
2 0.4361979166666667 0.7643518518518518 0.14010416666666667 0.4305555555555556