0 0.3763020833333333 0.5481481481481482 0.028645833333333332 0.05555555555555556
0 0.6299479166666666 0.5217592592592593 0.028645833333333332 0.04351851851851852
0 0.6778645833333333 0.5064814814814815 0.0203125 0.037037037037037035
0 0.6984375 0.5046296296296297 0.020833333333333332 0.040740740740740744
0 0.3091145833333333 0.4962962962962963 0.024479166666666666 0.044444444444444446
0 0.25807291666666665 0.46805555555555556 0.0171875 0.019444444444444445
0 0.23697916666666666 0.46990740740740744 0.0125 0.02314814814814815
1 0.12734375 0.48703703703703705 0.019270833333333334 0.02777777777777778
0 0.11119791666666666 0.45092592592592595 0.009895833333333333 0.016666666666666666
0 0.1 0.44212962962962965 0.007291666666666667 0.012037037037037037
2 0.23697916666666666 0.5217592592592593 0.0375 0.1287037037037037
2 0.2578125 0.549537037037037 0.052083333333333336 0.18981481481481483
2 0.3106770833333333 0.6060185185185185 0.06302083333333333 0.26203703703703707
2 0.12786458333333334 0.5740740740740741 0.0515625 0.2111111111111111
2 0.37109375 0.7023148148148148 0.09427083333333333 0.36944444444444446
2 0.6276041666666666 0.6370370370370371 0.10208333333333333 0.26851851851851855
2 0.684375 0.6 0.08645833333333333 0.23703703703703705