0 0.546875 0.5143518518518518 0.017708333333333333 0.04166666666666667
0 0.5669270833333333 0.5185185185185185 0.019270833333333334 0.037037037037037035
0 0.5627604166666667 0.48703703703703705 0.0203125 0.02962962962962963
0 0.39765625 0.4703703703703704 0.011979166666666666 0.022222222222222223
0 0.38776041666666666 0.475462962962963 0.0140625 0.026851851851851852
0 0.3497395833333333 0.48564814814814816 0.0171875 0.030555555555555558
0 0.27369791666666665 0.487962962962963 0.022395833333333334 0.02777777777777778
0 0.24192708333333332 0.46805555555555556 0.019270833333333334 0.028703703703703703
0 0.17083333333333334 0.4537037037037037 0.010416666666666666 0.018518518518518517
0 0.14947916666666666 0.45462962962962966 0.011458333333333333 0.012962962962962964
1 0.08697916666666666 0.4518518518518519 0.011458333333333333 0.018518518518518517
0 0.054947916666666666 0.4444444444444445 0.008854166666666666 0.012962962962962964
0 0.006510416666666667 0.44537037037037036 0.008854166666666666 0.016666666666666666
2 0.14921875 0.4953703703703704 0.03177083333333333 0.1
2 0.1734375 0.5074074074074074 0.0375 0.12592592592592594
2 0.24036458333333333 0.5319444444444444 0.03802083333333333 0.1564814814814815
2 0.09140625 0.49722222222222223 0.033854166666666664 0.10925925925925926
2 0.27057291666666666 0.576388888888889 0.06614583333333333 0.2101851851851852
2 0.35104166666666664 0.5550925925925926 0.051041666666666666 0.1712962962962963
2 0.3885416666666667 0.5347222222222222 0.051041666666666666 0.15462962962962964
2 0.5609375 0.5935185185185186 0.07604166666666666 0.2351851851851852
2 0.5450520833333333 0.6305555555555555 0.09427083333333333 0.2796296296296296