0 0.7411458333333333 0.44074074074074077 0.028125 0.03518518518518519
0 0.8611979166666667 0.45972222222222225 0.033854166666666664 0.049074074074074076
0 0.6408854166666667 0.41805555555555557 0.018229166666666668 0.03425925925925926
0 0.44609375 0.38981481481481484 0.0140625 0.022222222222222223
0 0.3890625 0.3925925925925926 0.022916666666666665 0.02592592592592593
1 0.346875 0.37824074074074077 0.015625 0.019444444444444445
0 0.24869791666666666 0.3662037037037037 0.015104166666666667 0.021296296296296296
1 0.0671875 0.375 0.016666666666666666 0.03518518518518519
2 0.24322916666666666 0.425462962962963 0.046875 0.14166666666666666
2 0.3424479166666667 0.44537037037037036 0.04114583333333333 0.16296296296296298
2 0.43723958333333335 0.45416666666666666 0.0484375 0.15462962962962964
2 0.38619791666666664 0.4712962962962963 0.0609375 0.1925925925925926
2 0.6359375 0.5097222222222222 0.090625 0.21574074074074076
2 0.7361979166666667 0.5847222222222223 0.14635416666666667 0.33055555555555555
2 0.8526041666666666 0.5652777777777778 0.11875 0.2564814814814815
2 0.06979166666666667 0.4439814814814815 0.04895833333333333 0.17500000000000002