1 0.22369791666666666 0.4569444444444445 0.034895833333333334 0.06018518518518519
0 0.5481770833333334 0.412962962962963 0.019270833333333334 0.02592592592592593
0 0.61171875 0.4240740740740741 0.0171875 0.02777777777777778
0 0.9018229166666667 0.46435185185185185 0.0234375 0.04351851851851852
0 0.9359375 0.48333333333333334 0.025 0.044444444444444446
0 0.40234375 0.37962962962962965 0.013020833333333334 0.03333333333333333
0 0.3536458333333333 0.3726851851851852 0.01875 0.025
0 0.2838541666666667 0.36203703703703705 0.011458333333333333 0.020370370370370372
0 0.18958333333333333 0.34953703703703703 0.0125 0.015740740740740743
0 0.032552083333333336 0.3425925925925926 0.011979166666666666 0.016666666666666666
2 0.12447916666666667 0.3851851851851852 0.035416666666666666 0.10555555555555556
2 0.20364583333333333 0.39490740740740743 0.027083333333333334 0.11018518518518519
2 0.28151041666666665 0.4101851851851852 0.03177083333333333 0.11666666666666667
2 0.18932291666666667 0.40231481481481485 0.03177083333333333 0.125
2 0.4015625 0.4430555555555556 0.053125 0.15462962962962964
2 0.3520833333333333 0.4532407407407408 0.057291666666666664 0.18611111111111112
2 0.5434895833333333 0.48379629629629634 0.06614583333333333 0.1787037037037037
2 0.60703125 0.5106481481481482 0.0796875 0.20277777777777778
2 0.8916666666666666 0.5773148148148148 0.13854166666666667 0.26944444444444443
2 0.036458333333333336 0.39490740740740743 0.0375 0.13611111111111113
2 0.23124999999999998 0.5935185185185186 0.09479166666666666 0.3425925925925926