0 0.40703125 0.38981481481481484 0.0203125 0.024074074074074074
0 0.3653645833333333 0.37592592592592594 0.0140625 0.022222222222222223
0 0.265625 0.3527777777777778 0.0125 0.022222222222222223
0 0.19192708333333333 0.34351851851851856 0.0140625 0.018518518518518517
0 0.12734375 0.3574074074074074 0.0140625 0.037037037037037035
0 0.10625 0.34861111111111115 0.009375 0.025
0 0.9825520833333333 0.4851851851851852 0.0234375 0.04814814814814815
2 0.2661458333333333 0.4050925925925926 0.0375 0.1212962962962963
2 0.19296875 0.39861111111111114 0.0359375 0.125
2 0.3611979166666667 0.43472222222222223 0.0453125 0.13796296296296298
2 0.40130208333333334 0.4486111111111111 0.0484375 0.14722222222222223
2 0.9427083333333334 0.5912037037037037 0.11354166666666667 0.2657407407407408
2 0.12682291666666667 0.42685185185185187 0.0453125 0.1685185185185185