0 0.6997395833333333 0.4486111111111111 0.0203125 0.04537037037037037
0 0.6822916666666666 0.42638888888888893 0.016666666666666666 0.032407407407407406
0 0.6640625 0.42685185185185187 0.020833333333333332 0.03888888888888889
0 0.5598958333333334 0.412962962962963 0.014583333333333334 0.02777777777777778
0 0.26848958333333334 0.39537037037037037 0.021354166666666667 0.044444444444444446
0 0.21119791666666665 0.3726851851851852 0.021354166666666667 0.03425925925925926
0 0.24765625 0.3527777777777778 0.0109375 0.014814814814814815
0 0.17682291666666666 0.33981481481481485 0.011979166666666666 0.020370370370370372
0 0.10208333333333333 0.32916666666666666 0.010416666666666666 0.01388888888888889
2 0.17552083333333332 0.38101851851851853 0.030208333333333334 0.09722222222222222
2 0.24947916666666667 0.40185185185185185 0.03229166666666666 0.11111111111111112
2 0.65859375 0.5157407407407407 0.09010416666666667 0.20370370370370372
2 0.5549479166666667 0.500925925925926 0.07447916666666667 0.20555555555555557
2 0.6908854166666667 0.549074074074074 0.10781249999999999 0.24814814814814815
2 0.2716145833333333 0.4986111111111111 0.0671875 0.24722222222222223
2 0.21458333333333332 0.4476851851851852 0.05520833333333333 0.18611111111111112
2 0.04010416666666666 0.3944444444444445 0.03854166666666667 0.13333333333333333