0 0.6544270833333333 0.5481481481481482 0.0203125 0.02962962962962963
0 0.4908854166666667 0.5287037037037037 0.0171875 0.03333333333333333
0 0.47578125 0.5203703703703704 0.01614583333333333 0.02592592592592593
0 0.32005208333333335 0.5087962962962963 0.01614583333333333 0.021296296296296296
0 0.4171875 0.5143518518518518 0.020833333333333332 0.030555555555555558
0 0.27708333333333335 0.5064814814814815 0.0125 0.020370370370370372
0 0.265625 0.5046296296296297 0.010416666666666666 0.016666666666666666
0 0.165625 0.4865740740740741 0.008333333333333333 0.010185185185185186
0 0.12552083333333333 0.5 0.014583333333333334 0.024074074074074074
2 0.16432291666666665 0.5282407407407408 0.0265625 0.11018518518518519
2 0.2671875 0.5592592592592592 0.042708333333333334 0.13518518518518519
2 0.31979166666666664 0.575462962962963 0.04583333333333333 0.15833333333333333
2 0.4153645833333333 0.5865740740740741 0.0546875 0.1712962962962963
2 0.4791666666666667 0.6087962962962963 0.071875 0.20833333333333334
2 0.6651041666666666 0.6337962962962963 0.09270833333333334 0.21574074074074076
2 0.6489583333333333 0.6532407407407408 0.10625 0.24722222222222223
2 0.12734375 0.5504629629629629 0.03802083333333333 0.13055555555555556