0 0.9544270833333334 0.5814814814814815 0.03802083333333333 0.05925925925925926
0 0.71171875 0.5583333333333333 0.024479166666666666 0.037037037037037035
0 0.6940104166666666 0.5601851851851852 0.0203125 0.040740740740740744
0 0.6229166666666667 0.5370370370370371 0.021875 0.02962962962962963
0 0.6080729166666666 0.5365740740740741 0.0171875 0.03425925925925926
0 0.39010416666666664 0.5152777777777778 0.0125 0.025
0 0.34088541666666666 0.513888888888889 0.0140625 0.031481481481481485
0 0.26796875 0.500462962962963 0.011979166666666666 0.021296296296296296
0 0.25390625 0.49953703703703706 0.008854166666666666 0.025
0 0.19375 0.512962962962963 0.017708333333333333 0.03333333333333333
0 0.16223958333333333 0.4912037037037037 0.011979166666666666 0.015740740740740743
2 0.15572916666666667 0.5310185185185186 0.03125 0.10277777777777779
2 0.19088541666666667 0.5412037037037037 0.03177083333333333 0.11388888888888889
2 0.2638020833333333 0.5578703703703703 0.04635416666666667 0.14351851851851852
2 0.3888020833333333 0.5773148148148148 0.05364583333333333 0.1527777777777778
2 0.34010416666666665 0.575925925925926 0.051041666666666666 0.1574074074074074
2 0.6067708333333334 0.6203703703703703 0.075 0.20370370370370372
2 0.6932291666666667 0.6587962962962963 0.10520833333333333 0.24166666666666667
2 0.9249999999999999 0.7277777777777779 0.14895833333333333 0.35185185185185186
2 0.19661458333333334 0.5865740740740741 0.049479166666666664 0.17500000000000002