0 0.34661458333333334 0.47500000000000003 0.0171875 0.020370370370370372
0 0.62265625 0.5069444444444444 0.021354166666666667 0.04537037037037037
0 0.5973958333333333 0.5023148148148149 0.02395833333333333 0.049074074074074076
0 0.76015625 0.5240740740740741 0.025520833333333333 0.040740740740740744
0 0.24557291666666667 0.46574074074074073 0.013020833333333334 0.020370370370370372
0 0.17421875 0.45416666666666666 0.0140625 0.019444444444444445
0 0.08567708333333333 0.4412037037037037 0.008854166666666666 0.015740740740740743
2 0.16901041666666666 0.5023148148148149 0.030729166666666665 0.1175925925925926
2 0.3450520833333333 0.5365740740740741 0.0484375 0.14537037037037037
2 0.2453125 0.5217592592592593 0.040625 0.13611111111111113
2 0.5921875 0.6212962962962963 0.1125 0.2833333333333333
2 0.75625 0.6300925925925926 0.11666666666666667 0.25277777777777777