0 0.82421875 0.525 0.03177083333333333 0.05740740740740741
1 0.7388020833333333 0.48750000000000004 0.0171875 0.032407407407407406
0 0.425 0.48240740740740745 0.020833333333333332 0.02962962962962963
0 0.30807291666666664 0.47175925925925927 0.0171875 0.02314814814814815
0 0.2994791666666667 0.46805555555555556 0.014583333333333334 0.026851851851851852
0 0.19635416666666666 0.4601851851851852 0.015625 0.016666666666666666
0 0.13385416666666666 0.45231481481481484 0.009375 0.015740740740740743
1 0.09036458333333333 0.44537037037037036 0.009895833333333333 0.012962962962962964
2 0.19348958333333333 0.5064814814814815 0.030729166666666665 0.11111111111111112
2 0.2953125 0.5416666666666667 0.052083333333333336 0.17777777777777778
2 0.41901041666666666 0.5569444444444445 0.07239583333333333 0.1712962962962963
2 0.8161458333333333 0.6560185185185186 0.14270833333333333 0.30648148148148147
2 0.7416666666666667 0.5638888888888889 0.10208333333333333 0.17777777777777778