1 0.58515625 0.5069444444444444 0.021354166666666667 0.032407407407407406
0 0.31640625 0.4726851851851852 0.0140625 0.026851851851851852
0 0.17421875 0.4564814814814815 0.009895833333333333 0.016666666666666666
0 0.16770833333333332 0.45231481481481484 0.010416666666666666 0.017592592592592594
0 0.12708333333333333 0.45 0.007291666666666667 0.011111111111111112
0 0.061718749999999996 0.4444444444444445 0.008854166666666666 0.016666666666666666
0 0.03723958333333333 0.44351851851851853 0.005729166666666666 0.011111111111111112
2 0.16796875 0.5069444444444444 0.03802083333333333 0.12685185185185185
2 0.25104166666666666 0.5203703703703704 0.053125 0.1277777777777778
2 0.31145833333333334 0.5435185185185185 0.05 0.17037037037037037
2 0.5869791666666666 0.5685185185185185 0.1125 0.16481481481481483