1 0.8916666666666666 0.5319444444444444 0.02395833333333333 0.04351851851851852
0 0.4908854166666667 0.48935185185185187 0.018229166666666668 0.028703703703703703
0 0.40390624999999997 0.487962962962963 0.018229166666666668 0.031481481481481485
0 0.29401041666666666 0.475462962962963 0.0171875 0.028703703703703703
0 0.11119791666666666 0.4777777777777778 0.015104166666666667 0.02592592592592593
0 0.10364583333333333 0.47824074074074074 0.016666666666666666 0.026851851851851852
2 0.1109375 0.5527777777777778 0.05 0.1851851851851852
2 0.2903645833333333 0.5365740740740741 0.0515625 0.15462962962962964
2 0.40130208333333334 0.563425925925926 0.06614583333333333 0.18611111111111112
2 0.4901041666666667 0.5578703703703703 0.06458333333333333 0.1675925925925926
2 0.8770833333333333 0.6402777777777778 0.14375 0.26944444444444443