0 0.8044270833333333 0.5240740740740741 0.0234375 0.037037037037037035
0 0.8328125 0.5300925925925926 0.025 0.04537037037037037
0 0.27890625 0.46990740740740744 0.013020833333333334 0.02314814814814815
0 0.26510416666666664 0.5273148148148148 0.026041666666666668 0.05277777777777778
0 0.24322916666666666 0.5296296296296297 0.028125 0.053703703703703705
0 0.16848958333333333 0.4638888888888889 0.013020833333333334 0.024074074074074074
0 0.18385416666666665 0.4615740740740741 0.010416666666666666 0.021296296296296296
1 0.3346354166666667 0.48055555555555557 0.01614583333333333 0.037037037037037035
2 0.26458333333333334 0.6527777777777778 0.090625 0.3148148148148148
2 0.18229166666666666 0.5041666666666667 0.03229166666666666 0.11018518518518519
2 0.16822916666666665 0.5120370370370371 0.03125 0.12407407407407407
2 0.2796875 0.5180555555555556 0.0375 0.12314814814814816
2 0.3307291666666667 0.5425925925925926 0.058333333333333334 0.15555555555555556
2 0.7916666666666666 0.625925925925926 0.121875 0.24629629629629632