0 0.8145833333333333 0.5671296296296297 0.030208333333333334 0.05462962962962963
0 0.6778645833333333 0.55 0.021354166666666667 0.037037037037037035
0 0.6494791666666666 0.5370370370370371 0.025 0.03888888888888889
0 0.5466145833333333 0.5356481481481482 0.024479166666666666 0.05092592592592593
0 0.5278645833333333 0.5347222222222222 0.018229166666666668 0.03425925925925926
0 0.41119791666666666 0.5231481481481481 0.019270833333333334 0.03518518518518519
1 0.27890625 0.5046296296296297 0.015104166666666667 0.020370370370370372
0 0.18619791666666666 0.49074074074074076 0.0109375 0.016666666666666666
0 0.08984375 0.487962962962963 0.015104166666666667 0.02777777777777778
2 0.2765625 0.5592592592592592 0.0375 0.12962962962962962
2 0.40963541666666664 0.6023148148148149 0.0671875 0.1953703703703704
2 0.525 0.6157407407407408 0.065625 0.1962962962962963
2 0.5447916666666667 0.638888888888889 0.08958333333333333 0.2537037037037037
2 0.6526041666666667 0.6273148148148149 0.08958333333333333 0.2101851851851852
2 0.8122395833333333 0.6819444444444445 0.12864583333333332 0.27870370370370373
2 0.09036458333333333 0.5370370370370371 0.03177083333333333 0.11666666666666667