0 0.8526041666666666 0.5592592592592592 0.028125 0.05555555555555556
0 0.7005208333333334 0.5407407407407407 0.027083333333333334 0.04259259259259259
1 0.5947916666666666 0.5518518518518519 0.029166666666666667 0.05185185185185186
0 0.5588541666666667 0.5472222222222223 0.022916666666666665 0.05
0 0.4864583333333333 0.5296296296296297 0.019791666666666666 0.03888888888888889
0 0.3921875 0.5541666666666667 0.03125 0.05648148148148149
0 0.4322916666666667 0.5333333333333333 0.020833333333333332 0.040740740740740744
0 0.45234375 0.5157407407407407 0.021354166666666667 0.03333333333333333
1 0.35390625 0.5175925925925926 0.018229166666666668 0.031481481481481485
0 0.3234375 0.5092592592592593 0.015625 0.037037037037037035
0 0.24661458333333333 0.5416666666666667 0.025520833333333333 0.053703703703703705
1 0.16640625 0.5203703703703704 0.015104166666666667 0.031481481481481485
2 0.22291666666666665 0.5388888888888889 0.03333333333333333 0.11111111111111112
2 0.24947916666666667 0.562962962962963 0.040625 0.14814814814814814
2 0.32526041666666666 0.5680555555555555 0.0453125 0.1527777777777778
2 0.35104166666666664 0.587962962962963 0.053125 0.17777777777777778
2 0.4466145833333333 0.5782407407407407 0.050520833333333334 0.18981481481481483
2 0.42890625 0.6212962962962963 0.06510416666666667 0.21296296296296297
2 0.48802083333333335 0.6087962962962963 0.06666666666666667 0.19907407407407407
2 0.5546875 0.6310185185185185 0.07083333333333333 0.21944444444444444
2 0.5986979166666666 0.674074074074074 0.1015625 0.2962962962962963
2 0.6979166666666666 0.6472222222222223 0.09791666666666667 0.24814814814814815
2 0.8455729166666667 0.6930555555555555 0.14010416666666667 0.31203703703703706
2 0.38958333333333334 0.6731481481481482 0.0875 0.29074074074074074
2 0.24739583333333334 0.6546296296296297 0.06875 0.26851851851851855
2 0.16979166666666667 0.5921296296296297 0.04791666666666666 0.17314814814814816