0 0.6096354166666667 0.5305555555555556 0.022395833333333334 0.03888888888888889
0 0.4440104166666667 0.5115740740740741 0.01614583333333333 0.032407407407407406
0 0.4322916666666667 0.5162037037037037 0.015625 0.028703703703703703
1 0.27734375 0.5125000000000001 0.015104166666666667 0.03425925925925926
0 0.28828125 0.500462962962963 0.015104166666666667 0.025
0 0.25364583333333335 0.4967592592592593 0.013541666666666667 0.025
0 0.19401041666666666 0.49444444444444446 0.0140625 0.02777777777777778
0 0.12708333333333333 0.49074074074074076 0.009375 0.022222222222222223
0 0.07083333333333333 0.47824074074074074 0.011458333333333333 0.015740740740740743
1 0.16692708333333334 0.49259259259259264 0.011979166666666666 0.024074074074074074
2 0.17005208333333333 0.5425925925925926 0.033854166666666664 0.12592592592592594
2 0.290625 0.5587962962962963 0.03854166666666667 0.1398148148148148
2 0.2713541666666667 0.5708333333333333 0.052083333333333336 0.14722222222222223
2 0.4356770833333333 0.5828703703703704 0.06302083333333333 0.1712962962962963
2 0.60390625 0.6226851851851852 0.08072916666666667 0.21574074074074076