0 0.63828125 0.5726851851851852 0.0703125 0.13611111111111113
0 0.3346354166666667 0.513888888888889 0.058854166666666666 0.10740740740740741
0 0.2895833333333333 0.5208333333333334 0.04791666666666666 0.0787037037037037
0 0.31015625 0.34675925925925927 0.0203125 0.03425925925925926
0 0.23906249999999998 0.33935185185185185 0.017708333333333333 0.032407407407407406
0 0.20208333333333334 0.3365740740740741 0.01875 0.028703703703703703
0 0.21171874999999998 0.34351851851851856 0.0140625 0.022222222222222223
2 0.21145833333333333 0.3842592592592593 0.030208333333333334 0.10925925925925926
2 0.23880208333333333 0.39537037037037037 0.03697916666666667 0.13518518518518519
2 0.31015625 0.4152777777777778 0.0484375 0.14907407407407408
2 0.64765625 0.7564814814814815 0.2265625 0.4851851851851852
2 0.35130208333333335 0.7291666666666667 0.2171875 0.5398148148148149