0 0.17369791666666667 0.5953703703703704 0.07447916666666667 0.13703703703703704
0 0.1625 0.5532407407407408 0.08125 0.11574074074074074
0 0.81796875 0.36342592592592593 0.024479166666666666 0.04722222222222222
0 0.6145833333333334 0.3476851851851852 0.019791666666666666 0.04722222222222222
0 0.6018229166666667 0.33611111111111114 0.019270833333333334 0.03888888888888889
0 0.4549479166666667 0.3092592592592593 0.024479166666666666 0.03333333333333333
0 0.3450520833333333 0.287962962962963 0.024479166666666666 0.037037037037037035
0 0.24921875 0.26712962962962966 0.0171875 0.02314814814814815
0 0.1453125 0.250462962962963 0.021875 0.02314814814814815
0 0.034895833333333334 0.23240740740740742 0.014583333333333334 0.02777777777777778
2 0.13880208333333333 0.30694444444444446 0.044270833333333336 0.1398148148148148
2 0.2520833333333333 0.32962962962962966 0.04895833333333333 0.1537037037037037
2 0.33125 0.36388888888888893 0.06145833333333333 0.18888888888888888
2 0.44869791666666664 0.3912037037037037 0.08072916666666667 0.20092592592592592
2 0.5921875 0.4476851851851852 0.11562499999999999 0.25092592592592594
2 0.8046875 0.47314814814814815 0.12604166666666666 0.26296296296296295
2 0.03567708333333333 0.29074074074074074 0.03802083333333333 0.1462962962962963
2 0.140625 0.7444444444444445 0.28229166666666666 0.5092592592592593