0 0.6658854166666667 0.6370370370370371 0.05677083333333333 0.10740740740740741
0 0.6138020833333333 0.5972222222222222 0.0546875 0.0925925925925926
0 0.09453125 0.5865740740740741 0.0390625 0.06944444444444445
0 0.10520833333333333 0.5699074074074074 0.036458333333333336 0.07685185185185185
0 0.31484375 0.47962962962962963 0.022395833333333334 0.044444444444444446
0 0.30390625 0.46990740740740744 0.019270833333333334 0.03425925925925926
0 0.23932291666666666 0.45972222222222225 0.01614583333333333 0.026851851851851852
0 0.1828125 0.4615740740740741 0.019791666666666666 0.028703703703703703
0 0.15911458333333334 0.46435185185185185 0.0171875 0.026851851851851852
0 0.08307291666666666 0.46851851851851856 0.022395833333333334 0.03888888888888889
2 0.3690104166666667 0.7574074074074074 0.15052083333333333 0.48333333333333334
2 0.1 0.7671296296296296 0.14895833333333333 0.4564814814814815
2 0.6799479166666667 0.7717592592592593 0.18802083333333333 0.45462962962962966
2 0.07734375 0.549537037037037 0.05572916666666666 0.18796296296296297
2 0.18125 0.5115740740740741 0.034375 0.1287037037037037
2 0.22994791666666667 0.5189814814814815 0.0453125 0.14351851851851852
2 0.16223958333333333 0.5199074074074074 0.0390625 0.13611111111111113
2 0.3020833333333333 0.5268518518518519 0.042708333333333334 0.1425925925925926
2 0.31588541666666664 0.5435185185185185 0.0546875 0.16111111111111112