0 0.7359375 0.5486111111111112 0.03229166666666666 0.0638888888888889
0 0.7052083333333333 0.5574074074074075 0.03333333333333333 0.061111111111111116
0 0.60546875 0.5055555555555555 0.021354166666666667 0.037037037037037035
0 0.5908854166666666 0.500462962962963 0.024479166666666666 0.04351851851851852
0 0.19921875 0.6694444444444445 0.059895833333333336 0.09814814814814815
0 0.40781249999999997 0.4930555555555556 0.04895833333333333 0.09166666666666667
0 0.15859375 0.6513888888888889 0.0609375 0.08981481481481482
0 0.19322916666666667 0.4564814814814815 0.01875 0.02962962962962963
0 0.14817708333333332 0.46111111111111114 0.015104166666666667 0.02592592592592593
0 0.05416666666666667 0.46342592592592596 0.01875 0.028703703703703703
2 0.37395833333333334 0.7268518518518519 0.16041666666666665 0.5444444444444445
2 0.2 0.800462962962963 0.18541666666666667 0.39722222222222225
2 0.05260416666666667 0.5268518518518519 0.042708333333333334 0.1574074074074074
2 0.19453125 0.5046296296296297 0.0359375 0.12037037037037038
2 0.5885416666666666 0.5898148148148148 0.0875 0.22037037037037038
2 0.7205729166666667 0.6430555555555556 0.1015625 0.2972222222222222
2 0.6955729166666667 0.6916666666666667 0.13697916666666665 0.34814814814814815