0 0.8268229166666666 0.9199074074074074 0.1140625 0.1564814814814815
0 0.86796875 0.5273148148148148 0.03697916666666667 0.06759259259259259
0 0.6770833333333334 0.8851851851851852 0.10416666666666667 0.1962962962962963
0 0.6072916666666667 0.49953703703703706 0.01875 0.03796296296296296
0 0.5989583333333334 0.5013888888888889 0.025 0.036111111111111115
0 0.3989583333333333 0.47222222222222227 0.04895833333333333 0.09444444444444444
0 0.3229166666666667 0.48240740740740745 0.017708333333333333 0.02962962962962963
0 0.35260416666666666 0.4800925925925926 0.016666666666666666 0.02314814814814815
0 0.034895833333333334 0.4550925925925926 0.016666666666666666 0.02314814814814815
2 0.37135416666666665 0.7180555555555556 0.15520833333333334 0.5620370370370371
2 0.03333333333333333 0.5087962962962963 0.0375 0.13796296296296298
2 0.35182291666666665 0.5361111111111111 0.0484375 0.15555555555555556
2 0.42135416666666664 0.5620370370370371 0.059375 0.19074074074074074
2 0.3151041666666667 0.5638888888888889 0.05416666666666667 0.19074074074074074
2 0.5916666666666667 0.5810185185185185 0.084375 0.2064814814814815
2 0.8614583333333333 0.6875 0.15625 0.36388888888888893