0 0.3809895833333333 0.5444444444444445 0.04635416666666667 0.07962962962962963
0 0.421875 0.4810185185185185 0.022916666666666665 0.036111111111111115
0 0.3651041666666667 0.4740740740740741 0.017708333333333333 0.03333333333333333
0 0.25 0.46574074074074073 0.01875 0.02592592592592593
0 0.16848958333333333 0.45787037037037037 0.01614583333333333 0.025
0 0.02395833333333333 0.44583333333333336 0.014583333333333334 0.021296296296296296
2 0.36666666666666664 0.7481481481481482 0.15104166666666666 0.5018518518518519
2 0.22630208333333332 0.5097222222222222 0.033854166666666664 0.1175925925925926
2 0.2505208333333333 0.524537037037037 0.03854166666666667 0.13796296296296298
2 0.165625 0.5143518518518518 0.034375 0.13240740740740742
2 0.35520833333333335 0.5333333333333333 0.05 0.14814814814814814
2 0.42343749999999997 0.5643518518518519 0.065625 0.19907407407407407