1 0.8171875 0.4361111111111111 0.025 0.06296296296296297
1 0.809375 0.4324074074074074 0.034375 0.061111111111111116
1 0.6927083333333334 0.47222222222222227 0.03333333333333333 0.07407407407407407
1 0.6614583333333334 0.46574074074074073 0.036458333333333336 0.07407407407407407
1 0.5184895833333333 0.3995370370370371 0.025520833333333333 0.036111111111111115
1 0.503125 0.3925925925925926 0.025 0.040740740740740744
1 0.4359375 0.3773148148148148 0.014583333333333334 0.028703703703703703
1 0.41744791666666664 0.37824074074074077 0.0140625 0.030555555555555558
1 0.2578125 0.4138888888888889 0.020833333333333332 0.040740740740740744
1 0.25625 0.3837962962962963 0.015625 0.030555555555555558
1 0.24296874999999998 0.36435185185185187 0.021354166666666667 0.030555555555555558
1 0.14375 0.35879629629629634 0.016666666666666666 0.032407407407407406
0 0.15911458333333334 0.33842592592592596 0.0203125 0.036111111111111115
0 0.25859375 0.35000000000000003 0.0171875 0.03333333333333333
2 0.24947916666666667 0.4115740740740741 0.04375 0.13611111111111113
2 0.41692708333333334 0.45231481481481484 0.059895833333333336 0.18055555555555555
2 0.49947916666666664 0.48564814814814816 0.07708333333333334 0.2138888888888889
2 0.8067708333333333 0.5513888888888889 0.13645833333333332 0.28425925925925927
2 0.7005208333333334 0.6652777777777779 0.19583333333333333 0.46944444444444444
2 0.25625 0.46481481481481485 0.07395833333333333 0.23333333333333334
2 0.146875 0.42314814814814816 0.051041666666666666 0.1685185185185185