1 0.9838541666666667 0.4527777777777778 0.030208333333333334 0.06481481481481481
1 0.96640625 0.4537037037037037 0.0328125 0.06666666666666667
1 0.5994791666666667 0.500925925925926 0.026041666666666668 0.05925925925925926
1 0.5877604166666667 0.44907407407407407 0.030729166666666665 0.06481481481481481
1 0.5700520833333333 0.41712962962962963 0.03697916666666667 0.08055555555555556
1 0.425 0.3888888888888889 0.02395833333333333 0.03888888888888889
1 0.3458333333333333 0.4388888888888889 0.016666666666666666 0.031481481481481485
1 0.33828125 0.3962962962962963 0.025520833333333333 0.040740740740740744
1 0.26588541666666665 0.36342592592592593 0.0171875 0.030555555555555558
2 0.26171875 0.42129629629629634 0.04010416666666666 0.14814814814814814
2 0.42578125 0.4527777777777778 0.06197916666666667 0.17407407407407408
2 0.9302083333333333 0.5935185185185186 0.13854166666666667 0.3425925925925926
2 0.5893229166666667 0.5925925925925926 0.14427083333333332 0.39814814814814814
2 0.34270833333333334 0.49583333333333335 0.075 0.25092592592592594
2 0.12109375 0.4041666666666667 0.0453125 0.1398148148148148