1 0.8580729166666666 0.3944444444444445 0.034895833333333334 0.061111111111111116
1 0.8265625 0.3856481481481482 0.03333333333333333 0.05462962962962963
1 0.5393229166666667 0.30833333333333335 0.024479166666666666 0.03518518518518519
1 0.08203125 0.23564814814814816 0.01614583333333333 0.025
0 0.2046875 0.25324074074074077 0.013541666666666667 0.028703703703703703
0 0.21458333333333332 0.25462962962962965 0.011458333333333333 0.024074074074074074
0 0.421875 0.2925925925925926 0.022916666666666665 0.05185185185185186
0 0.3651041666666667 0.2888888888888889 0.0125 0.02962962962962963
0 0.35546875 0.28564814814814815 0.018229166666666668 0.028703703703703703
2 0.20625 0.3055555555555556 0.04479166666666667 0.12962962962962962
2 0.35442708333333334 0.35879629629629634 0.0609375 0.17500000000000002
2 0.4200520833333333 0.35833333333333334 0.0609375 0.17037037037037037
2 0.4197916666666667 0.38796296296296295 0.07604166666666666 0.21666666666666667
2 0.5322916666666666 0.39212962962962966 0.08333333333333333 0.19907407407407407
2 0.8158854166666667 0.5032407407407408 0.1578125 0.2935185185185185