0 0.8744791666666667 0.4740740740740741 0.046875 0.08148148148148149
0 0.8213541666666666 0.44722222222222224 0.053125 0.09814814814814815
1 0.3846354166666667 0.29953703703703705 0.024479166666666666 0.03425925925925926
1 0.3692708333333333 0.2976851851851852 0.019791666666666666 0.032407407407407406
1 0.26510416666666664 0.26342592592592595 0.019791666666666666 0.032407407407407406
0 0.14713541666666666 0.24953703703703706 0.019270833333333334 0.032407407407407406
0 0.19609375 0.25 0.01614583333333333 0.020370370370370372
2 0.14609375 0.30833333333333335 0.044270833333333336 0.1462962962962963
2 0.2643229166666667 0.3199074074074074 0.044270833333333336 0.14166666666666666
2 0.37083333333333335 0.3685185185185185 0.075 0.17962962962962964
2 0.79296875 0.6342592592592593 0.22760416666666666 0.46296296296296297