0 0.5427083333333333 0.5930555555555556 0.05416666666666667 0.11203703703703705
0 0.6890625 0.4930555555555556 0.026041666666666668 0.04537037037037037
0 0.65625 0.49768518518518523 0.021875 0.04351851851851852
0 0.63828125 0.49953703703703706 0.027604166666666666 0.05648148148148149
0 0.521875 0.4689814814814815 0.019791666666666666 0.03796296296296296
0 0.5372395833333333 0.47361111111111115 0.018229166666666668 0.036111111111111115
0 0.40703125 0.4615740740740741 0.019270833333333334 0.032407407407407406
2 0.5643229166666667 0.7708333333333334 0.1765625 0.4564814814814815
2 0.31979166666666664 0.5027777777777778 0.0375 0.11666666666666667
2 0.40859375 0.5291666666666667 0.050520833333333334 0.15833333333333333
2 0.525 0.5407407407407407 0.058333333333333334 0.16666666666666669
2 0.6369791666666667 0.5856481481481481 0.075 0.2138888888888889
2 0.6888020833333334 0.5675925925925926 0.07760416666666667 0.18888888888888888