0 0.4513020833333333 0.46620370370370373 0.0234375 0.032407407407407406
0 0.3815104166666667 0.46851851851851856 0.01614583333333333 0.03518518518518519
0 0.3684895833333333 0.46805555555555556 0.015104166666666667 0.032407407407407406
0 0.3453125 0.4564814814814815 0.011458333333333333 0.022222222222222223
0 0.33671875 0.4532407407407408 0.0109375 0.015740740740740743
0 0.2622395833333333 0.45092592592592595 0.018229166666666668 0.031481481481481485
1 0.19505208333333332 0.4444444444444445 0.013020833333333334 0.020370370370370372
2 0.26015625 0.4949074074074074 0.0328125 0.11018518518518519
2 0.33619791666666665 0.5083333333333333 0.0390625 0.1277777777777778
2 0.37135416666666665 0.5263888888888889 0.041666666666666664 0.14166666666666666
2 0.45598958333333334 0.5236111111111111 0.044270833333333336 0.13611111111111113