0 0.98125 0.45416666666666666 0.035416666666666666 0.0712962962962963
0 0.9424479166666666 0.45416666666666666 0.03802083333333333 0.062037037037037036
0 0.7479166666666667 0.42592592592592593 0.02395833333333333 0.040740740740740744
0 0.7106770833333333 0.4185185185185185 0.019270833333333334 0.040740740740740744
1 0.7252604166666666 0.44074074074074077 0.0203125 0.044444444444444446
0 0.37890625 0.3666666666666667 0.015104166666666667 0.031481481481481485
0 0.11067708333333333 0.33796296296296297 0.015104166666666667 0.02962962962962963
1 0.12604166666666666 0.33333333333333337 0.015625 0.02777777777777778
0 0.24244791666666665 0.34861111111111115 0.015104166666666667 0.028703703703703703
0 0.19947916666666665 0.3462962962962963 0.010416666666666666 0.02592592592592593
2 0.19817708333333334 0.4064814814814815 0.04010416666666666 0.14074074074074075
2 0.24453125 0.40092592592592596 0.03802083333333333 0.12962962962962962
2 0.1171875 0.3888888888888889 0.03854166666666667 0.1277777777777778
2 0.3671875 0.4328703703703704 0.051041666666666666 0.15462962962962964
2 0.71015625 0.5175925925925926 0.11510416666666666 0.23333333333333334
2 0.928125 0.5851851851851853 0.14270833333333333 0.3148148148148148