0 0.646875 0.41712962962962963 0.028125 0.05648148148148149
0 0.6708333333333333 0.4217592592592593 0.027083333333333334 0.04722222222222222
0 0.6390625 0.40972222222222227 0.029166666666666667 0.03981481481481482
0 0.5182291666666666 0.39583333333333337 0.022916666666666665 0.03425925925925926
0 0.5015625 0.39490740740740743 0.015625 0.03981481481481482
0 0.39869791666666665 0.3763888888888889 0.01614583333333333 0.03796296296296296
0 0.4203125 0.37592592592592594 0.019791666666666666 0.037037037037037035
0 0.21171874999999998 0.34490740740740744 0.008854166666666666 0.025
0 0.20442708333333334 0.3425925925925926 0.0109375 0.024074074074074074
2 0.20625 0.3925925925925926 0.036458333333333336 0.11851851851851852
2 0.40390624999999997 0.44027777777777777 0.05572916666666666 0.15833333333333333
2 0.4984375 0.47500000000000003 0.07291666666666667 0.2
2 0.6380208333333334 0.49259259259259264 0.09166666666666666 0.20740740740740743
2 0.6440104166666667 0.5180555555555556 0.11197916666666667 0.25277777777777777