1 0.46119791666666665 0.3819444444444445 0.0171875 0.032407407407407406
1 0.4453125 0.3888888888888889 0.020833333333333332 0.040740740740740744
0 0.4028645833333333 0.3805555555555556 0.01614583333333333 0.04259259259259259
0 0.39010416666666664 0.3712962962962963 0.01875 0.03333333333333333
0 0.3111979166666667 0.3615740740740741 0.0140625 0.032407407407407406
0 0.3 0.3615740740740741 0.017708333333333333 0.03425925925925926
0 0.2791666666666667 0.3597222222222222 0.016666666666666666 0.02314814814814815
0 0.23307291666666666 0.34953703703703703 0.0140625 0.032407407407407406
0 0.21927083333333333 0.35000000000000003 0.014583333333333334 0.02777777777777778
2 0.22369791666666666 0.39814814814814814 0.0390625 0.12037037037037038
2 0.2981770833333333 0.4222222222222222 0.0484375 0.14814814814814814
2 0.38619791666666664 0.4328703703703704 0.05677083333333333 0.14907407407407408
2 0.2752604166666667 0.42962962962962964 0.049479166666666664 0.16481481481481483
2 0.44166666666666665 0.4569444444444445 0.07604166666666666 0.1824074074074074