0 0.67890625 0.5407407407407407 0.033854166666666664 0.0462962962962963
0 0.6638020833333333 0.5407407407407407 0.03177083333333333 0.04814814814814815
0 0.50078125 0.5222222222222223 0.0171875 0.031481481481481485
0 0.48854166666666665 0.5212962962962964 0.021875 0.03518518518518519
0 0.4067708333333333 0.5333333333333333 0.026041666666666668 0.037037037037037035
0 0.3893229166666667 0.5259259259259259 0.022395833333333334 0.037037037037037035
0 0.39817708333333335 0.5189814814814815 0.021354166666666667 0.04166666666666667
0 0.33697916666666666 0.5115740740740741 0.017708333333333333 0.026851851851851852
2 0.33541666666666664 0.5587962962962963 0.035416666666666666 0.11388888888888889
2 0.2794270833333333 0.5648148148148149 0.059895833333333336 0.15
2 0.39765625 0.6032407407407407 0.0609375 0.18611111111111112
2 0.4903645833333333 0.5986111111111111 0.059895833333333336 0.18796296296296297
2 0.6627604166666666 0.6375000000000001 0.09427083333333333 0.23425925925925928