0 0.9419270833333333 0.42314814814814816 0.0296875 0.05555555555555556
0 0.8549479166666667 0.43703703703703706 0.03697916666666667 0.06666666666666667
0 0.8328125 0.4328703703703704 0.028125 0.04722222222222222
0 0.7588541666666666 0.4134259259259259 0.02395833333333333 0.04351851851851852
0 0.728125 0.40046296296296297 0.03125 0.049074074074074076
0 0.5026041666666666 0.38333333333333336 0.02395833333333333 0.04259259259259259
2 0.28411458333333334 0.42129629629629634 0.0484375 0.16481481481481483
2 0.5072916666666667 0.48055555555555557 0.06770833333333333 0.22592592592592595
2 0.7205729166666667 0.500925925925926 0.10885416666666667 0.23703703703703705
2 0.8145833333333333 0.5486111111111112 0.12604166666666666 0.28055555555555556
2 0.9239583333333333 0.5421296296296296 0.14166666666666666 0.27685185185185185