0 0.99296875 0.42129629629629634 0.011979166666666666 0.0462962962962963
0 0.859375 0.4328703703703704 0.034375 0.05462962962962963
0 0.84140625 0.4398148148148148 0.024479166666666666 0.04814814814814815
0 0.7388020833333333 0.40601851851851856 0.03177083333333333 0.05648148148148149
0 0.7135416666666666 0.4152777777777778 0.03125 0.04722222222222222
0 0.6921875 0.39861111111111114 0.021875 0.03981481481481482
1 0.3546875 0.38981481481481484 0.027083333333333334 0.04259259259259259
0 0.43203125 0.36574074074074076 0.027604166666666666 0.02962962962962963
0 0.3346354166666667 0.34490740740740744 0.015104166666666667 0.026851851851851852
0 0.27265625 0.3476851851851852 0.0140625 0.032407407407407406
2 0.2669270833333333 0.39861111111111114 0.04114583333333333 0.1287037037037037
2 0.3346354166666667 0.4083333333333333 0.044270833333333336 0.1425925925925926
2 0.4315104166666667 0.43333333333333335 0.057812499999999996 0.1685185185185185
2 0.35546875 0.48935185185185187 0.0703125 0.24722222222222223
2 0.6890625 0.4861111111111111 0.09791666666666667 0.22037037037037038
2 0.7096354166666666 0.525462962962963 0.1203125 0.28425925925925927
2 0.8424479166666666 0.5351851851851852 0.11302083333333333 0.2518518518518519
2 0.9567708333333333 0.5398148148148149 0.08541666666666667 0.26666666666666666