1 0.6768229166666666 0.3805555555555556 0.024479166666666666 0.037037037037037035
0 0.44895833333333335 0.3601851851851852 0.016666666666666666 0.03333333333333333
1 0.37109375 0.3625 0.0140625 0.030555555555555558
0 0.3515625 0.35555555555555557 0.020833333333333332 0.02962962962962963
0 0.2828125 0.34490740740740744 0.021875 0.03981481481481482
0 0.22317708333333333 0.33287037037037037 0.015104166666666667 0.02314814814814815
2 0.28229166666666666 0.39166666666666666 0.035416666666666666 0.12037037037037038
2 0.21458333333333332 0.3837962962962963 0.03958333333333333 0.12314814814814816
2 0.3559895833333333 0.4217592592592593 0.0484375 0.1564814814814815
2 0.4466145833333333 0.42685185185185187 0.0546875 0.1537037037037037
2 0.66875 0.4740740740740741 0.08645833333333333 0.20370370370370372