0 0.8596354166666667 0.5685185185185185 0.033854166666666664 0.05185185185185186
0 0.52578125 0.5268518518518519 0.028645833333333332 0.040740740740740744
0 0.40260416666666665 0.5078703703703704 0.021875 0.025
1 0.4036458333333333 0.5291666666666667 0.01875 0.032407407407407406
1 0.2986979166666667 0.49722222222222223 0.008854166666666666 0.020370370370370372
1 0.2908854166666667 0.5027777777777778 0.009895833333333333 0.022222222222222223
0 0.16041666666666665 0.4828703703703704 0.0125 0.025
2 0.29010416666666666 0.5569444444444445 0.04375 0.14166666666666666
2 0.39921875 0.5856481481481481 0.05677083333333333 0.17500000000000002
2 0.5260416666666666 0.6212962962962963 0.084375 0.22962962962962963
2 0.8520833333333333 0.6861111111111111 0.13020833333333334 0.2888888888888889