0 0.9833333333333333 0.37592592592592594 0.03125 0.05555555555555556
0 0.7182291666666667 0.3541666666666667 0.041666666666666664 0.062037037037037036
0 0.67734375 0.35462962962962963 0.028645833333333332 0.040740740740740744
0 0.5020833333333333 0.32685185185185184 0.022916666666666665 0.04259259259259259
0 0.48984374999999997 0.3180555555555556 0.0234375 0.04166666666666667
0 0.38125 0.28194444444444444 0.020833333333333332 0.032407407407407406
0 0.35234375 0.30324074074074076 0.019270833333333334 0.03981481481481482
0 0.32578125 0.2953703703703704 0.018229166666666668 0.03333333333333333
2 0.1171875 0.28935185185185186 0.036458333333333336 0.1287037037037037
2 0.32838541666666665 0.38657407407407407 0.07447916666666667 0.2101851851851852
2 0.3833333333333333 0.3490740740740741 0.053125 0.16481481481481483
2 0.49192708333333335 0.41712962962962963 0.08072916666666667 0.23240740740740742
2 0.6684895833333333 0.46111111111111114 0.13385416666666666 0.2796296296296296