1 0.16145833333333334 0.31851851851851853 0.02395833333333333 0.0462962962962963
0 0.4739583333333333 0.29814814814814816 0.017708333333333333 0.037037037037037035
0 0.46119791666666665 0.3055555555555556 0.0171875 0.031481481481481485
0 0.36875 0.2851851851851852 0.020833333333333332 0.031481481481481485
0 0.259375 0.26666666666666666 0.0125 0.02592592592592593
0 0.23541666666666666 0.25601851851851853 0.010416666666666666 0.02314814814814815
0 0.21979166666666666 0.25277777777777777 0.0125 0.018518518518518517
2 0.21145833333333333 0.3023148148148148 0.035416666666666666 0.1212962962962963
2 0.14869791666666665 0.2972222222222222 0.044270833333333336 0.13148148148148148
2 0.22421875 0.30972222222222223 0.0453125 0.13425925925925927
2 0.2520833333333333 0.33194444444444443 0.04791666666666666 0.1564814814814815
2 0.36744791666666665 0.3462962962962963 0.0453125 0.1537037037037037
2 0.45859374999999997 0.38287037037037036 0.06927083333333334 0.1953703703703704
2 0.14401041666666667 0.43333333333333335 0.1109375 0.2796296296296296