0 0.6885416666666666 0.5032407407407408 0.015625 0.03425925925925926
0 0.6734375 0.4949074074074074 0.020833333333333332 0.030555555555555558
0 0.45 0.5736111111111112 0.03125 0.0638888888888889
1 0.42734374999999997 0.5486111111111112 0.0328125 0.05648148148148149
1 0.459375 0.6412037037037037 0.03125 0.05462962962962963
0 0.44869791666666664 0.4671296296296297 0.0140625 0.02314814814814815
0 0.43671875 0.46481481481481485 0.011979166666666666 0.020370370370370372
1 0.07135416666666666 0.46435185185185185 0.013541666666666667 0.036111111111111115
0 0.31744791666666666 0.4587962962962963 0.013020833333333334 0.021296296296296296
2 0.31796875 0.5037037037037038 0.03802083333333333 0.10925925925925926
2 0.4395833333333333 0.5305555555555556 0.052083333333333336 0.15185185185185185
2 0.6739583333333333 0.5819444444444445 0.07604166666666666 0.2101851851851852
2 0.07005208333333333 0.5240740740740741 0.04114583333333333 0.1462962962962963
2 0.46171875 0.7430555555555556 0.10781249999999999 0.44351851851851853