1 0.79375 0.5087962962962963 0.029166666666666667 0.04351851851851852
1 0.753125 0.5180555555555556 0.026041666666666668 0.04537037037037037
0 0.7716145833333333 0.5060185185185185 0.024479166666666666 0.04351851851851852
0 0.7200520833333334 0.48935185185185187 0.024479166666666666 0.03981481481481482
0 0.62265625 0.47824074074074074 0.0203125 0.032407407407407406
1 0.5760416666666667 0.48703703703703705 0.016666666666666666 0.02777777777777778
1 0.5580729166666667 0.48935185185185187 0.0171875 0.03425925925925926
0 0.4739583333333333 0.4703703703703704 0.01875 0.02592592592592593
0 0.37213541666666666 0.4615740740740741 0.01614583333333333 0.025
0 0.27838541666666666 0.4569444444444445 0.0140625 0.019444444444444445
0 0.26796875 0.45972222222222225 0.011979166666666666 0.02314814814814815
2 0.20026041666666666 0.48055555555555557 0.027604166666666666 0.09074074074074075
2 0.30807291666666664 0.500462962962963 0.034895833333333334 0.11018518518518519
2 0.2716145833333333 0.5097222222222222 0.0390625 0.12685185185185185
2 0.37526041666666665 0.5152777777777778 0.04010416666666666 0.1287037037037037
2 0.4739583333333333 0.5402777777777777 0.051041666666666666 0.1712962962962963
2 0.5619791666666667 0.5574074074074075 0.06979166666666667 0.17777777777777778
2 0.621875 0.5518518518518519 0.065625 0.17777777777777778
2 0.7143229166666667 0.5800925925925926 0.08697916666666666 0.2175925925925926
2 0.7604166666666666 0.6111111111111112 0.09895833333333333 0.2555555555555556