1 0.5059895833333333 0.47870370370370374 0.011979166666666666 0.03518518518518519
1 0.48411458333333335 0.48703703703703705 0.01614583333333333 0.02962962962962963
0 0.4575520833333333 0.4675925925925926 0.0171875 0.024074074074074074
0 0.41432291666666665 0.46296296296296297 0.013020833333333334 0.020370370370370372
1 0.35546875 0.4638888888888889 0.0140625 0.022222222222222223
0 0.32135416666666666 0.4527777777777778 0.016666666666666666 0.022222222222222223
2 0.23229166666666667 0.4898148148148148 0.027083333333333334 0.0962962962962963
2 0.3221354166666667 0.5060185185185185 0.0328125 0.125
2 0.3484375 0.5189814814814815 0.04375 0.13240740740740742
2 0.4127604166666667 0.5157407407407407 0.044270833333333336 0.13333333333333333
2 0.453125 0.5296296296296297 0.04479166666666667 0.1537037037037037
2 0.48984374999999997 0.5472222222222223 0.06197916666666667 0.17407407407407408
2 0.10885416666666667 0.48194444444444445 0.028125 0.10092592592592593