0 0.9526041666666667 0.5324074074074074 0.036458333333333336 0.06296296296296297
0 0.9828125 0.5314814814814816 0.03229166666666666 0.06851851851851852
0 0.8950520833333333 0.49444444444444446 0.024479166666666666 0.0462962962962963
0 0.83671875 0.4930555555555556 0.0265625 0.049074074074074076
0 0.4015625 0.5791666666666667 0.036458333333333336 0.08981481481481482
0 0.38046875 0.5930555555555556 0.034895833333333334 0.075
0 0.5138020833333333 0.47500000000000003 0.015104166666666667 0.037037037037037035
0 0.50078125 0.4763888888888889 0.022395833333333334 0.036111111111111115
0 0.31614583333333335 0.46296296296296297 0.014583333333333334 0.03333333333333333
2 0.2359375 0.500925925925926 0.03333333333333333 0.11111111111111112
2 0.30494791666666665 0.5032407407407408 0.03697916666666667 0.11018518518518519
2 0.3151041666666667 0.513425925925926 0.04583333333333333 0.12685185185185185
2 0.5072916666666667 0.5425925925925926 0.06354166666666666 0.17037037037037037
2 0.5140625 0.5574074074074075 0.06354166666666666 0.1814814814814815
2 0.93515625 0.6601851851851852 0.12864583333333332 0.32407407407407407
2 0.83671875 0.5907407407407408 0.09322916666666667 0.22962962962962963
2 0.8934895833333333 0.5893518518518519 0.0921875 0.21944444444444444
2 0.41041666666666665 0.7671296296296296 0.12395833333333334 0.4638888888888889
2 0.05520833333333333 0.47222222222222227 0.021875 0.08703703703703704
2 0.08567708333333333 0.47453703703703703 0.0203125 0.07685185185185185