0 0.4635416666666667 0.4763888888888889 0.019791666666666666 0.026851851851851852
0 0.18125 0.46111111111111114 0.019791666666666666 0.02962962962962963
0 0.296875 0.45462962962962966 0.0125 0.022222222222222223
0 0.24270833333333333 0.4518518518518519 0.0125 0.020370370370370372
0 0.13020833333333334 0.45833333333333337 0.014583333333333334 0.024074074074074074
2 0.171875 0.47222222222222227 0.025 0.07037037037037037
2 0.134375 0.47222222222222227 0.021875 0.07592592592592592
2 0.2903645833333333 0.500925925925926 0.03697916666666667 0.10740740740740741
2 0.24296874999999998 0.49722222222222223 0.03177083333333333 0.10740740740740741
2 0.2916666666666667 0.5055555555555555 0.0375 0.12222222222222223
2 0.4591145833333333 0.5453703703703704 0.0515625 0.17037037037037037
2 0.83671875 0.5907407407407408 0.09322916666666667 0.22962962962962963
2 0.8934895833333333 0.5884259259259259 0.0921875 0.21574074074074076
2 0.12994791666666666 0.512962962962963 0.03697916666666667 0.13518518518518519
2 0.184375 0.5120370370370371 0.03333333333333333 0.12407407407407407