0 0.5375 0.5324074074074074 0.036458333333333336 0.05925925925925926
0 0.6502604166666667 0.5388888888888889 0.03802083333333333 0.05555555555555556
0 0.7385416666666667 0.500925925925926 0.035416666666666666 0.05185185185185186
2 0.11119791666666666 0.4703703703703704 0.021354166666666667 0.07592592592592592
2 0.18854166666666666 0.48379629629629634 0.025 0.08796296296296297
2 0.7338541666666667 0.5967592592592593 0.096875 0.23981481481481481
2 0.8369791666666666 0.5907407407407408 0.09375 0.22962962962962963
2 0.8934895833333333 0.5884259259259259 0.0921875 0.21574074074074076
2 0.534375 0.7000000000000001 0.13541666666666666 0.3925925925925926
2 0.6591145833333333 0.6819444444444445 0.1296875 0.3453703703703704
2 0.0859375 0.4828703703703704 0.03333333333333333 0.09166666666666667