0 0.37578125 0.4726851851851852 0.0515625 0.09537037037037037
0 0.8369791666666666 0.4185185185185185 0.03854166666666667 0.05740740740740741
0 0.696875 0.3925925925925926 0.01875 0.04259259259259259
0 0.36328125 0.36064814814814816 0.0171875 0.028703703703703703
0 0.30885416666666665 0.3476851851851852 0.014583333333333334 0.026851851851851852
0 0.2638020833333333 0.3439814814814815 0.01614583333333333 0.028703703703703703
2 0.38046875 0.687962962962963 0.1390625 0.5148148148148148
2 0.1859375 0.3689814814814815 0.028125 0.10092592592592593
2 0.2552083333333333 0.39583333333333337 0.04479166666666667 0.1398148148148148
2 0.309375 0.4 0.040625 0.1277777777777778
2 0.36302083333333335 0.41712962962962963 0.04791666666666666 0.14537037037037037
2 0.6705729166666666 0.4842592592592593 0.09427083333333333 0.20925925925925926
2 0.8260416666666667 0.5180555555555556 0.12708333333333333 0.24537037037037038