0 0.8296875 0.40972222222222227 0.034375 0.058333333333333334
0 0.7864583333333334 0.41574074074074074 0.02395833333333333 0.04259259259259259
0 0.6380208333333334 0.39583333333333337 0.02395833333333333 0.03981481481481482
0 0.60078125 0.3888888888888889 0.022395833333333334 0.03888888888888889
0 0.5807291666666666 0.3856481481481482 0.025 0.032407407407407406
0 0.5036458333333333 0.3699074074074074 0.016666666666666666 0.026851851851851852
0 0.4497395833333333 0.36388888888888893 0.013020833333333334 0.022222222222222223
0 0.4341145833333333 0.36342592592592593 0.015104166666666667 0.025
0 0.19348958333333333 0.3337962962962963 0.013020833333333334 0.019444444444444445
0 0.17421875 0.32407407407407407 0.009895833333333333 0.016666666666666666
2 0.19453125 0.3787037037037037 0.0328125 0.10925925925925926
2 0.43645833333333334 0.42638888888888893 0.05416666666666667 0.15833333333333333
2 0.5002604166666667 0.44583333333333336 0.06302083333333333 0.18055555555555555
2 0.5825520833333333 0.487962962962963 0.08177083333333333 0.24444444444444446
2 0.6302083333333334 0.48240740740740745 0.078125 0.2
2 0.790625 0.5185185185185185 0.12083333333333333 0.26481481481481484