0 0.7520833333333333 0.4027777777777778 0.021875 0.04259259259259259
0 0.7359375 0.40555555555555556 0.016666666666666666 0.03518518518518519
0 0.6578125 0.4185185185185185 0.025 0.04814814814814815
0 0.36276041666666664 0.3527777777777778 0.01614583333333333 0.02592592592592593
0 0.2911458333333333 0.3416666666666667 0.0125 0.024074074074074074
0 0.2786458333333333 0.34490740740740744 0.010416666666666666 0.02314814814814815
0 0.2171875 0.33194444444444443 0.0125 0.021296296296296296
0 0.20729166666666665 0.32916666666666666 0.010416666666666666 0.021296296296296296
1 0.6859375 0.41712962962962963 0.022916666666666665 0.05648148148148149
2 0.19427083333333334 0.38101851851851853 0.034375 0.1212962962962963
2 0.28151041666666665 0.3962962962962963 0.044270833333333336 0.13703703703703704
2 0.35963541666666665 0.41574074074074074 0.05260416666666667 0.14814814814814814
2 0.72734375 0.4990740740740741 0.10364583333333333 0.22592592592592595
2 0.6552083333333333 0.5444444444444445 0.11458333333333333 0.3