0 0.8776041666666666 0.5731481481481482 0.035416666666666666 0.044444444444444446
0 0.8010416666666667 0.5606481481481481 0.02395833333333333 0.036111111111111115
0 0.721875 0.5731481481481482 0.036458333333333336 0.05555555555555556
0 0.6625 0.5458333333333334 0.020833333333333332 0.03796296296296296
0 0.6494791666666666 0.5319444444444444 0.020833333333333332 0.03425925925925926
0 0.315625 0.4990740740740741 0.0125 0.018518518518518517
0 0.17916666666666667 0.4865740740740741 0.0125 0.017592592592592594
2 0.18098958333333334 0.5430555555555556 0.0390625 0.12685185185185185
2 0.6471354166666666 0.6296296296296297 0.09010416666666667 0.22592592592592595
2 0.7276041666666666 0.7046296296296296 0.13125 0.32222222222222224
2 0.8796875 0.7111111111111111 0.16458333333333333 0.33333333333333337