0 0.4674479166666667 0.5342592592592593 0.024479166666666666 0.03518518518518519
0 0.37473958333333335 0.5217592592592593 0.018229166666666668 0.030555555555555558
0 0.30390625 0.5060185185185185 0.0171875 0.026851851851851852
0 0.2747395833333333 0.4935185185185185 0.0109375 0.022222222222222223
0 0.2677083333333333 0.4981481481481482 0.011458333333333333 0.022222222222222223
0 0.21458333333333332 0.49722222222222223 0.014583333333333334 0.018518518518518517
0 0.18359375 0.4949074074074074 0.0109375 0.019444444444444445
0 0.15416666666666667 0.48750000000000004 0.010416666666666666 0.015740740740740743
0 0.10911458333333333 0.4851851851851852 0.0109375 0.018518518518518517
2 0.26875 0.5481481481481482 0.036458333333333336 0.13148148148148148
2 0.2125 0.5504629629629629 0.035416666666666666 0.1287037037037037
2 0.3046875 0.5712962962962963 0.03854166666666667 0.14814814814814814
2 0.3729166666666667 0.5893518518518519 0.04791666666666666 0.16203703703703703
2 0.4666666666666667 0.6444444444444445 0.084375 0.2574074074074074