0 0.8815104166666666 0.5976851851851852 0.0296875 0.05092592592592593
0 0.8526041666666666 0.576388888888889 0.035416666666666666 0.05092592592592593
0 0.23828125 0.500925925925926 0.015104166666666667 0.020370370370370372
0 0.22109375 0.49768518518518523 0.009895833333333333 0.017592592592592594
0 0.11145833333333333 0.5055555555555555 0.011458333333333333 0.022222222222222223
0 0.10286458333333333 0.5064814814814815 0.0109375 0.022222222222222223
0 0.19322916666666667 0.4851851851851852 0.008333333333333333 0.016666666666666666
0 0.18697916666666667 0.487962962962963 0.007291666666666667 0.014814814814814815
0 0.13984375 0.48703703703703705 0.009895833333333333 0.014814814814814815
2 0.23932291666666666 0.5638888888888889 0.0453125 0.15185185185185185
2 0.8408854166666666 0.6990740740740741 0.1390625 0.29074074074074074
2 0.11197916666666667 0.5601851851851852 0.042708333333333334 0.13518518518518519