0 0.9169270833333333 0.562962962962963 0.03802083333333333 0.053703703703703705
1 0.39010416666666664 0.5300925925925926 0.014583333333333334 0.028703703703703703
0 0.3875 0.5166666666666667 0.016666666666666666 0.022222222222222223
0 0.33567708333333335 0.5074074074074074 0.0109375 0.018518518518518517
0 0.31979166666666664 0.500462962962963 0.013541666666666667 0.02314814814814815
0 0.26458333333333334 0.5032407407407408 0.013541666666666667 0.021296296296296296
0 0.24114583333333334 0.49212962962962964 0.011458333333333333 0.021296296296296296
2 0.12526041666666665 0.5328703703703704 0.03177083333333333 0.10833333333333334
2 0.24088541666666666 0.5402777777777777 0.034895833333333334 0.11574074074074074
2 0.26328125 0.5569444444444445 0.04114583333333333 0.13240740740740742
2 0.31744791666666666 0.5527777777777778 0.03697916666666667 0.12592592592592594
2 0.33567708333333335 0.5703703703703704 0.0515625 0.1574074074074074
2 0.38567708333333334 0.5986111111111111 0.05572916666666666 0.18611111111111112
2 0.9138020833333333 0.6935185185185185 0.14010416666666667 0.29444444444444445