0 0.9591145833333333 0.4101851851851852 0.0359375 0.07037037037037037
0 0.9276041666666667 0.4078703703703704 0.029166666666666667 0.049074074074074076
0 0.91640625 0.37453703703703706 0.025520833333333333 0.04722222222222222
0 0.5447916666666667 0.32592592592592595 0.020833333333333332 0.037037037037037035
0 0.5302083333333333 0.32546296296296295 0.016666666666666666 0.036111111111111115
0 0.3528645833333333 0.28750000000000003 0.0265625 0.03796296296296296
0 0.3963541666666667 0.29074074074074074 0.0125 0.03333333333333333
0 0.22682291666666665 0.26712962962962966 0.021354166666666667 0.03425925925925926
0 0.16796875 0.25277777777777777 0.015104166666666667 0.018518518518518517
0 0.11770833333333333 0.28055555555555556 0.016666666666666666 0.11851851851851852
2 0.16770833333333332 0.3092592592592593 0.042708333333333334 0.13333333333333333
2 0.22526041666666666 0.337037037037037 0.049479166666666664 0.16111111111111112
2 0.3966145833333333 0.36342592592592593 0.07135416666666666 0.17500000000000002
2 0.34713541666666664 0.3814814814814815 0.06822916666666666 0.21296296296296297
2 0.5216145833333333 0.41435185185185186 0.0828125 0.2175925925925926
2 0.9067708333333333 0.5314814814814816 0.16354166666666667 0.29814814814814816