0 0.884375 0.39675925925925926 0.03854166666666667 0.05277777777777778
0 0.8440104166666667 0.38472222222222224 0.0390625 0.05277777777777778
0 0.6317708333333333 0.33101851851851855 0.021875 0.03425925925925926
0 0.6041666666666666 0.33425925925925926 0.03125 0.040740740740740744
0 0.4380208333333333 0.2972222222222222 0.020833333333333332 0.03518518518518519
0 0.49765624999999997 0.32731481481481484 0.0203125 0.04351851851851852
0 0.4825520833333333 0.3231481481481482 0.019270833333333334 0.031481481481481485
0 0.3046875 0.2791666666666667 0.01875 0.026851851851851852
0 0.2942708333333333 0.2847222222222222 0.016666666666666666 0.026851851851851852
0 0.18072916666666666 0.2513888888888889 0.016666666666666666 0.02314814814814815
0 0.12630208333333334 0.24537037037037038 0.0140625 0.024074074074074074
0 0.0796875 0.23935185185185187 0.014583333333333334 0.025
0 0.04479166666666667 0.23194444444444445 0.0125 0.019444444444444445
2 0.17916666666666667 0.3055555555555556 0.04895833333333333 0.12962962962962962
2 0.12708333333333333 0.30462962962962964 0.04375 0.1388888888888889
2 0.29296875 0.3453703703703704 0.05364583333333333 0.16296296296296298
2 0.47421874999999997 0.4041666666666667 0.0796875 0.19722222222222224
2 0.4296875 0.37453703703703706 0.071875 0.18611111111111112
2 0.60234375 0.4305555555555556 0.0953125 0.23703703703703705
2 0.8364583333333333 0.5064814814814815 0.13958333333333334 0.2925925925925926