1 0.8395833333333333 0.4416666666666667 0.03125 0.06666666666666667
0 0.8127604166666667 0.41574074074074074 0.0359375 0.05925925925925926
0 0.559375 0.32916666666666666 0.022916666666666665 0.03425925925925926
0 0.5369791666666667 0.32453703703703707 0.022916666666666665 0.030555555555555558
0 0.3458333333333333 0.28101851851851856 0.014583333333333334 0.02314814814814815
0 0.33229166666666665 0.2828703703703704 0.015625 0.028703703703703703
0 0.26979166666666665 0.28194444444444444 0.015625 0.028703703703703703
0 0.25859375 0.27824074074074073 0.0140625 0.02314814814814815
0 0.16953125 0.2513888888888889 0.011979166666666666 0.025
0 0.15833333333333333 0.2513888888888889 0.008333333333333333 0.019444444444444445
0 0.14869791666666665 0.25416666666666665 0.0109375 0.02314814814814815
2 0.25807291666666665 0.33981481481481485 0.04739583333333333 0.14814814814814814
2 0.16484375 0.3125 0.05364583333333333 0.14351851851851852
2 0.3328125 0.3513888888888889 0.058333333333333334 0.17500000000000002
2 0.5346354166666667 0.40694444444444444 0.07135416666666666 0.20277777777777778
2 0.7885416666666667 0.5828703703703704 0.196875 0.38981481481481484