0 0.565625 0.5458333333333334 0.026041666666666668 0.05092592592592593
0 0.54453125 0.5402777777777777 0.0203125 0.04537037037037037
0 0.6497395833333334 0.5472222222222223 0.018229166666666668 0.02962962962962963
0 0.6669270833333333 0.5453703703703704 0.019270833333333334 0.031481481481481485
0 0.7125 0.5587962962962963 0.02395833333333333 0.04722222222222222
0 0.9395833333333333 0.5726851851851852 0.030208333333333334 0.04537037037037037
0 0.84921875 0.5532407407407408 0.022395833333333334 0.03425925925925926
0 0.82265625 0.5537037037037037 0.024479166666666666 0.03888888888888889
0 0.32265625 0.5069444444444444 0.01614583333333333 0.026851851851851852
0 0.22239583333333332 0.48888888888888893 0.009375 0.016666666666666666
0 0.1046875 0.4814814814814815 0.009375 0.016666666666666666
2 0.10286458333333333 0.525 0.0265625 0.1
2 0.22161458333333334 0.5319444444444444 0.0296875 0.10092592592592593
2 0.31875 0.5689814814814815 0.041666666666666664 0.14907407407407408
2 0.6520833333333333 0.6333333333333333 0.084375 0.20925925925925926
2 0.81328125 0.6592592592592593 0.12239583333333333 0.24814814814814815
2 0.93046875 0.6990740740740741 0.13802083333333334 0.29814814814814816
2 0.5466145833333333 0.6449074074074075 0.08072916666666667 0.24722222222222223
2 0.7169270833333333 0.6907407407407408 0.12552083333333333 0.312962962962963