0 0.6401041666666667 0.5472222222222223 0.02395833333333333 0.03888888888888889
0 0.6614583333333334 0.5412037037037037 0.01875 0.03796296296296296
0 0.5442708333333334 0.5263888888888889 0.01875 0.03425925925925926
0 0.4708333333333333 0.5152777777777778 0.015625 0.028703703703703703
0 0.45729166666666665 0.5162037037037037 0.016666666666666666 0.030555555555555558
0 0.42994791666666665 0.5162037037037037 0.013020833333333334 0.025
0 0.421875 0.5180555555555556 0.013541666666666667 0.028703703703703703
0 0.35260416666666666 0.5125000000000001 0.014583333333333334 0.032407407407407406
0 0.2856770833333333 0.5050925925925926 0.0109375 0.025
0 0.2765625 0.5050925925925926 0.011458333333333333 0.026851851851851852
0 0.18854166666666666 0.48935185185185187 0.010416666666666666 0.015740740740740743
0 0.14479166666666665 0.48240740740740745 0.011458333333333333 0.012962962962962964
2 0.14348958333333334 0.5189814814814815 0.024479166666666666 0.08425925925925926
2 0.18567708333333333 0.5337962962962963 0.028645833333333332 0.10648148148148148
2 0.428125 0.5861111111111111 0.04791666666666666 0.16111111111111112
2 0.45468749999999997 0.5893518518518519 0.06354166666666666 0.17314814814814816
2 0.5388020833333333 0.6101851851851852 0.06614583333333333 0.19074074074074074
2 0.63984375 0.6157407407407408 0.09739583333333333 0.24814814814814815
2 0.2747395833333333 0.5694444444444444 0.04114583333333333 0.1574074074074074
2 0.35104166666666664 0.5865740740740741 0.05520833333333333 0.18055555555555555