0 0.7557291666666667 0.5509259259259259 0.028125 0.044444444444444446
0 0.66953125 0.5421296296296296 0.025520833333333333 0.04537037037037037
0 0.55546875 0.5240740740740741 0.0171875 0.031481481481481485
0 0.540625 0.5263888888888889 0.016666666666666666 0.028703703703703703
0 0.4471354166666667 0.5314814814814816 0.018229166666666668 0.03333333333333333
0 0.3143229166666667 0.5236111111111111 0.0171875 0.03425925925925926
0 0.27421875 0.4981481481481482 0.013020833333333334 0.024074074074074074
0 0.24661458333333333 0.4930555555555556 0.009895833333333333 0.019444444444444445
0 0.18098958333333334 0.49074074074074076 0.0109375 0.020370370370370372
0 0.16822916666666665 0.48842592592592593 0.011458333333333333 0.015740740740740743
0 0.20416666666666666 0.4912037037037037 0.009375 0.01388888888888889
0 0.13697916666666665 0.48333333333333334 0.008333333333333333 0.012962962962962964
0 0.08984375 0.4810185185185185 0.009895833333333333 0.015740740740740743
2 0.20234375 0.5314814814814816 0.0296875 0.09814814814814815
2 0.16848958333333333 0.5291666666666667 0.025520833333333333 0.10277777777777779
2 0.24505208333333334 0.5398148148148149 0.03177083333333333 0.10925925925925926
2 0.17760416666666667 0.5296296296296297 0.029166666666666667 0.13148148148148148
2 0.53984375 0.5986111111111111 0.0640625 0.17685185185185187
2 0.6638020833333333 0.6300925925925926 0.0921875 0.2175925925925926
2 0.08776041666666666 0.5162037037037037 0.0234375 0.08425925925925926
2 0.1375 0.5203703703703704 0.027083333333333334 0.08888888888888889
2 0.31666666666666665 0.6027777777777777 0.06979166666666667 0.18888888888888888
2 0.45026041666666666 0.6231481481481481 0.07760416666666667 0.21481481481481482
2 0.7520833333333333 0.6601851851851852 0.109375 0.26296296296296295