0 0.9065104166666667 0.4273148148148148 0.0359375 0.05092592592592593
0 0.8591145833333333 0.4203703703703704 0.028645833333333332 0.037037037037037035
0 0.8328125 0.4273148148148148 0.028125 0.03796296296296296
0 0.5984375 0.375462962962963 0.017708333333333333 0.026851851851851852
0 0.5864583333333333 0.3805555555555556 0.016666666666666666 0.02592592592592593
0 0.41770833333333335 0.3662037037037037 0.014583333333333334 0.03425925925925926
0 0.4041666666666667 0.3717592592592593 0.017708333333333333 0.03425925925925926
0 0.06328125 0.33564814814814814 0.011979166666666666 0.026851851851851852
2 0.4028645833333333 0.4361111111111111 0.05677083333333333 0.17592592592592593
2 0.41770833333333335 0.42453703703703705 0.046875 0.15092592592592594
2 0.8953125 0.5361111111111111 0.13125 0.2611111111111111
2 0.06614583333333333 0.3893518518518519 0.035416666666666666 0.125