0 0.7348958333333333 0.39675925925925926 0.019791666666666666 0.032407407407407406
0 0.70546875 0.4 0.019270833333333334 0.031481481481481485
0 0.678125 0.3990740740740741 0.022916666666666665 0.03518518518518519
0 0.5575520833333333 0.3814814814814815 0.0203125 0.031481481481481485
0 0.3932291666666667 0.34814814814814815 0.011458333333333333 0.024074074074074074
0 0.38385416666666666 0.35370370370370374 0.010416666666666666 0.020370370370370372
0 0.29765625 0.3453703703703704 0.013020833333333334 0.020370370370370372
0 0.24036458333333333 0.3416666666666667 0.0109375 0.018518518518518517
0 0.23151041666666666 0.34444444444444444 0.0109375 0.020370370370370372
0 0.19713541666666667 0.3837962962962963 0.0234375 0.036111111111111115
2 0.23385416666666667 0.3962962962962963 0.03854166666666667 0.1277777777777778
2 0.29583333333333334 0.3976851851851852 0.03958333333333333 0.1212962962962963
2 0.6770833333333334 0.4912037037037037 0.09791666666666667 0.21944444444444444
2 0.7294270833333333 0.48333333333333334 0.09010416666666667 0.20925925925925926
2 0.2046875 0.47314814814814815 0.06145833333333333 0.2240740740740741