0 0.8364583333333333 0.5893518518518519 0.059375 0.125
0 0.7041666666666666 0.4527777777777778 0.03125 0.06481481481481481
0 0.6791666666666667 0.43194444444444446 0.034375 0.06018518518518519
0 0.44114583333333335 0.38287037037037036 0.01875 0.03981481481481482
0 0.4322916666666667 0.38333333333333336 0.015625 0.03333333333333333
0 0.5002604166666667 0.3689814814814815 0.01614583333333333 0.026851851851851852
0 0.46588541666666666 0.3652777777777778 0.015104166666666667 0.028703703703703703
0 0.45 0.3652777777777778 0.013541666666666667 0.025
0 0.2700520833333333 0.33333333333333337 0.013020833333333334 0.016666666666666666
0 0.2171875 0.33564814814814814 0.009375 0.01388888888888889
0 0.14947916666666666 0.3300925925925926 0.008333333333333333 0.017592592592592594
0 0.14296875 0.33287037037037037 0.0078125 0.017592592592592594
2 0.453125 0.4342592592592593 0.057291666666666664 0.16296296296296298
2 0.49947916666666664 0.43194444444444446 0.05416666666666667 0.15833333333333333
2 0.43203125 0.4851851851851852 0.07864583333333333 0.2388888888888889
2 0.6622395833333333 0.5898148148148148 0.15260416666666665 0.37777777777777777
2 0.8578125 0.7643518518518518 0.2833333333333333 0.46944444444444444