0 0.9848958333333333 0.44074074074074077 0.026041666666666668 0.04814814814814815
0 0.8117187499999999 0.4138888888888889 0.024479166666666666 0.040740740740740744
0 0.7919270833333333 0.4115740740740741 0.0203125 0.03796296296296296
0 0.6325520833333333 0.40555555555555556 0.025520833333333333 0.037037037037037035
0 0.5854166666666667 0.40740740740740744 0.026041666666666668 0.04259259259259259
0 0.5697916666666667 0.40231481481481485 0.025 0.04537037037037037
0 0.2950520833333333 0.37083333333333335 0.01614583333333333 0.028703703703703703
0 0.28515625 0.3601851851851852 0.018229166666666668 0.03333333333333333
0 0.3359375 0.34814814814814815 0.010416666666666666 0.024074074074074074
0 0.3255208333333333 0.3472222222222222 0.011458333333333333 0.022222222222222223
0 0.1859375 0.3439814814814815 0.011458333333333333 0.019444444444444445
0 0.17994791666666665 0.3439814814814815 0.009895833333333333 0.021296296296296296
2 0.3265625 0.40231481481481485 0.042708333333333334 0.1287037037037037
2 0.18098958333333334 0.4041666666666667 0.04010416666666666 0.14907407407407408
2 0.28203125 0.4439814814814815 0.05677083333333333 0.20462962962962963
2 0.5552083333333333 0.5212962962962964 0.1125 0.2888888888888889
2 0.6393229166666666 0.5125000000000001 0.0765625 0.2564814814814815
2 0.7799479166666666 0.5064814814814815 0.09947916666666666 0.22962962962962963