0 0.6731770833333334 0.3976851851851852 0.0234375 0.04166666666666667
0 0.6432291666666666 0.4101851851851852 0.025 0.03518518518518519
0 0.5739583333333333 0.3819444444444445 0.016666666666666666 0.03981481481481482
0 0.55859375 0.3842592592592593 0.01614583333333333 0.03518518518518519
0 0.3190104166666667 0.36203703703703705 0.018229166666666668 0.024074074074074074
0 0.24869791666666666 0.3564814814814815 0.0140625 0.024074074074074074
2 0.12083333333333333 0.3875 0.03958333333333333 0.13240740740740742
2 0.24140625 0.425462962962963 0.0515625 0.17314814814814816
2 0.31744791666666666 0.4277777777777778 0.058854166666666666 0.17222222222222222
2 0.5528645833333333 0.45231481481481484 0.0671875 0.17500000000000002
2 0.5591145833333333 0.46481481481481485 0.0859375 0.20925925925925926
2 0.6419270833333334 0.500462962962963 0.10364583333333333 0.24722222222222223