1 0.4471354166666667 0.5046296296296297 0.01614583333333333 0.02592592592592593
0 0.43333333333333335 0.4935185185185185 0.015625 0.02962962962962963
0 0.36953125 0.4763888888888889 0.015104166666666667 0.026851851851851852
0 0.19453125 0.45972222222222225 0.011979166666666666 0.017592592592592594
0 0.18098958333333334 0.46064814814814814 0.0109375 0.015740740740740743
0 0.12604166666666666 0.45787037037037037 0.009375 0.010185185185185186
1 0.28229166666666666 0.4740740740740741 0.0125 0.024074074074074074
1 0.27109375 0.48055555555555557 0.011979166666666666 0.022222222222222223
1 0.25703125 0.46851851851851856 0.013020833333333334 0.02592592592592593
2 0.12578125 0.5069444444444444 0.034895833333333334 0.11574074074074074
2 0.19479166666666667 0.5120370370370371 0.041666666666666664 0.12407407407407407
2 0.24947916666666667 0.5259259259259259 0.041666666666666664 0.1388888888888889
2 0.26875 0.5435185185185185 0.04895833333333333 0.16296296296296298
2 0.3671875 0.5435185185185185 0.053125 0.16481481481481483
2 0.42604166666666665 0.5740740740740741 0.07291666666666667 0.19814814814814816