1 0.28046875 0.48564814814814816 0.013020833333333334 0.015740740740740743
1 0.18307291666666667 0.46574074074074073 0.009895833333333333 0.018518518518518517
1 0.17473958333333334 0.4703703703703704 0.0109375 0.018518518518518517
1 0.15546875 0.45972222222222225 0.009895833333333333 0.019444444444444445
0 0.23802083333333332 0.46481481481481485 0.013541666666666667 0.024074074074074074
0 0.2747395833333333 0.475462962962963 0.013020833333333334 0.02314814814814815
0 0.11614583333333334 0.4537037037037037 0.009375 0.014814814814814815
0 0.07265625 0.4476851851851852 0.0078125 0.010185185185185186
0 0.05416666666666667 0.45 0.008333333333333333 0.012962962962962964
2 0.17473958333333334 0.5162037037037037 0.033854166666666664 0.125
2 0.2359375 0.5162037037037037 0.03854166666666667 0.125
2 0.27265625 0.5337962962962963 0.0421875 0.14351851851851852