0 0.92578125 0.3939814814814815 0.03177083333333333 0.06018518518518519
1 0.9520833333333333 0.4087962962962963 0.022916666666666665 0.04722222222222222
1 0.7895833333333333 0.3893518518518519 0.028125 0.04351851851851852
1 0.7729166666666667 0.3731481481481482 0.021875 0.044444444444444446
0 0.35234375 0.28703703703703703 0.019270833333333334 0.02777777777777778
0 0.2708333333333333 0.3055555555555556 0.027083333333333334 0.04814814814814815
0 0.2518229166666667 0.29074074074074074 0.021354166666666667 0.02962962962962963
0 0.20651041666666667 0.25833333333333336 0.01614583333333333 0.024074074074074074
0 0.10364583333333333 0.24305555555555555 0.013541666666666667 0.02314814814814815
2 0.20625 0.3106481481481482 0.04375 0.1287037037037037
2 0.34661458333333334 0.3509259259259259 0.05260416666666667 0.15925925925925927
2 0.7575520833333333 0.48935185185185187 0.14010416666666667 0.27685185185185185
2 0.9096354166666667 0.5050925925925926 0.15364583333333334 0.28055555555555556
2 0.2786458333333333 0.4152777777777778 0.08020833333333333 0.2675925925925926
2 0.25677083333333334 0.375462962962963 0.06354166666666666 0.21574074074074076