1 0.8236979166666667 0.3601851851851852 0.028645833333333332 0.053703703703703705
0 0.7927083333333333 0.37083333333333335 0.028125 0.04537037037037037
0 0.6828125 0.3509259259259259 0.030208333333333334 0.053703703703703705
0 0.5856770833333333 0.36712962962962964 0.03802083333333333 0.0638888888888889
1 0.23124999999999998 0.27175925925925926 0.011458333333333333 0.015740740740740743
0 0.228125 0.2587962962962963 0.010416666666666666 0.017592592592592594
0 0.20052083333333334 0.2569444444444445 0.014583333333333334 0.026851851851851852
0 0.18619791666666666 0.25462962962962965 0.013020833333333334 0.020370370370370372
1 0.15885416666666666 0.2564814814814815 0.0125 0.018518518518518517
0 0.03671875 0.22777777777777777 0.009895833333333333 0.014814814814814815
2 0.15208333333333332 0.30092592592592593 0.036458333333333336 0.12037037037037038
2 0.23020833333333332 0.3162037037037037 0.04791666666666666 0.13055555555555556
2 0.18645833333333334 0.31574074074074077 0.04375 0.14444444444444446
2 0.6783854166666666 0.43842592592592594 0.10572916666666667 0.22685185185185186
2 0.6674479166666667 0.47314814814814815 0.13072916666666667 0.2962962962962963
2 0.78828125 0.475462962962963 0.13697916666666665 0.2898148148148148
2 0.5942708333333333 0.512962962962963 0.12916666666666665 0.3574074074074074