0 0.784375 0.4101851851851852 0.022916666666666665 0.040740740740740744
0 0.7661458333333333 0.42129629629629634 0.01875 0.044444444444444446
0 0.4552083333333333 0.36944444444444446 0.015625 0.03518518518518519
0 0.32708333333333334 0.34675925925925927 0.014583333333333334 0.028703703703703703
0 0.31484375 0.34953703703703703 0.011979166666666666 0.021296296296296296
0 0.23776041666666667 0.3365740740740741 0.0109375 0.019444444444444445
0 0.22760416666666666 0.337037037037037 0.0125 0.022222222222222223
2 0.22864583333333333 0.3875 0.036458333333333336 0.11944444444444445
2 0.31588541666666664 0.40601851851851856 0.04114583333333333 0.14166666666666666
2 0.4473958333333333 0.4425925925925926 0.05416666666666667 0.1685185185185185
2 0.7604166666666666 0.5125000000000001 0.11041666666666666 0.2490740740740741