0 0.6591145833333333 0.3625 0.0203125 0.04537037037037037
0 0.64140625 0.3476851851851852 0.021354166666666667 0.04351851851851852
0 0.4591145833333333 0.30694444444444446 0.021354166666666667 0.03796296296296296
0 0.44947916666666665 0.31851851851851853 0.020833333333333332 0.03518518518518519
0 0.3640625 0.2902777777777778 0.016666666666666666 0.028703703703703703
0 0.35130208333333335 0.28750000000000003 0.01614583333333333 0.030555555555555558
0 0.21953124999999998 0.2662037037037037 0.01614583333333333 0.019444444444444445
0 0.01796875 0.22361111111111112 0.011979166666666666 0.021296296296296296
2 0.22005208333333334 0.3189814814814815 0.04114583333333333 0.13425925925925927
2 0.3536458333333333 0.36574074074074076 0.057291666666666664 0.18333333333333335
2 0.4471354166666667 0.39583333333333337 0.0796875 0.2175925925925926
2 0.6354166666666666 0.4537037037037037 0.096875 0.2574074074074074