1 0.1546875 0.49768518518518523 0.013541666666666667 0.021296296296296296
0 0.39791666666666664 0.5787037037037037 0.03125 0.053703703703703705
0 0.45468749999999997 0.5171296296296296 0.017708333333333333 0.028703703703703703
0 0.4752604166666667 0.5282407407407408 0.0203125 0.03796296296296296
0 0.5856770833333333 0.5351851851851852 0.019270833333333334 0.03518518518518519
0 0.6184895833333334 0.5444444444444445 0.022395833333333334 0.03333333333333333
0 0.8291666666666666 0.5550925925925926 0.027083333333333334 0.03425925925925926
0 0.9515625 0.6037037037037037 0.03333333333333333 0.06666666666666667
0 0.9835937499999999 0.6078703703703704 0.030729166666666665 0.09907407407407408
2 0.40546875 0.7388888888888889 0.11822916666666666 0.37962962962962965
2 0.15625 0.5546296296296297 0.04583333333333333 0.1388888888888889
2 0.4713541666666667 0.6175925925925926 0.06770833333333333 0.2111111111111111
2 0.5848958333333333 0.6097222222222223 0.0625 0.1787037037037037
2 0.6145833333333334 0.638888888888889 0.07708333333333334 0.2240740740740741
2 0.8138020833333334 0.6550925925925927 0.11822916666666666 0.24351851851851852
2 0.9265625 0.7606481481481482 0.14583333333333334 0.39351851851851855