0 0.8138020833333334 0.36388888888888893 0.0296875 0.05
0 0.7776041666666667 0.35694444444444445 0.030208333333333334 0.04537037037037037
1 0.78828125 0.40185185185185185 0.022395833333333334 0.03888888888888889
0 0.9484374999999999 0.42129629629629634 0.04791666666666666 0.07777777777777778
0 0.26484375 0.4185185185185185 0.0484375 0.08888888888888889
0 0.4341145833333333 0.30185185185185187 0.018229166666666668 0.031481481481481485
0 0.42291666666666666 0.30324074074074076 0.014583333333333334 0.026851851851851852
0 0.30572916666666666 0.2796296296296296 0.014583333333333334 0.02592592592592593
1 0.27369791666666665 0.27175925925925926 0.0171875 0.036111111111111115
0 0.11536458333333333 0.26342592592592595 0.021354166666666667 0.03796296296296296
0 0.13932291666666666 0.24351851851851852 0.011979166666666666 0.018518518518518517
1 0.07239583333333333 0.23564814814814816 0.014583333333333334 0.025
0 0.046875 0.22453703703703703 0.014583333333333334 0.021296296296296296
2 0.2921875 0.34814814814814815 0.05520833333333333 0.16481481481481483
2 0.265625 0.35324074074074074 0.065625 0.20092592592592592
2 0.41744791666666664 0.3768518518518519 0.07447916666666667 0.18703703703703706
2 0.7682291666666666 0.47500000000000003 0.12916666666666665 0.2796296296296296
2 0.915625 0.6245370370370371 0.16770833333333332 0.4953703703703704
2 0.2765625 0.6597222222222222 0.15833333333333333 0.5712962962962963
2 0.11692708333333333 0.3416666666666667 0.05572916666666666 0.1962962962962963