0 0.95078125 0.4222222222222222 0.0515625 0.09074074074074075
0 0.30234375 0.31712962962962965 0.03177083333333333 0.05277777777777778
0 0.5190104166666667 0.31342592592592594 0.0171875 0.03425925925925926
0 0.42942708333333335 0.2962962962962963 0.0171875 0.03518518518518519
0 0.40911458333333334 0.29074074074074074 0.0140625 0.031481481481481485
0 0.20781249999999998 0.25972222222222224 0.0125 0.025
0 0.14453125 0.24814814814814815 0.0109375 0.016666666666666666
0 0.13828125 0.25 0.011979166666666666 0.020370370370370372
1 0.061197916666666664 0.23101851851851854 0.013020833333333334 0.02314814814814815
2 0.20104166666666667 0.31527777777777777 0.046875 0.1398148148148148
2 0.40625 0.36944444444444446 0.06875 0.1851851851851852
2 0.5127604166666666 0.39537037037037037 0.0859375 0.19444444444444445
2 0.9169270833333333 0.6245370370370371 0.16510416666666666 0.4953703703703704
2 0.309375 0.43703703703703706 0.09270833333333334 0.2962962962962963