0 0.90703125 0.4726851851851852 0.044270833333333336 0.062037037037037036
0 0.90234375 0.44953703703703707 0.0359375 0.05092592592592593
0 0.7372395833333333 0.4666666666666667 0.043229166666666666 0.08333333333333334
1 0.7096354166666666 0.45787037037037037 0.030729166666666665 0.062037037037037036
1 0.5192708333333333 0.41481481481481486 0.022916666666666665 0.03888888888888889
1 0.50390625 0.4078703703703704 0.0203125 0.04166666666666667
1 0.35442708333333334 0.4356481481481482 0.0265625 0.06018518518518519
1 0.3260416666666667 0.44212962962962965 0.027083333333333334 0.05462962962962963
0 0.26875 0.350462962962963 0.011458333333333333 0.02314814814814815
0 0.26171875 0.3550925925925926 0.0109375 0.019444444444444445
0 0.1296875 0.3893518518518519 0.01875 0.03981481481481482
2 0.7458333333333333 0.6444444444444445 0.20416666666666666 0.4314814814814815
2 0.26119791666666664 0.4050925925925926 0.03697916666666667 0.13055555555555556
2 0.353125 0.5740740740740741 0.103125 0.34074074074074073
2 0.13359375 0.47222222222222227 0.05677083333333333 0.22222222222222224
2 0.49244791666666665 0.5097222222222222 0.0828125 0.25462962962962965
2 0.8763020833333334 0.612037037037037 0.18072916666666666 0.3740740740740741