0 0.9364583333333333 0.4564814814814815 0.029166666666666667 0.04814814814814815
0 0.8809895833333333 0.44722222222222224 0.030729166666666665 0.03888888888888889
0 0.9044270833333333 0.4425925925925926 0.025520833333333333 0.040740740740740744
0 0.6833333333333333 0.41203703703703703 0.020833333333333332 0.03888888888888889
0 0.6721354166666667 0.4217592592592593 0.013020833333333334 0.036111111111111115
0 0.5645833333333333 0.39583333333333337 0.014583333333333334 0.026851851851851852
1 0.5471354166666667 0.3944444444444445 0.0171875 0.02777777777777778
0 0.29322916666666665 0.4439814814814815 0.02395833333333333 0.058333333333333334
0 0.2833333333333333 0.4310185185185185 0.022916666666666665 0.05462962962962963
0 0.39010416666666664 0.3893518518518519 0.017708333333333333 0.036111111111111115
0 0.39817708333333335 0.37962962962962965 0.0140625 0.03518518518518519
2 0.29921875 0.5800925925925926 0.09322916666666667 0.3527777777777778
2 0.24166666666666667 0.42824074074074076 0.04895833333333333 0.16574074074074074
2 0.3927083333333333 0.4638888888888889 0.065625 0.20185185185185187
2 0.5419270833333333 0.47314814814814815 0.0671875 0.1925925925925926
2 0.6622395833333333 0.5185185185185185 0.10260416666666666 0.2518518518518519
2 0.8734375 0.5652777777777778 0.13333333333333333 0.27870370370370373