0 0.4395833333333333 0.38796296296296295 0.0125 0.02592592592592593
0 0.43515624999999997 0.3819444444444445 0.013020833333333334 0.028703703703703703
0 0.42526041666666664 0.3837962962962963 0.011979166666666666 0.025
0 0.4127604166666667 0.3824074074074074 0.015104166666666667 0.031481481481481485
0 0.3299479166666667 0.3685185185185185 0.013020833333333334 0.024074074074074074
0 0.29140625 0.3615740740740741 0.011979166666666666 0.019444444444444445
0 0.22005208333333334 0.3476851851851852 0.011979166666666666 0.019444444444444445
0 0.20755208333333333 0.34675925925925927 0.0109375 0.021296296296296296
0 0.09088541666666666 0.33796296296296297 0.013020833333333334 0.022222222222222223
1 0.05286458333333333 0.33240740740740743 0.008854166666666666 0.014814814814814815
2 0.21536458333333333 0.39814814814814814 0.04010416666666666 0.12407407407407407
2 0.28854166666666664 0.41435185185185186 0.03854166666666667 0.1287037037037037
2 0.4083333333333333 0.43842592592592594 0.052083333333333336 0.14537037037037037
2 0.3286458333333333 0.4356481481481482 0.05 0.15833333333333333
2 0.4309895833333333 0.4532407407407408 0.0609375 0.17314814814814816