0 0.45468749999999997 0.5125000000000001 0.013541666666666667 0.032407407407407406
1 0.41354166666666664 0.5087962962962963 0.010416666666666666 0.021296296296296296
0 0.4044270833333333 0.5115740740740741 0.0109375 0.021296296296296296
0 0.3575520833333333 0.512962962962963 0.01614583333333333 0.02777777777777778
1 0.14010416666666667 0.48703703703703705 0.008333333333333333 0.016666666666666666
0 0.13333333333333333 0.48888888888888893 0.009375 0.016666666666666666
0 0.11744791666666667 0.4810185185185185 0.0078125 0.01388888888888889
2 0.11692708333333333 0.5143518518518518 0.022395833333333334 0.08055555555555556
2 0.13776041666666666 0.5231481481481481 0.027604166666666666 0.09814814814814815
2 0.40546875 0.5703703703703704 0.049479166666666664 0.14444444444444446
2 0.4518229166666667 0.5800925925925926 0.05364583333333333 0.16944444444444445
2 0.35130208333333335 0.587962962962963 0.0515625 0.17777777777777778