0 0.7580729166666667 0.5976851851851852 0.06197916666666667 0.09166666666666667
0 0.32578125 0.4666666666666667 0.013020833333333334 0.020370370370370372
0 0.3143229166666667 0.47361111111111115 0.011979166666666666 0.02314814814814815
0 0.2513020833333333 0.4587962962962963 0.0140625 0.021296296296296296
0 0.23906249999999998 0.46805555555555556 0.011458333333333333 0.026851851851851852
1 0.22083333333333333 0.45972222222222225 0.014583333333333334 0.025
0 0.004427083333333333 0.4847222222222222 0.009895833333333333 0.03425925925925926
0 0.13020833333333334 0.45231481481481484 0.010416666666666666 0.019444444444444445
0 0.09244791666666667 0.4476851851851852 0.008854166666666666 0.015740740740740743
2 0.21770833333333334 0.5166666666666667 0.0375 0.13333333333333333
2 0.12942708333333333 0.5027777777777778 0.034895833333333334 0.12407407407407407
2 0.3151041666666667 0.5282407407407408 0.04479166666666667 0.14537037037037037
2 0.24166666666666667 0.5268518518518519 0.05 0.16111111111111112
2 0.7466145833333333 0.7773148148148148 0.2140625 0.44351851851851853