0 0.8820312499999999 0.5652777777777778 0.03177083333333333 0.05277777777777778
0 0.4966145833333333 0.5157407407407407 0.018229166666666668 0.031481481481481485
0 0.4778645833333333 0.5222222222222223 0.015104166666666667 0.02592592592592593
0 0.4276041666666667 0.5231481481481481 0.015625 0.02777777777777778
1 0.41171874999999997 0.5231481481481481 0.0171875 0.02777777777777778
0 0.30442708333333335 0.5083333333333333 0.015104166666666667 0.024074074074074074
0 0.24505208333333334 0.4935185185185185 0.013020833333333334 0.018518518518518517
2 0.24270833333333333 0.5481481481481482 0.041666666666666664 0.13148148148148148
2 0.30625 0.575925925925926 0.051041666666666666 0.16111111111111112
2 0.4765625 0.5935185185185186 0.06666666666666667 0.18703703703703706
2 0.4109375 0.6055555555555556 0.07291666666666667 0.19444444444444445
2 0.8854166666666666 0.6962962962962963 0.15416666666666667 0.3111111111111111