0 0.6997395833333333 0.5430555555555556 0.022395833333333334 0.04166666666666667
0 0.6768229166666666 0.5513888888888889 0.022395833333333334 0.03425925925925926
0 0.42552083333333335 0.5162037037037037 0.016666666666666666 0.03425925925925926
0 0.2760416666666667 0.4986111111111111 0.013541666666666667 0.026851851851851852
0 0.2630208333333333 0.500925925925926 0.011458333333333333 0.018518518518518517
0 0.15572916666666667 0.4930555555555556 0.0125 0.019444444444444445
0 0.13098958333333333 0.48240740740740745 0.008854166666666666 0.012962962962962964
2 0.265625 0.549537037037037 0.040625 0.13240740740740742
2 0.14973958333333334 0.5439814814814815 0.03802083333333333 0.125
2 0.42734374999999997 0.5925925925925926 0.0640625 0.18703703703703706
2 0.68203125 0.6449074074074075 0.10364583333333333 0.24351851851851852