0 0.5895833333333333 0.5351851851851852 0.014583333333333334 0.031481481481481485
0 0.57109375 0.5319444444444444 0.018229166666666668 0.032407407407407406
0 0.43072916666666666 0.5222222222222223 0.016666666666666666 0.02592592592592593
0 0.35625 0.5097222222222222 0.013541666666666667 0.025
0 0.3450520833333333 0.5115740740740741 0.0140625 0.025
0 0.228125 0.49583333333333335 0.011458333333333333 0.025
1 0.13567708333333334 0.4847222222222222 0.0109375 0.017592592592592594
2 0.23098958333333333 0.5486111111111112 0.04114583333333333 0.1287037037037037
2 0.35 0.5745370370370371 0.057291666666666664 0.16018518518518518
2 0.42864583333333334 0.6060185185185185 0.06354166666666666 0.19722222222222224
2 0.5721354166666667 0.6134259259259259 0.08177083333333333 0.19907407407407407