0 0.9796874999999999 0.5643518518518519 0.022916666666666665 0.04537037037037037
0 0.7643229166666666 0.5601851851851852 0.0265625 0.03518518518518519
0 0.66328125 0.537962962962963 0.0203125 0.044444444444444446
0 0.6424479166666667 0.5393518518518519 0.0171875 0.03981481481481482
0 0.3234375 0.5148148148148148 0.014583333333333334 0.024074074074074074
0 0.29973958333333334 0.5013888888888889 0.0109375 0.02314814814814815
0 0.2 0.48935185185185187 0.0125 0.017592592592592594
0 0.20911458333333333 0.4912037037037037 0.009895833333333333 0.021296296296296296
2 0.196875 0.5449074074074074 0.041666666666666664 0.1287037037037037
2 0.2989583333333333 0.5523148148148148 0.0375 0.1212962962962963
2 0.32708333333333334 0.5833333333333334 0.051041666666666666 0.16481481481481483
2 0.6408854166666667 0.6319444444444444 0.08802083333333333 0.225
2 0.759375 0.6717592592592593 0.11770833333333333 0.2601851851851852
2 0.9502604166666666 0.6643518518518519 0.0984375 0.22870370370370371