0 0.9601562499999999 0.5805555555555556 0.0296875 0.05
1 0.74140625 0.5819444444444445 0.027604166666666666 0.04351851851851852
1 0.78125 0.6083333333333334 0.03125 0.0462962962962963
0 0.2955729166666667 0.5046296296296297 0.011979166666666666 0.014814814814814815
0 0.2638020833333333 0.4990740740740741 0.011979166666666666 0.018518518518518517
0 0.17526041666666667 0.4935185185185185 0.013020833333333334 0.020370370370370372
0 0.20677083333333332 0.4902777777777778 0.010416666666666666 0.017592592592592594
0 0.21458333333333332 0.48935185185185187 0.009375 0.015740740740740743
2 0.2947916666666667 0.5541666666666667 0.041666666666666664 0.1287037037037037
2 0.7377604166666667 0.725 0.13697916666666665 0.34074074074074073
2 0.9408854166666667 0.7148148148148148 0.1171875 0.32037037037037036