0 0.7513020833333334 0.576388888888889 0.033854166666666664 0.0638888888888889
0 0.69453125 0.5921296296296297 0.04010416666666666 0.058333333333333334
0 0.61171875 0.5416666666666667 0.022395833333333334 0.02962962962962963
0 0.48203124999999997 0.5236111111111111 0.019270833333333334 0.028703703703703703
1 0.39375 0.5430555555555556 0.016666666666666666 0.028703703703703703
1 0.37838541666666664 0.5273148148148148 0.0140625 0.030555555555555558
0 0.17239583333333333 0.48842592592592593 0.011458333333333333 0.015740740740740743
0 0.15755208333333334 0.4847222222222222 0.0067708333333333336 0.012037037037037037
0 0.12526041666666665 0.4800925925925926 0.005729166666666666 0.012037037037037037
0 0.12005208333333334 0.48055555555555557 0.0067708333333333336 0.009259259259259259
2 0.3765625 0.612037037037037 0.06354166666666666 0.20185185185185187
2 0.48020833333333335 0.6018518518518519 0.06041666666666667 0.1851851851851852
2 0.6067708333333334 0.6333333333333333 0.075 0.22037037037037038
2 0.6807291666666666 0.7652777777777778 0.16875 0.40092592592592596
2 0.7552083333333334 0.7185185185185186 0.14270833333333333 0.3425925925925926