0 0.34453125 0.5166666666666667 0.0203125 0.02962962962962963
0 0.3697916666666667 0.5106481481481482 0.015625 0.030555555555555558
0 0.22213541666666667 0.5180555555555556 0.024479166666666666 0.032407407407407406
0 0.26484375 0.5 0.015104166666666667 0.020370370370370372
1 0.20651041666666667 0.512962962962963 0.009895833333333333 0.018518518518518517
1 0.19739583333333333 0.5018518518518519 0.009375 0.018518518518518517
2 0.19583333333333333 0.5620370370370371 0.041666666666666664 0.1425925925925926
2 0.26197916666666665 0.5509259259259259 0.034375 0.12592592592592594
2 0.36822916666666666 0.5731481481481482 0.03958333333333333 0.14814814814814814
2 0.22083333333333333 0.5907407407407408 0.059375 0.18333333333333335
2 0.34375 0.5958333333333333 0.051041666666666666 0.18981481481481483