0 0.6864583333333333 0.4912037037037037 0.025 0.036111111111111115
0 0.67421875 0.4930555555555556 0.019270833333333334 0.032407407407407406
0 0.6328125 0.4777777777777778 0.01875 0.03518518518518519
0 0.5427083333333333 0.4740740740740741 0.015625 0.02777777777777778
0 0.32578125 0.4569444444444445 0.009895833333333333 0.017592592592592594
0 0.30234375 0.4532407407407408 0.011979166666666666 0.01388888888888889
0 0.16015625 0.4439814814814815 0.008854166666666666 0.010185185185185186
2 0.3013020833333333 0.4962962962962963 0.028645833333333332 0.10555555555555556
2 0.625 0.5578703703703703 0.075 0.19722222222222224
2 0.6677083333333333 0.5865740740740741 0.09583333333333333 0.22870370370370371
2 0.5591145833333333 0.5393518518518519 0.07447916666666667 0.15833333333333333