0 0.8611979166666667 0.3824074074074074 0.0328125 0.05185185185185186
0 0.7255208333333333 0.41203703703703703 0.046875 0.06851851851851852
0 0.7122395833333334 0.3902777777777778 0.033854166666666664 0.05462962962962963
0 0.53046875 0.3194444444444445 0.024479166666666666 0.03518518518518519
0 0.50390625 0.30972222222222223 0.0203125 0.030555555555555558
0 0.39817708333333335 0.2962962962962963 0.01614583333333333 0.02962962962962963
2 0.7294270833333333 0.5819444444444445 0.18697916666666667 0.4305555555555556
2 0.390625 0.38703703703703707 0.07395833333333333 0.20740740740740743
2 0.49713541666666666 0.3824074074074074 0.0703125 0.17592592592592593
2 0.52890625 0.4152777777777778 0.08697916666666666 0.22314814814814815
2 0.8450520833333334 0.5092592592592593 0.15364583333333334 0.3074074074074074