0 0.9252604166666667 0.3699074074074074 0.0296875 0.03796296296296296
0 0.68515625 0.3509259259259259 0.0234375 0.037037037037037035
0 0.6177083333333333 0.3416666666666667 0.022916666666666665 0.031481481481481485
0 0.4302083333333333 0.29953703703703705 0.016666666666666666 0.028703703703703703
0 0.19140625 0.24583333333333335 0.008854166666666666 0.017592592592592594
0 0.17890625 0.24861111111111112 0.0109375 0.021296296296296296
0 0.09036458333333333 0.23425925925925928 0.0109375 0.018518518518518517
2 0.17916666666666667 0.29953703703703705 0.040625 0.125
2 0.6078125 0.45833333333333337 0.11145833333333333 0.26851851851851855
2 0.67421875 0.4527777777777778 0.10364583333333333 0.24444444444444446
2 0.9143229166666667 0.49074074074074076 0.1453125 0.27222222222222225