1 0.38828125 0.6513888888888889 0.024479166666666666 0.05092592592592593
0 0.37604166666666666 0.5976851851851852 0.028125 0.06574074074074074
1 0.35651041666666666 0.6032407407407407 0.021354166666666667 0.04722222222222222
1 0.8791666666666667 0.575925925925926 0.025 0.04814814814814815
0 0.8877604166666666 0.5592592592592592 0.022395833333333334 0.040740740740740744
0 0.8598958333333333 0.5652777777777778 0.020833333333333332 0.04166666666666667
1 0.68203125 0.5458333333333334 0.0234375 0.036111111111111115
1 0.6658854166666667 0.5842592592592593 0.0140625 0.03333333333333333
0 0.6125 0.5342592592592593 0.016666666666666666 0.031481481481481485
0 0.5989583333333334 0.5388888888888889 0.01875 0.03888888888888889
0 0.5096354166666667 0.5287037037037037 0.0140625 0.03333333333333333
0 0.37005208333333334 0.5027777777777778 0.0140625 0.024074074074074074
1 0.3559895833333333 0.5208333333333334 0.009895833333333333 0.015740740740740743
0 0.35651041666666666 0.5092592592592593 0.011979166666666666 0.016666666666666666
0 0.28515625 0.5018518518518519 0.011979166666666666 0.022222222222222223
2 0.28541666666666665 0.5606481481481481 0.041666666666666664 0.13796296296296298
2 0.35494791666666664 0.5648148148148149 0.050520833333333334 0.15
2 0.5046875 0.6023148148148149 0.07083333333333333 0.18055555555555555
2 0.6002604166666666 0.6240740740740741 0.08385416666666666 0.21481481481481482
2 0.6841145833333333 0.6643518518518519 0.10677083333333333 0.27314814814814814
2 0.8736979166666666 0.7078703703703704 0.1484375 0.30833333333333335
2 0.8453125 0.6615740740740741 0.121875 0.23611111111111113
2 0.37838541666666664 0.7555555555555555 0.11302083333333333 0.3814814814814815