0 0.9640624999999999 0.8587962962962963 0.06979166666666667 0.1638888888888889
1 0.89140625 0.8643518518518519 0.07864583333333333 0.1564814814814815
0 0.634375 0.5365740740740741 0.01875 0.032407407407407406
0 0.7815104166666667 0.5449074074074074 0.0203125 0.036111111111111115
1 0.4708333333333333 0.5259259259259259 0.013541666666666667 0.02962962962962963
0 0.5091145833333334 0.524537037037037 0.0171875 0.030555555555555558
0 0.4953125 0.5291666666666667 0.015625 0.030555555555555558
0 0.14765625 0.4865740740740741 0.0078125 0.01388888888888889
1 0.39947916666666666 0.5148148148148148 0.017708333333333333 0.02962962962962963
0 0.3651041666666667 0.5069444444444444 0.0125 0.02314814814814815
0 0.35833333333333334 0.5097222222222222 0.011458333333333333 0.021296296296296296
0 0.3065104166666667 0.5046296296296297 0.0109375 0.022222222222222223
2 0.3559895833333333 0.5722222222222223 0.04739583333333333 0.1537037037037037
2 0.4036458333333333 0.5902777777777778 0.06145833333333333 0.1787037037037037
2 0.4739583333333333 0.6083333333333334 0.07083333333333333 0.1925925925925926
2 0.49765624999999997 0.5949074074074074 0.05260416666666667 0.17314814814814816
2 0.6299479166666666 0.6263888888888889 0.08072916666666667 0.2138888888888889