0 0.6153645833333333 0.5333333333333333 0.018229166666666668 0.03333333333333333
0 0.5963541666666666 0.5351851851851852 0.017708333333333333 0.02777777777777778
0 0.4934895833333333 0.5337962962962963 0.021354166666666667 0.032407407407407406
0 0.2609375 0.4986111111111111 0.010416666666666666 0.019444444444444445
0 0.22630208333333332 0.4916666666666667 0.011979166666666666 0.018518518518518517
1 0.159375 0.48703703703703705 0.010416666666666666 0.016666666666666666
0 0.1484375 0.48333333333333334 0.007291666666666667 0.012962962962962964
0 0.1453125 0.4861111111111111 0.007291666666666667 0.012962962962962964
0 0.109375 0.4851851851851852 0.007291666666666667 0.016666666666666666
1 0.09557291666666666 0.48750000000000004 0.009895833333333333 0.01388888888888889
2 0.259375 0.55 0.0375 0.12407407407407407
2 0.5013020833333334 0.6226851851851852 0.07864583333333333 0.2138888888888889
2 0.5934895833333333 0.6129629629629629 0.0796875 0.1925925925925926