0 0.8911458333333333 0.55 0.021875 0.03888888888888889
1 0.865625 0.5583333333333333 0.020833333333333332 0.040740740740740744
0 0.8195312499999999 0.576388888888889 0.034895833333333334 0.04722222222222222
0 0.4278645833333333 0.5157407407407407 0.015104166666666667 0.02777777777777778
0 0.4106770833333333 0.5162037037037037 0.015104166666666667 0.02314814814814815
0 0.3111979166666667 0.5106481481481482 0.015104166666666667 0.019444444444444445
0 0.17864583333333334 0.48888888888888893 0.009375 0.011111111111111112
0 0.21015625 0.49212962962962964 0.013020833333333334 0.02314814814814815
0 0.1625 0.48564814814814816 0.011458333333333333 0.015740740740740743
1 0.09244791666666667 0.4800925925925926 0.009895833333333333 0.01388888888888889
0 0.08515625 0.47824074074074074 0.0078125 0.01388888888888889
2 0.31614583333333335 0.576388888888889 0.051041666666666666 0.15462962962962964
2 0.41171874999999997 0.5782407407407407 0.0546875 0.1527777777777778
2 0.8643229166666666 0.6666666666666667 0.12760416666666666 0.27222222222222225
2 0.82578125 0.6995370370370371 0.13489583333333333 0.2990740740740741