0 0.78203125 0.4708333333333333 0.04114583333333333 0.0638888888888889
0 0.4674479166666667 0.4166666666666667 0.0328125 0.05740740740740741
0 0.26015625 0.35555555555555557 0.01614583333333333 0.031481481481481485
0 0.25 0.3615740740740741 0.016666666666666666 0.026851851851851852
0 0.17786458333333333 0.3416666666666667 0.008854166666666666 0.016666666666666666
0 0.17526041666666667 0.32916666666666666 0.0109375 0.015740740740740743
0 0.21510416666666665 0.3300925925925926 0.00625 0.01388888888888889
0 0.20911458333333333 0.33240740740740743 0.005729166666666666 0.011111111111111112
0 0.20260416666666667 0.33101851851851855 0.008333333333333333 0.01388888888888889
2 0.20755208333333333 0.375 0.03177083333333333 0.10925925925925926
2 0.17526041666666667 0.3805555555555556 0.03697916666666667 0.12592592592592594
2 0.25885416666666666 0.44212962962962965 0.059375 0.19351851851851853
2 0.4635416666666667 0.5476851851851852 0.103125 0.3138888888888889
2 0.7481770833333333 0.6648148148148149 0.18697916666666667 0.4537037037037037