0 0.9315104166666667 0.4356481481481482 0.024479166666666666 0.05092592592592593
0 0.9026041666666667 0.425462962962963 0.026041666666666668 0.049074074074074076
0 0.76328125 0.425462962962963 0.025520833333333333 0.04166666666666667
0 0.51953125 0.3819444444444445 0.011979166666666666 0.026851851851851852
0 0.50703125 0.37592592592592594 0.0140625 0.022222222222222223
0 0.15833333333333333 0.33194444444444443 0.011458333333333333 0.019444444444444445
0 0.13828125 0.32731481481481484 0.015104166666666667 0.021296296296296296
0 0.1140625 0.3194444444444445 0.008333333333333333 0.014814814814814815
0 0.12057291666666667 0.3162037037037037 0.0067708333333333336 0.01388888888888889
2 0.50859375 0.4324074074074074 0.044270833333333336 0.14074074074074075
2 0.7625 0.5606481481481481 0.13125 0.3175925925925926
2 0.884375 0.549074074074074 0.13229166666666667 0.29444444444444445