0 0.5588541666666667 0.5726851851851852 0.06041666666666667 0.125
1 0.8234374999999999 0.42453703703703705 0.019791666666666666 0.03981481481481482
0 0.83203125 0.41435185185185186 0.021354166666666667 0.036111111111111115
0 0.696875 0.4013888888888889 0.026041666666666668 0.03425925925925926
0 0.3932291666666667 0.36203703703703705 0.015625 0.024074074074074074
0 0.36744791666666665 0.35462962962962963 0.013020833333333334 0.022222222222222223
0 0.3609375 0.3601851851851852 0.0125 0.020370370370370372
2 0.36640625 0.4314814814814815 0.049479166666666664 0.17777777777777778
2 0.603125 0.4666666666666667 0.08020833333333333 0.1962962962962963
2 0.8122395833333333 0.5314814814814816 0.1296875 0.2611111111111111
2 0.7041666666666666 0.4902777777777778 0.052083333333333336 0.2138888888888889
2 0.81796875 0.5171296296296296 0.1140625 0.24537037037037038
2 0.5752604166666666 0.7574074074074074 0.1890625 0.48333333333333334