0 0.9544270833333334 0.43703703703703706 0.0265625 0.05
0 0.9203125 0.44537037037037036 0.035416666666666666 0.06666666666666667
0 0.6591145833333333 0.40231481481481485 0.019270833333333334 0.032407407407407406
0 0.6479166666666667 0.4013888888888889 0.013541666666666667 0.026851851851851852
0 0.55 0.3768518518518519 0.017708333333333333 0.02777777777777778
1 0.47161458333333334 0.3768518518518519 0.013020833333333334 0.02592592592592593
0 0.46640624999999997 0.3662037037037037 0.015104166666666667 0.021296296296296296
0 0.4044270833333333 0.3564814814814815 0.01614583333333333 0.022222222222222223
0 0.24687499999999998 0.3365740740740741 0.013541666666666667 0.019444444444444445
2 0.4067708333333333 0.4185185185185185 0.046875 0.1425925925925926
2 0.4669270833333333 0.45046296296296295 0.059895833333333336 0.17500000000000002
2 0.5484375 0.4527777777777778 0.057291666666666664 0.17777777777777778
2 0.64140625 0.4842592592592593 0.0796875 0.19444444444444445
2 0.6536458333333334 0.5069444444444444 0.10625 0.24351851851851852