0 0.47682291666666665 0.3726851851851852 0.018229166666666668 0.025
0 0.3690104166666667 0.3574074074074074 0.011979166666666666 0.022222222222222223
0 0.35833333333333334 0.3560185185185185 0.011458333333333333 0.017592592592592594
0 0.19036458333333334 0.33611111111111114 0.0109375 0.016666666666666666
0 0.21197916666666666 0.33425925925925926 0.008333333333333333 0.016666666666666666
0 0.22604166666666667 0.33425925925925926 0.008333333333333333 0.012962962962962964
0 0.2526041666666667 0.3472222222222222 0.011458333333333333 0.020370370370370372
0 0.2677083333333333 0.3453703703703704 0.0125 0.022222222222222223
2 0.18958333333333333 0.38703703703703707 0.0375 0.12222222222222223
2 0.3625 0.41620370370370374 0.05 0.14166666666666666
2 0.27057291666666666 0.4064814814814815 0.043229166666666666 0.1462962962962963
2 0.47213541666666664 0.4393518518518519 0.059895833333333336 0.1638888888888889