0 0.7627604166666666 0.4203703703703704 0.0296875 0.061111111111111116
0 0.7510416666666666 0.3726851851851852 0.027083333333333334 0.05092592592592593
0 0.7002604166666666 0.3648148148148148 0.0265625 0.04814814814814815
0 0.6765625 0.3615740740740741 0.017708333333333333 0.04166666666666667
0 0.6557291666666667 0.3462962962962963 0.02395833333333333 0.040740740740740744
0 0.3807291666666667 0.2888888888888889 0.017708333333333333 0.02962962962962963
0 0.2817708333333333 0.2851851851851852 0.015625 0.03518518518518519
2 0.27760416666666665 0.3787037037037037 0.07083333333333333 0.22037037037037038
2 0.3815104166666667 0.3805555555555556 0.0609375 0.21851851851851853
2 0.6458333333333334 0.46620370370370373 0.11562499999999999 0.27685185185185185
2 0.6723958333333333 0.500925925925926 0.17708333333333334 0.3277777777777778
2 0.74921875 0.5939814814814816 0.2015625 0.4138888888888889