0 0.6463541666666667 0.35324074074074074 0.025 0.04722222222222222
1 0.5630208333333333 0.3453703703703704 0.019791666666666666 0.040740740740740744
0 0.5205729166666666 0.32175925925925924 0.0203125 0.04166666666666667
0 0.36484375 0.33194444444444443 0.022395833333333334 0.04351851851851852
0 0.32734375 0.29074074074074074 0.0234375 0.03333333333333333
0 0.20260416666666667 0.25324074074074077 0.013541666666666667 0.030555555555555558
0 0.12864583333333332 0.250462962962963 0.0125 0.025
2 0.12682291666666667 0.3125 0.044270833333333336 0.14907407407407408
2 0.20598958333333334 0.3199074074074074 0.044270833333333336 0.15462962962962964
2 0.5197916666666667 0.4240740740740741 0.11562499999999999 0.24629629629629632
2 0.6489583333333333 0.4759259259259259 0.14375 0.2925925925925926
2 0.3234375 0.38101851851851853 0.06770833333333333 0.22314814814814815
2 0.3645833333333333 0.44351851851851853 0.08541666666666667 0.27222222222222225
2 0.55859375 0.47453703703703703 0.15052083333333333 0.3027777777777778
2 0.8510416666666667 0.5333333333333333 0.19166666666666665 0.3351851851851852
2 0.036458333333333336 0.38287037037037036 0.0625 0.22870370370370371