0 0.8541666666666666 0.425462962962963 0.040625 0.06018518518518519
0 0.80703125 0.3912037037037037 0.0265625 0.05277777777777778
1 0.5098958333333333 0.3194444444444445 0.028125 0.05555555555555556
0 0.4734375 0.3263888888888889 0.01875 0.04722222222222222
0 0.44947916666666665 0.3111111111111111 0.021875 0.04259259259259259
0 0.2989583333333333 0.2851851851851852 0.014583333333333334 0.02777777777777778
0 0.2838541666666667 0.27222222222222225 0.015625 0.024074074074074074
0 0.23151041666666666 0.26944444444444443 0.013020833333333334 0.018518518518518517
1 0.16953125 0.25833333333333336 0.015104166666666667 0.02777777777777778
1 0.09609375 0.25 0.011979166666666666 0.024074074074074074
0 0.07447916666666667 0.23240740740740742 0.0125 0.014814814814814815
0 0.03203125 0.2199074074074074 0.0078125 0.012037037037037037
2 0.2825520833333333 0.34305555555555556 0.05260416666666667 0.16574074074074074
2 0.23020833333333332 0.34444444444444444 0.05 0.17407407407407408
2 0.09791666666666667 0.3101851851851852 0.0375 0.14444444444444446
2 0.16770833333333332 0.32222222222222224 0.042708333333333334 0.15925925925925927
2 0.45026041666666666 0.41064814814814815 0.09114583333333333 0.23425925925925928
2 0.503125 0.44907407407407407 0.10729166666666666 0.3074074074074074
2 0.7854166666666667 0.5333333333333333 0.18229166666666666 0.3351851851851852