0 0.50859375 0.33564814814814814 0.0328125 0.05462962962962963
0 0.44244791666666666 0.3375 0.024479166666666666 0.03796296296296296
0 0.42109375 0.312962962962963 0.021354166666666667 0.037037037037037035
0 0.23697916666666666 0.26805555555555555 0.014583333333333334 0.02314814814814815
0 0.2484375 0.28055555555555556 0.017708333333333333 0.02777777777777778
1 0.1734375 0.2569444444444445 0.016666666666666666 0.030555555555555558
0 0.18072916666666666 0.25277777777777777 0.0125 0.02777777777777778
0 0.11145833333333333 0.2439814814814815 0.011458333333333333 0.017592592592592594
1 0.07317708333333334 0.2337962962962963 0.011979166666666666 0.019444444444444445
1 0.022135416666666668 0.23240740740740742 0.009895833333333333 0.014814814814814815
2 0.17109375 0.3027777777777778 0.03697916666666667 0.1277777777777778
2 0.11145833333333333 0.29814814814814816 0.036458333333333336 0.1277777777777778
2 0.23385416666666667 0.3421296296296296 0.05520833333333333 0.16944444444444445
2 0.16927083333333334 0.33472222222222225 0.052083333333333336 0.18796296296296297
2 0.41562499999999997 0.4083333333333333 0.08333333333333333 0.2240740740740741
2 0.49635416666666665 0.46342592592592596 0.11145833333333333 0.3101851851851852