0 0.8591145833333333 0.37962962962962965 0.0390625 0.05
1 0.403125 0.3143518518518519 0.02395833333333333 0.05092592592592593
1 0.37734375 0.3106481481481482 0.021354166666666667 0.04166666666666667
0 0.25416666666666665 0.28425925925925927 0.016666666666666666 0.024074074074074074
0 0.24114583333333334 0.27314814814814814 0.013541666666666667 0.022222222222222223
0 0.22343749999999998 0.26435185185185184 0.017708333333333333 0.025
0 0.03125 0.26342592592592595 0.016666666666666666 0.03425925925925926
0 0.11640625 0.2490740740740741 0.011979166666666666 0.022222222222222223
0 0.10755208333333333 0.24166666666666667 0.011979166666666666 0.020370370370370372
0 0.09322916666666667 0.23472222222222222 0.008333333333333333 0.019444444444444445
1 0.04088541666666667 0.22824074074074074 0.015104166666666667 0.02314814814814815
2 0.109375 0.29444444444444445 0.035416666666666666 0.12592592592592594
2 0.24401041666666667 0.3388888888888889 0.043229166666666666 0.1574074074074074
2 0.22343749999999998 0.350462962962963 0.058333333333333334 0.19166666666666668
2 0.3776041666666667 0.41250000000000003 0.08020833333333333 0.24351851851851852
2 0.035416666666666666 0.3462962962962963 0.058333333333333334 0.20555555555555557
2 0.8466145833333333 0.5166666666666667 0.19322916666666667 0.3277777777777778