0 0.8140625 0.5458333333333334 0.026041666666666668 0.049074074074074076
1 0.74296875 0.549074074074074 0.0234375 0.03518518518518519
1 0.7328125 0.5615740740740741 0.019791666666666666 0.032407407407407406
0 0.54140625 0.5342592592592593 0.018229166666666668 0.037037037037037035
0 0.28802083333333334 0.5046296296296297 0.0125 0.020370370370370372
0 0.2557291666666667 0.4898148148148148 0.010416666666666666 0.018518518518518517
2 0.25677083333333334 0.5398148148148149 0.034375 0.11851851851851852
2 0.2864583333333333 0.5643518518518519 0.04375 0.14351851851851852
2 0.5364583333333334 0.6268518518518519 0.08958333333333333 0.21851851851851853
2 0.7291666666666666 0.6680555555555556 0.13541666666666666 0.28055555555555556
2 0.81015625 0.6444444444444445 0.10885416666666667 0.2425925925925926