0 0.6140625 0.513425925925926 0.0375 0.09351851851851853
0 0.49557291666666664 0.37592592592592594 0.015104166666666667 0.02962962962962963
0 0.3208333333333333 0.35185185185185186 0.013541666666666667 0.022222222222222223
0 0.2908854166666667 0.3476851851851852 0.013020833333333334 0.025
0 0.23177083333333334 0.33564814814814814 0.010416666666666666 0.017592592592592594
0 0.22630208333333332 0.33333333333333337 0.009895833333333333 0.016666666666666666
0 0.19270833333333334 0.3337962962962963 0.011458333333333333 0.015740740740740743
2 0.22578125 0.3856481481481482 0.04010416666666666 0.125
2 0.28854166666666664 0.39722222222222225 0.03229166666666666 0.12592592592592594
2 0.31979166666666664 0.41203703703703703 0.040625 0.1462962962962963
2 0.4934895833333333 0.45833333333333337 0.06197916666666667 0.19444444444444445
2 0.61640625 0.7347222222222223 0.1921875 0.5287037037037037