1 0.28151041666666665 0.41481481481481486 0.021354166666666667 0.05185185185185186
1 0.2622395833333333 0.41620370370370374 0.0234375 0.04722222222222222
1 0.14453125 0.41712962962962963 0.024479166666666666 0.04722222222222222
1 0.11145833333333333 0.37592592592592594 0.015625 0.02962962962962963
1 0.02265625 0.34953703703703703 0.0109375 0.021296296296296296
1 0.011197916666666667 0.34953703703703703 0.0140625 0.021296296296296296
0 0.3302083333333333 0.3611111111111111 0.011458333333333333 0.024074074074074074
0 0.32109375 0.36342592592592593 0.0109375 0.017592592592592594
0 0.30494791666666665 0.3611111111111111 0.013020833333333334 0.020370370370370372
0 0.29375 0.3675925925925926 0.010416666666666666 0.024074074074074074
0 0.21328125 0.34490740740740744 0.0140625 0.019444444444444445
0 0.20416666666666666 0.350462962962963 0.0125 0.015740740740740743
2 0.32005208333333335 0.4240740740740741 0.049479166666666664 0.15
2 0.29713541666666665 0.4300925925925926 0.0515625 0.16203703703703703
2 0.20364583333333333 0.41250000000000003 0.04583333333333333 0.15462962962962964
2 0.15442708333333333 0.5518518518518519 0.08802083333333333 0.32407407407407407
2 0.28072916666666664 0.5486111111111112 0.090625 0.3194444444444445
2 0.11223958333333334 0.45833333333333337 0.058854166666666666 0.2111111111111111
2 0.020833333333333332 0.40925925925925927 0.042708333333333334 0.15185185185185185