0 0.06458333333333333 0.2564814814814815 0.017708333333333333 0.037037037037037035
0 0.08177083333333333 0.23796296296296296 0.009375 0.018518518518518517
0 0.23333333333333334 0.2638888888888889 0.014583333333333334 0.022222222222222223
0 0.7510416666666666 0.3717592592592593 0.01875 0.03981481481481482
0 0.7786458333333334 0.375 0.022916666666666665 0.044444444444444446
0 0.9361979166666666 0.3990740740740741 0.0359375 0.053703703703703705
0 0.9796874999999999 0.3944444444444445 0.030208333333333334 0.053703703703703705
2 0.23229166666666667 0.33055555555555555 0.053125 0.1537037037037037
2 0.7333333333333333 0.4810185185185185 0.121875 0.25092592592592594
2 0.91484375 0.5430555555555556 0.16927083333333334 0.3509259259259259
2 0.35546875 0.33796296296296297 0.05260416666666667 0.1537037037037037
2 0.06822916666666666 0.34675925925925927 0.05520833333333333 0.21944444444444444