0 0.8994791666666666 0.39675925925925926 0.03229166666666666 0.05092592592592593
0 0.8723958333333334 0.4013888888888889 0.03125 0.0638888888888889
0 0.5395833333333333 0.3175925925925926 0.017708333333333333 0.03518518518518519
0 0.36302083333333335 0.312962962962963 0.020833333333333332 0.031481481481481485
0 0.14609375 0.2449074074074074 0.009895833333333333 0.019444444444444445
0 0.13645833333333332 0.2537037037037037 0.014583333333333334 0.022222222222222223
0 0.15989583333333332 0.2574074074074074 0.010416666666666666 0.020370370370370372
0 0.16927083333333334 0.25787037037037036 0.0125 0.02314814814814815
2 0.13723958333333333 0.30462962962962964 0.044270833333333336 0.14074074074074075
2 0.35 0.35879629629629634 0.06354166666666666 0.1675925925925926
2 0.5307291666666667 0.4134259259259259 0.08854166666666667 0.22870370370370371
2 0.3575520833333333 0.40370370370370373 0.07760416666666667 0.2240740740740741
2 0.8533854166666667 0.5467592592592593 0.1984375 0.35833333333333334
2 0.3546875 0.3388888888888889 0.052083333333333336 0.1537037037037037