0 0.67265625 0.3402777777777778 0.0234375 0.03796296296296296
0 0.48671875 0.32222222222222224 0.0203125 0.04259259259259259
0 0.3424479166666667 0.2884259259259259 0.01614583333333333 0.028703703703703703
0 0.3307291666666667 0.2898148148148148 0.013541666666666667 0.02777777777777778
0 0.26145833333333335 0.26666666666666666 0.015625 0.022222222222222223
0 0.17942708333333332 0.2555555555555556 0.009895833333333333 0.014814814814814815
0 0.1703125 0.25277777777777777 0.013541666666666667 0.020370370370370372
0 0.12630208333333334 0.2550925925925926 0.011979166666666666 0.021296296296296296
2 0.1703125 0.30694444444444446 0.03958333333333333 0.1287037037037037
2 0.2591145833333333 0.33472222222222225 0.05260416666666667 0.16018518518518518
2 0.12291666666666666 0.3143518518518519 0.04479166666666667 0.14166666666666666
2 0.33046875 0.37453703703703706 0.0703125 0.20462962962962963
2 0.48046875 0.4152777777777778 0.08177083333333333 0.2212962962962963
2 0.6677083333333333 0.4481481481481482 0.11145833333333333 0.25
2 0.35442708333333334 0.3388888888888889 0.05260416666666667 0.1537037037037037