1 0.33880208333333334 0.5092592592592593 0.0171875 0.0462962962962963
1 0.32526041666666666 0.5120370370370371 0.015104166666666667 0.037037037037037035
1 0.5807291666666666 0.6078703703703704 0.0375 0.08055555555555556
1 0.5770833333333333 0.5828703703703704 0.036458333333333336 0.06944444444444445
1 0.5372395833333333 0.4763888888888889 0.0140625 0.026851851851851852
0 0.5247395833333334 0.47314814814814815 0.013020833333333334 0.02592592592592593
0 0.4158854166666667 0.45925925925925926 0.013020833333333334 0.018518518518518517
2 0.3419270833333333 0.6263888888888889 0.07239583333333333 0.27685185185185185
2 0.5971354166666667 0.7731481481481481 0.15677083333333333 0.4518518518518519
2 0.41510416666666666 0.5069444444444444 0.03958333333333333 0.1175925925925926
2 0.5268229166666667 0.5458333333333334 0.08072916666666667 0.17500000000000002