0 0.31354166666666666 0.4537037037037037 0.010416666666666666 0.016666666666666666
0 0.64375 0.4902777777777778 0.020833333333333332 0.032407407407407406
0 0.79765625 0.49444444444444446 0.024479166666666666 0.037037037037037035
0 0.8697916666666666 0.5013888888888889 0.028125 0.04166666666666667
0 0.8872395833333333 0.538425925925926 0.030729166666666665 0.05277777777777778
0 0.9229166666666666 0.5458333333333334 0.03229166666666666 0.04722222222222222
2 0.31145833333333334 0.4962962962962963 0.036458333333333336 0.10185185185185186
2 0.646875 0.5902777777777778 0.08541666666666667 0.23611111111111113
2 0.7908854166666667 0.6074074074074074 0.10781249999999999 0.26851851851851855
2 0.8768229166666667 0.6893518518518519 0.16302083333333334 0.35462962962962963
2 0.8690104166666667 0.6097222222222223 0.10572916666666667 0.25092592592592594