0 0.8408854166666666 0.5689814814814815 0.0359375 0.058333333333333334
0 0.6369791666666667 0.5365740740740741 0.020833333333333332 0.04166666666666667
0 0.5401041666666666 0.5527777777777778 0.01875 0.03888888888888889
0 0.525 0.5439814814814815 0.01875 0.032407407407407406
0 0.5645833333333333 0.5324074074074074 0.017708333333333333 0.022222222222222223
0 0.3572916666666667 0.6467592592592593 0.046875 0.09351851851851853
0 0.22213541666666667 0.5 0.013020833333333334 0.020370370370370372
0 0.13333333333333333 0.5125000000000001 0.011458333333333333 0.028703703703703703
2 0.528125 0.6513888888888889 0.08854166666666667 0.24537037037037038
2 0.6341145833333334 0.6481481481481481 0.1046875 0.26481481481481484
2 0.8388020833333333 0.7032407407407407 0.15989583333333332 0.3194444444444445
2 0.3572916666666667 0.8032407407407408 0.13125 0.39166666666666666
2 0.13697916666666665 0.5768518518518518 0.042708333333333334 0.16111111111111112
2 0.5721354166666667 0.6064814814814815 0.05364583333333333 0.1814814814814815