0 0.8427083333333333 0.5560185185185186 0.028125 0.05462962962962963
0 0.5958333333333333 0.5351851851851852 0.02395833333333333 0.031481481481481485
0 0.5651041666666666 0.5527777777777778 0.022916666666666665 0.037037037037037035
0 0.30755208333333334 0.5694444444444444 0.022395833333333334 0.04814814814814815
0 0.4356770833333333 0.5194444444444445 0.01614583333333333 0.03333333333333333
0 0.325 0.5027777777777778 0.014583333333333334 0.024074074074074074
0 0.29713541666666665 0.513888888888889 0.011979166666666666 0.020370370370370372
0 0.2903645833333333 0.5097222222222222 0.013020833333333334 0.021296296296296296
0 0.096875 0.48564814814814816 0.008333333333333333 0.012037037037037037
2 0.29244791666666664 0.5768518518518518 0.0484375 0.15555555555555556
2 0.4317708333333333 0.5976851851851852 0.06041666666666667 0.18611111111111112
2 0.5674479166666666 0.6467592592592593 0.10781249999999999 0.26203703703703707
2 0.8333333333333334 0.6958333333333334 0.16458333333333333 0.33055555555555555
2 0.31484375 0.7032407407407407 0.0828125 0.3138888888888889