0 0.83203125 0.5861111111111111 0.0296875 0.05
0 0.4080729166666667 0.5314814814814816 0.0203125 0.03333333333333333
0 0.37786458333333334 0.5064814814814815 0.01614583333333333 0.024074074074074074
0 0.290625 0.4990740740740741 0.010416666666666666 0.020370370370370372
0 0.27890625 0.5083333333333333 0.0109375 0.020370370370370372
0 0.18645833333333334 0.49722222222222223 0.009375 0.014814814814814815
0 0.18203125 0.49444444444444446 0.009895833333333333 0.014814814814814815
0 0.16770833333333332 0.48703703703703705 0.0125 0.020370370370370372
2 0.28489583333333335 0.5680555555555555 0.05520833333333333 0.16018518518518518
2 0.3768229166666667 0.5819444444444445 0.05260416666666667 0.18055555555555555
2 0.40338541666666666 0.6236111111111111 0.0703125 0.21574074074074076
2 0.81796875 0.7125 0.14010416666666667 0.30092592592592593