1 0.86171875 0.575462962962963 0.027604166666666666 0.04166666666666667
0 0.8223958333333333 0.5847222222222223 0.030208333333333334 0.05648148148148149
0 0.78359375 0.5662037037037038 0.024479166666666666 0.049074074074074076
0 0.7640625 0.5638888888888889 0.026041666666666668 0.044444444444444446
0 0.43645833333333334 0.5300925925925926 0.020833333333333332 0.025
0 0.21119791666666665 0.4990740740740741 0.011979166666666666 0.020370370370370372
0 0.22447916666666667 0.487962962962963 0.011458333333333333 0.022222222222222223
0 0.18411458333333333 0.48703703703703705 0.008854166666666666 0.016666666666666666
0 0.1671875 0.4861111111111111 0.013541666666666667 0.016666666666666666
0 0.10885416666666667 0.48564814814814816 0.010416666666666666 0.01388888888888889
2 0.43463541666666666 0.6074074074074074 0.057812499999999996 0.1814814814814815
2 0.8122395833333333 0.737037037037037 0.16197916666666667 0.3666666666666667
2 0.7513020833333334 0.6907407407407408 0.1453125 0.2962962962962963