0 0.9197916666666667 0.3893518518518519 0.028125 0.058333333333333334
0 0.8778645833333333 0.3814814814814815 0.028645833333333332 0.044444444444444446
0 0.42083333333333334 0.3175925925925926 0.021875 0.04814814814814815
0 0.5244791666666666 0.3180555555555556 0.016666666666666666 0.03425925925925926
0 0.5151041666666667 0.32083333333333336 0.017708333333333333 0.032407407407407406
0 0.3338541666666667 0.28750000000000003 0.01875 0.028703703703703703
0 0.3208333333333333 0.28101851851851856 0.017708333333333333 0.02314814814814815
0 0.21588541666666666 0.27824074074074073 0.01614583333333333 0.036111111111111115
0 0.20963541666666666 0.27870370370370373 0.0171875 0.031481481481481485
2 0.42265625 0.44027777777777777 0.09427083333333333 0.2916666666666667
2 0.21796875 0.3680555555555556 0.06510416666666667 0.21574074074074076
2 0.3208333333333333 0.34351851851851856 0.05520833333333333 0.15
2 0.3911458333333333 0.3731481481481482 0.06875 0.19074074074074074
2 0.5083333333333333 0.4046296296296297 0.075 0.2111111111111111
2 0.8669270833333333 0.512962962962963 0.14635416666666667 0.3055555555555556