0 0.8156249999999999 0.3990740740740741 0.036458333333333336 0.06666666666666667
0 0.771875 0.39814814814814814 0.04479166666666667 0.06851851851851852
0 0.4283854166666667 0.32962962962962966 0.022395833333333334 0.053703703703703705
0 0.4166666666666667 0.32731481481481484 0.01875 0.04537037037037037
0 0.5138020833333333 0.312962962962963 0.0140625 0.037037037037037035
0 0.4973958333333333 0.3078703703703704 0.015625 0.028703703703703703
0 0.26276041666666666 0.2652777777777778 0.011979166666666666 0.021296296296296296
0 0.17942708333333332 0.2555555555555556 0.0171875 0.02962962962962963
0 0.146875 0.24953703703703706 0.0125 0.021296296296296296
0 0.13697916666666665 0.24537037037037038 0.010416666666666666 0.020370370370370372
2 0.8223958333333333 0.6013888888888889 0.19270833333333334 0.4675925925925926
2 0.43255208333333334 0.45231481481481484 0.09635416666666667 0.3027777777777778
2 0.17708333333333334 0.30972222222222223 0.041666666666666664 0.14166666666666666
2 0.2591145833333333 0.32546296296296295 0.04010416666666666 0.14166666666666666
2 0.4947916666666667 0.3939814814814815 0.06875 0.1953703703703704