0 0.13125 0.3564814814814815 0.0125 0.02592592592592593
0 0.12109375 0.3564814814814815 0.011979166666666666 0.02592592592592593
0 0.2908854166666667 0.3476851851851852 0.013020833333333334 0.026851851851851852
0 0.43124999999999997 0.37824074074074077 0.014583333333333334 0.028703703703703703
0 0.4296875 0.36342592592592593 0.016666666666666666 0.02314814814814815
0 0.52421875 0.3800925925925926 0.01614583333333333 0.028703703703703703
0 0.5442708333333334 0.3773148148148148 0.013541666666666667 0.02314814814814815
0 0.6708333333333333 0.39583333333333337 0.019791666666666666 0.032407407407407406
0 0.83828125 0.42638888888888893 0.0296875 0.07314814814814816
2 0.5440104166666666 0.44074074074074077 0.0609375 0.15555555555555556
2 0.2908854166666667 0.4138888888888889 0.049479166666666664 0.16111111111111112
2 0.42552083333333335 0.4388888888888889 0.05625 0.17777777777777778
2 0.5208333333333334 0.4532407407407408 0.06875 0.17314814814814816
2 0.6747395833333333 0.49768518518518523 0.09739583333333333 0.23611111111111113
2 0.82578125 0.5652777777777778 0.14739583333333334 0.33240740740740743
2 0.13333333333333333 0.42083333333333334 0.046875 0.16203703703703703