0 0.6385416666666667 0.4356481481481482 0.03333333333333333 0.06574074074074074
0 0.6091145833333333 0.3888888888888889 0.0171875 0.02962962962962963
0 0.6307291666666667 0.39212962962962966 0.016666666666666666 0.03425925925925926
1 0.3190104166666667 0.34861111111111115 0.0109375 0.021296296296296296
0 0.3130208333333333 0.3472222222222222 0.009375 0.020370370370370372
0 0.10364583333333333 0.3365740740740741 0.013541666666666667 0.026851851851851852
0 0.16692708333333334 0.3287037037037037 0.009895833333333333 0.012962962962962964
2 0.16796875 0.3652777777777778 0.024479166666666666 0.08796296296296297
2 0.3151041666666667 0.40370370370370373 0.03958333333333333 0.13148148148148148
2 0.6028645833333334 0.475462962962963 0.0734375 0.2064814814814815
2 0.10833333333333334 0.3851851851851852 0.040625 0.1388888888888889
2 0.6424479166666667 0.576388888888889 0.13177083333333334 0.33425925925925926