0 0.5661458333333333 0.49074074074074076 0.021875 0.037037037037037035
0 0.4395833333333333 0.5185185185185185 0.020833333333333332 0.04814814814814815
0 0.4591145833333333 0.48240740740740745 0.0140625 0.02777777777777778
0 0.4427083333333333 0.4791666666666667 0.016666666666666666 0.026851851851851852
0 0.37421875 0.47361111111111115 0.022395833333333334 0.026851851851851852
0 0.3359375 0.47453703703703703 0.010416666666666666 0.021296296296296296
0 0.32916666666666666 0.4712962962962963 0.010416666666666666 0.018518518518518517
0 0.09739583333333333 0.4425925925925926 0.007291666666666667 0.009259259259259259
0 0.07578125 0.44537037037037036 0.0078125 0.014814814814814815
0 0.045572916666666664 0.4412037037037037 0.0078125 0.01388888888888889
2 0.3299479166666667 0.5259259259259259 0.044270833333333336 0.13148148148148148
2 0.3809895833333333 0.5597222222222222 0.06197916666666667 0.20277777777777778
2 0.44375 0.5509259259259259 0.058333333333333334 0.17407407407407408
2 0.5622395833333333 0.5740740740740741 0.0859375 0.2
2 0.44895833333333335 0.6351851851851852 0.09791666666666667 0.2851851851851852