0 0.6502604166666667 0.5509259259259259 0.030729166666666665 0.06296296296296297
0 0.26640625 0.4625 0.009895833333333333 0.019444444444444445
0 0.26119791666666664 0.4601851851851852 0.009895833333333333 0.016666666666666666
0 0.2755208333333333 0.46296296296296297 0.009375 0.014814814814814815
0 0.20078125 0.45601851851851855 0.0140625 0.02314814814814815
0 0.18984375 0.45787037037037037 0.0078125 0.015740740740740743
0 0.184375 0.4569444444444445 0.008333333333333333 0.015740740740740743
0 0.15390625 0.4518518518518519 0.009895833333333333 0.014814814814814815
2 0.20130208333333333 0.5157407407407407 0.0421875 0.1425925925925926
2 0.26458333333333334 0.5208333333333334 0.04583333333333333 0.1398148148148148
2 0.6671875 0.7166666666666667 0.134375 0.3888888888888889