0 0.8015625 0.3685185185185185 0.027083333333333334 0.04814814814814815
1 0.6700520833333333 0.3731481481481482 0.018229166666666668 0.03518518518518519
0 0.6419270833333334 0.3597222222222222 0.021354166666666667 0.03796296296296296
0 0.5770833333333333 0.3212962962962963 0.017708333333333333 0.03333333333333333
0 0.5403645833333334 0.3263888888888889 0.018229166666666668 0.03425925925925926
0 0.44036458333333334 0.2949074074074074 0.018229166666666668 0.030555555555555558
1 0.45208333333333334 0.3199074074074074 0.016666666666666666 0.030555555555555558
1 0.33307291666666666 0.2986111111111111 0.015104166666666667 0.028703703703703703
0 0.31614583333333335 0.2833333333333333 0.01875 0.03333333333333333
0 0.12135416666666667 0.24444444444444446 0.010416666666666666 0.020370370370370372
2 0.3145833333333333 0.36064814814814816 0.057291666666666664 0.18425925925925926
2 0.4361979166666667 0.3861111111111111 0.0703125 0.20555555555555557
2 0.5390625 0.4175925925925926 0.08958333333333333 0.21481481481481482
2 0.6408854166666667 0.46296296296296297 0.1171875 0.24629629629629632
2 0.7872395833333333 0.475462962962963 0.1296875 0.2601851851851852