1 0.88046875 0.40324074074074073 0.0234375 0.04722222222222222
1 0.8557291666666667 0.3814814814814815 0.022916666666666665 0.04814814814814815
1 0.7104166666666667 0.36064814814814816 0.017708333333333333 0.03425925925925926
0 0.6908854166666667 0.33842592592592596 0.025520833333333333 0.03796296296296296
1 0.5377604166666666 0.33194444444444443 0.01614583333333333 0.028703703703703703
0 0.528125 0.32962962962962966 0.021875 0.03333333333333333
0 0.4140625 0.30185185185185187 0.015625 0.02777777777777778
0 0.3325520833333333 0.27546296296296297 0.015104166666666667 0.019444444444444445
0 0.2916666666666667 0.2888888888888889 0.0125 0.02592592592592593
1 0.30859375 0.2949074074074074 0.0140625 0.019444444444444445
0 0.22369791666666666 0.26851851851851855 0.015104166666666667 0.02592592592592593
0 0.21536458333333333 0.2555555555555556 0.0109375 0.020370370370370372
2 0.22109375 0.33194444444444443 0.0546875 0.1527777777777778
2 0.3325520833333333 0.34120370370370373 0.04635416666666667 0.14907407407407408
2 0.2934895833333333 0.3560185185185185 0.057812499999999996 0.1638888888888889
2 0.40859375 0.3712962962962963 0.06302083333333333 0.17962962962962964
2 0.525 0.42592592592592593 0.08333333333333333 0.22777777777777777
2 0.68828125 0.4393518518518519 0.10677083333333333 0.24166666666666667
2 0.84453125 0.5060185185185185 0.15364583333333334 0.2990740740740741