0 0.14921875 0.3851851851851852 0.0265625 0.044444444444444446
0 0.25885416666666666 0.3615740740740741 0.015625 0.026851851851851852
0 0.3671875 0.36944444444444446 0.011458333333333333 0.020370370370370372
1 0.38046875 0.3712962962962963 0.0171875 0.024074074074074074
1 0.52578125 0.40092592592592596 0.013020833333333334 0.024074074074074074
1 0.5080729166666667 0.3990740740740741 0.015104166666666667 0.02592592592592593
1 0.49947916666666664 0.39861111111111114 0.010416666666666666 0.02314814814814815
1 0.1921875 0.3550925925925926 0.010416666666666666 0.021296296296296296
1 0.18385416666666665 0.34814814814814815 0.009375 0.014814814814814815
0 0.8166666666666667 0.44027777777777777 0.029166666666666667 0.058333333333333334
0 0.8497395833333333 0.4462962962962963 0.033854166666666664 0.053703703703703705
2 0.18541666666666667 0.40694444444444444 0.041666666666666664 0.1398148148148148
2 0.3651041666666667 0.43333333333333335 0.05416666666666667 0.15185185185185185
2 0.2591145833333333 0.43472222222222223 0.05260416666666667 0.1787037037037037
2 0.5041666666666667 0.46990740740740744 0.07604166666666666 0.17685185185185187
2 0.7986979166666667 0.5916666666666667 0.14947916666666666 0.35000000000000003
2 0.15234375 0.4986111111111111 0.07239583333333333 0.27314814814814814