0 0.6809895833333334 0.42314814814814816 0.021354166666666667 0.03888888888888889
0 0.64609375 0.41944444444444445 0.018229166666666668 0.03518518518518519
1 0.6635416666666667 0.42638888888888893 0.017708333333333333 0.03425925925925926
0 0.21015625 0.4138888888888889 0.03177083333333333 0.05740740740740741
0 0.390625 0.37824074074074077 0.011458333333333333 0.025
0 0.40130208333333334 0.37824074074074077 0.013020833333333334 0.026851851851851852
1 0.27265625 0.36203703703703705 0.0109375 0.016666666666666666
1 0.26015625 0.36203703703703705 0.0109375 0.020370370370370372
1 0.20026041666666666 0.3453703703703704 0.009895833333333333 0.016666666666666666
0 0.19322916666666667 0.34490740740740744 0.007291666666666667 0.015740740740740743
0 0.15598958333333332 0.3402777777777778 0.009895833333333333 0.015740740740740743
2 0.38984375 0.4587962962962963 0.058854166666666666 0.19166666666666668
2 0.6520833333333333 0.5111111111111112 0.096875 0.21481481481481482
2 0.21953124999999998 0.5638888888888889 0.09427083333333333 0.3592592592592593