0 0.7247395833333333 0.4449074074074074 0.030729166666666665 0.04351851851851852
0 0.6916666666666667 0.4537037037037037 0.027083333333333334 0.05
0 0.6981770833333333 0.42083333333333334 0.01614583333333333 0.032407407407407406
1 0.47682291666666665 0.38703703703703707 0.0140625 0.02777777777777778
0 0.3815104166666667 0.3851851851851852 0.01614583333333333 0.02592592592592593
0 0.2942708333333333 0.36712962962962964 0.014583333333333334 0.02314814814814815
2 0.29244791666666664 0.4291666666666667 0.0421875 0.14537037037037037
2 0.375 0.4625 0.05416666666666667 0.18425925925925926
2 0.4622395833333333 0.46620370370370373 0.0671875 0.18796296296296297
2 0.6859375 0.576388888888889 0.12708333333333333 0.30462962962962964
2 0.696875 0.4967592592592593 0.09791666666666667 0.18796296296296297