0 0.4986979166666667 0.40370370370370373 0.01614583333333333 0.02592592592592593
0 0.6986979166666667 0.4203703703703704 0.019270833333333334 0.03333333333333333
0 0.3677083333333333 0.375 0.0125 0.020370370370370372
0 0.2825520833333333 0.36342592592592593 0.0140625 0.026851851851851852
0 0.22057291666666667 0.3541666666666667 0.0109375 0.025
0 0.21223958333333334 0.35462962962962963 0.011979166666666666 0.020370370370370372
1 0.17005208333333333 0.3388888888888889 0.0067708333333333336 0.012962962962962964
0 0.05130208333333333 0.34490740740740744 0.011979166666666666 0.02314814814814815
0 0.042708333333333334 0.3462962962962963 0.009375 0.020370370370370372
0 0.12239583333333333 0.33796296296296297 0.008333333333333333 0.016666666666666666
2 0.28229166666666666 0.42314814814814816 0.04375 0.14444444444444446
2 0.36953125 0.43842592592592594 0.049479166666666664 0.14907407407407408
2 0.49505208333333334 0.47731481481481486 0.0546875 0.17314814814814816
2 0.69296875 0.49583333333333335 0.09635416666666667 0.18796296296296297
2 0.05 0.40092592592592596 0.03958333333333333 0.13703703703703704