1 0.8872395833333333 0.5652777777777778 0.019270833333333334 0.030555555555555558
0 0.9205729166666666 0.576388888888889 0.027604166666666666 0.04351851851851852
0 0.6161458333333333 0.5393518518518519 0.021875 0.036111111111111115
0 0.534375 0.5310185185185186 0.014583333333333334 0.03425925925925926
0 0.39947916666666666 0.5171296296296296 0.013541666666666667 0.025
0 0.39010416666666664 0.512962962962963 0.0125 0.02777777777777778
0 0.35703125 0.5078703703703704 0.009895833333333333 0.017592592592592594
0 0.35 0.5092592592592593 0.011458333333333333 0.018518518518518517
0 0.26171875 0.49953703703703706 0.0109375 0.02314814814814815
0 0.23697916666666666 0.4898148148148148 0.009375 0.020370370370370372
0 0.07864583333333333 0.48888888888888893 0.010416666666666666 0.016666666666666666
0 0.12890625 0.4847222222222222 0.0078125 0.015740740740740743
2 0.2578125 0.5527777777777778 0.03958333333333333 0.13148148148148148
2 0.3484375 0.5583333333333333 0.040625 0.1277777777777778
2 0.39427083333333335 0.5884259259259259 0.065625 0.18055555555555555
2 0.5317708333333333 0.5986111111111111 0.057291666666666664 0.1638888888888889
2 0.6122395833333333 0.6407407407407407 0.09114583333333333 0.2388888888888889
2 0.8822916666666667 0.6851851851851852 0.1375 0.27592592592592596