0 0.8106770833333333 0.3791666666666667 0.022395833333333334 0.05092592592592593
0 0.77734375 0.3712962962962963 0.022395833333333334 0.0462962962962963
0 0.5596354166666666 0.3236111111111111 0.015104166666666667 0.032407407407407406
0 0.5432291666666667 0.3199074074074074 0.015625 0.03425925925925926
0 0.44609375 0.3111111111111111 0.0171875 0.03333333333333333
0 0.4395833333333333 0.30648148148148147 0.014583333333333334 0.03333333333333333
0 0.24921875 0.3055555555555556 0.022395833333333334 0.04259259259259259
0 0.2921875 0.2828703703703704 0.016666666666666666 0.026851851851851852
0 0.2484375 0.2652777777777778 0.015625 0.02314814814814815
0 0.14713541666666666 0.24212962962962964 0.0109375 0.019444444444444445
0 0.14140625 0.24953703703703706 0.0109375 0.015740740740740743
0 0.03177083333333333 0.2476851851851852 0.014583333333333334 0.02314814814814815
0 0.021354166666666667 0.23657407407407408 0.011458333333333333 0.02314814814814815
2 0.15260416666666665 0.3078703703703704 0.057291666666666664 0.1527777777777778
2 0.24505208333333334 0.3282407407407408 0.049479166666666664 0.15092592592592594
2 0.2869791666666667 0.3611111111111111 0.05625 0.1851851851851852
2 0.43255208333333334 0.38842592592592595 0.06822916666666666 0.20092592592592592
2 0.5377604166666666 0.4013888888888889 0.08697916666666666 0.19907407407407407
2 0.7684895833333333 0.48842592592592593 0.12760416666666666 0.28611111111111115
2 0.25078125 0.41481481481481486 0.08072916666666667 0.26851851851851855
2 0.03229166666666666 0.3143518518518519 0.04583333333333333 0.16203703703703703