0 0.7713541666666667 0.39490740740740743 0.03229166666666666 0.062037037037037036
0 0.50234375 0.3662037037037037 0.0359375 0.075
0 0.56953125 0.32037037037037036 0.0203125 0.037037037037037035
0 0.4080729166666667 0.3041666666666667 0.0171875 0.025
0 0.4302083333333333 0.3023148148148148 0.015625 0.03425925925925926
0 0.44453125 0.3050925925925926 0.0171875 0.030555555555555558
0 0.32734375 0.2800925925925926 0.013020833333333334 0.021296296296296296
0 0.3140625 0.27824074074074073 0.015625 0.02314814814814815
0 0.17239583333333333 0.28611111111111115 0.020833333333333332 0.04259259259259259
0 0.10833333333333334 0.2689814814814815 0.016666666666666666 0.032407407407407406
0 0.21901041666666665 0.26712962962962966 0.013020833333333334 0.021296296296296296
0 0.11119791666666666 0.24583333333333335 0.011979166666666666 0.021296296296296296
0 0.10052083333333334 0.23703703703703705 0.010416666666666666 0.018518518518518517
2 0.21666666666666667 0.32222222222222224 0.040625 0.13703703703703704
2 0.3140625 0.3416666666666667 0.059375 0.1537037037037037
2 0.43046875 0.3824074074074074 0.0671875 0.18888888888888888
2 0.40208333333333335 0.3902777777777778 0.07604166666666666 0.2138888888888889
2 0.55703125 0.41250000000000003 0.09010416666666667 0.21574074074074076
2 0.75078125 0.5513888888888889 0.16822916666666665 0.36944444444444446
2 0.5080729166666667 0.524537037037037 0.14114583333333333 0.3805555555555556
2 0.17526041666666667 0.3824074074074074 0.0703125 0.23333333333333334
2 0.11223958333333334 0.3453703703703704 0.05677083333333333 0.1925925925925926