0 0.8174479166666666 0.48564814814814816 0.03697916666666667 0.07685185185185185
0 0.7919270833333333 0.4828703703703704 0.0296875 0.06759259259259259
0 0.7013020833333333 0.41435185185185186 0.0234375 0.04351851851851852
0 0.6807291666666666 0.40231481481481485 0.021875 0.04351851851851852
0 0.37473958333333335 0.3685185185185185 0.013020833333333334 0.022222222222222223
0 0.36328125 0.3703703703703704 0.011979166666666666 0.024074074074074074
0 0.19765625 0.35185185185185186 0.013020833333333334 0.022222222222222223
0 0.21536458333333333 0.34814814814814815 0.011979166666666666 0.018518518518518517
2 0.19166666666666665 0.40925925925925927 0.04479166666666667 0.1462962962962963
2 0.36484375 0.43194444444444446 0.057812499999999996 0.1527777777777778
2 0.66796875 0.5120370370370371 0.1046875 0.25925925925925924
2 0.8309895833333333 0.712962962962963 0.2515625 0.5388888888888889