0 0.92265625 0.6731481481481482 0.08802083333333333 0.1851851851851852
0 0.7765625 0.3699074074074074 0.028125 0.06018518518518519
0 0.7502604166666667 0.3712962962962963 0.0265625 0.04814814814814815
0 0.5690104166666666 0.3041666666666667 0.0171875 0.026851851851851852
0 0.3796875 0.2837962962962963 0.014583333333333334 0.028703703703703703
1 0.11484375 0.24537037037037038 0.0109375 0.020370370370370372
0 0.17942708333333332 0.2518518518518519 0.013020833333333334 0.022222222222222223
0 0.09140625 0.23703703703703705 0.009895833333333333 0.014814814814814815
1 0.2721354166666667 0.2652777777777778 0.013020833333333334 0.019444444444444445
2 0.11432291666666666 0.30648148148148147 0.04114583333333333 0.14444444444444446
2 0.26145833333333335 0.33425925925925926 0.05 0.16296296296296298
2 0.3755208333333333 0.3689814814814815 0.06875 0.20833333333333334
2 0.7369791666666666 0.4791666666666667 0.13020833333333334 0.25833333333333336
2 0.5739583333333333 0.3819444444444445 0.07291666666666667 0.18055555555555555