0 0.9385416666666666 0.39166666666666666 0.03125 0.053703703703703705
0 0.8721354166666666 0.40555555555555556 0.0390625 0.06666666666666667
0 0.8299479166666667 0.39814814814814814 0.04010416666666666 0.07037037037037037
0 0.5216145833333333 0.35000000000000003 0.0234375 0.040740740740740744
0 0.5096354166666667 0.33425925925925926 0.0203125 0.037037037037037035
0 0.5872395833333334 0.3337962962962963 0.019270833333333334 0.030555555555555558
0 0.5674479166666666 0.3037037037037037 0.015104166666666667 0.020370370370370372
0 0.48593749999999997 0.3138888888888889 0.016666666666666666 0.02962962962962963
0 0.40598958333333335 0.300462962962963 0.0140625 0.026851851851851852
0 0.39609375 0.2986111111111111 0.011979166666666666 0.02314814814814815
2 0.39166666666666666 0.37453703703703706 0.0625 0.17685185185185187
2 0.4809895833333333 0.412962962962963 0.08802083333333333 0.22592592592592595
2 0.57890625 0.425 0.09739583333333333 0.21666666666666667
2 0.5052083333333334 0.4416666666666667 0.11458333333333333 0.2555555555555556
2 0.8026041666666667 0.5657407407407408 0.1875 0.40185185185185185
2 0.9158854166666667 0.5203703703703704 0.1671875 0.3074074074074074
2 0.5739583333333333 0.3819444444444445 0.07291666666666667 0.18055555555555555