0 0.5713541666666666 0.3050925925925926 0.016666666666666666 0.025
0 0.43984375 0.3037037037037037 0.0171875 0.02777777777777778
0 0.34869791666666666 0.2898148148148148 0.015104166666666667 0.02592592592592593
0 0.32838541666666665 0.2884259259259259 0.01614583333333333 0.026851851851851852
0 0.3184895833333333 0.28101851851851856 0.0140625 0.021296296296296296
0 0.19791666666666666 0.26666666666666666 0.011458333333333333 0.018518518518518517
0 0.20598958333333334 0.2791666666666667 0.015104166666666667 0.02314814814814815
0 0.22630208333333332 0.2652777777777778 0.013020833333333334 0.019444444444444445
0 0.2526041666666667 0.27083333333333337 0.013541666666666667 0.02314814814814815
2 0.2505208333333333 0.33796296296296297 0.04791666666666666 0.16481481481481483
2 0.20026041666666666 0.33935185185185185 0.058854166666666666 0.16574074074074074
2 0.3229166666666667 0.3787037037037037 0.078125 0.22222222222222224
2 0.43333333333333335 0.38842592592592595 0.090625 0.20277777777777778
2 0.5736979166666667 0.3819444444444445 0.07239583333333333 0.18055555555555555