0 0.9125 0.48194444444444445 0.036458333333333336 0.0712962962962963
0 0.8690104166666667 0.4898148148148148 0.034895833333333334 0.07592592592592592
0 0.7065104166666667 0.42638888888888893 0.021354166666666667 0.04722222222222222
0 0.6828125 0.4287037037037037 0.026041666666666668 0.040740740740740744
0 0.5393229166666667 0.4078703703703704 0.018229166666666668 0.030555555555555558
0 0.5713541666666666 0.40925925925925927 0.014583333333333334 0.024074074074074074
0 0.5895833333333333 0.4064814814814815 0.014583333333333334 0.02592592592592593
0 0.43723958333333335 0.3888888888888889 0.015104166666666667 0.02592592592592593
0 0.40208333333333335 0.39212962962962966 0.013541666666666667 0.02314814814814815
1 0.35390625 0.3819444444444445 0.011979166666666666 0.02314814814814815
0 0.28932291666666665 0.3597222222222222 0.013020833333333334 0.025
2 0.1640625 0.40046296296296297 0.040625 0.12314814814814816
2 0.28489583333333335 0.42685185185185187 0.04583333333333333 0.15925925925925927
2 0.4356770833333333 0.45416666666666666 0.049479166666666664 0.15833333333333333
2 0.3963541666666667 0.4615740740740741 0.05520833333333333 0.1712962962962963
2 0.3458333333333333 0.45972222222222225 0.05625 0.18055555555555555
2 0.5682291666666667 0.49074074074074076 0.07916666666666666 0.19444444444444445
2 0.5364583333333334 0.4981481481481482 0.08333333333333333 0.2111111111111111
2 0.6700520833333333 0.5425925925925926 0.12864583333333332 0.2740740740740741
2 0.8559895833333333 0.6337962962962963 0.18072916666666666 0.36203703703703705