0 0.7723958333333333 0.46481481481481485 0.028125 0.044444444444444446
0 0.771875 0.43333333333333335 0.021875 0.037037037037037035
0 0.60703125 0.4199074074074074 0.019270833333333334 0.032407407407407406
0 0.490625 0.4050925925925926 0.016666666666666666 0.025
0 0.4278645833333333 0.3944444444444445 0.0203125 0.031481481481481485
0 0.41041666666666665 0.3976851851851852 0.01875 0.026851851851851852
0 0.3294270833333333 0.36712962962962964 0.013020833333333334 0.025
0 0.3182291666666667 0.3685185185185185 0.0125 0.022222222222222223
0 0.34375 0.3712962962962963 0.011458333333333333 0.018518518518518517
0 0.35260416666666666 0.3699074074074074 0.009375 0.019444444444444445
0 0.29244791666666664 0.36064814814814816 0.013020833333333334 0.017592592592592594
0 0.26197916666666665 0.36064814814814816 0.011458333333333333 0.017592592592592594
0 0.23151041666666666 0.3578703703703704 0.0109375 0.015740740740740743
2 0.34348958333333335 0.42962962962962964 0.04010416666666666 0.1388888888888889
2 0.2630208333333333 0.4185185185185185 0.040625 0.14074074074074075
2 0.3145833333333333 0.4393518518518519 0.051041666666666666 0.1712962962962963
2 0.40911458333333334 0.4814814814814815 0.07135416666666666 0.20925925925925926
2 0.48411458333333335 0.4898148148148148 0.0640625 0.1925925925925926
2 0.6018229166666667 0.5037037037037038 0.07864583333333333 0.1962962962962963
2 0.7557291666666667 0.5958333333333333 0.146875 0.31203703703703706
2 0.7609375 0.5587962962962963 0.12604166666666666 0.27870370370370373