0 0.77421875 0.4365740740740741 0.019270833333333334 0.03981481481481482
0 0.6419270833333334 0.4342592592592593 0.025520833333333333 0.04259259259259259
0 0.6317708333333333 0.4287037037037037 0.015625 0.03518518518518519
0 0.4080729166666667 0.39722222222222225 0.01614583333333333 0.031481481481481485
0 0.3802083333333333 0.37824074074074077 0.011458333333333333 0.019444444444444445
0 0.34088541666666666 0.37222222222222223 0.019270833333333334 0.02777777777777778
2 0.22291666666666665 0.41944444444444445 0.04583333333333333 0.14444444444444446
2 0.3796875 0.4375 0.042708333333333334 0.14166666666666666
2 0.4075520833333333 0.47962962962962963 0.0640625 0.1962962962962963
2 0.3364583333333333 0.44537037037037036 0.052083333333333336 0.17407407407407408
2 0.6265625 0.5287037037037037 0.084375 0.24074074074074076
2 0.7640625 0.5430555555555556 0.10104166666666667 0.24537037037037038