0 0.7994791666666666 0.46435185185185185 0.025 0.04166666666666667
1 0.6421875 0.4310185185185185 0.022916666666666665 0.04351851851851852
0 0.5489583333333333 0.41481481481481486 0.016666666666666666 0.03333333333333333
0 0.5346354166666667 0.40092592592592596 0.01614583333333333 0.02592592592592593
0 0.46901041666666665 0.39212962962962966 0.018229166666666668 0.03796296296296296
0 0.4544270833333333 0.39814814814814814 0.018229166666666668 0.03333333333333333
0 0.2635416666666667 0.38796296296296295 0.016666666666666666 0.031481481481481485
0 0.353125 0.3731481481481482 0.014583333333333334 0.02962962962962963
0 0.10911458333333333 0.350462962962963 0.011979166666666666 0.021296296296296296
2 0.25807291666666665 0.412962962962963 0.0359375 0.13148148148148148
2 0.35104166666666664 0.44583333333333336 0.051041666666666666 0.17314814814814816
2 0.5260416666666666 0.48842592592592593 0.07916666666666666 0.20833333333333334
2 0.44765625 0.48703703703703705 0.08072916666666667 0.22592592592592595
2 0.63984375 0.5300925925925926 0.10989583333333333 0.23611111111111113
2 0.7856770833333333 0.562962962962963 0.1296875 0.23333333333333334
2 0.2625 0.47453703703703703 0.06458333333333333 0.2101851851851852
2 0.10625 0.40092592592592596 0.03958333333333333 0.13148148148148148