0 0.3145833333333333 0.3236111111111111 0.021875 0.04722222222222222
0 0.3265625 0.28101851851851856 0.015625 0.02314814814814815
0 0.3463541666666667 0.28240740740740744 0.0125 0.020370370370370372
0 0.35703125 0.28425925925925927 0.015104166666666667 0.024074074074074074
0 0.5145833333333333 0.3337962962962963 0.019791666666666666 0.03425925925925926
0 0.4940104166666667 0.32037037037037036 0.018229166666666668 0.02962962962962963
0 0.80859375 0.3740740740740741 0.025520833333333333 0.05
0 0.8546874999999999 0.3717592592592593 0.026041666666666668 0.05092592592592593
0 0.23411458333333332 0.2689814814814815 0.0171875 0.025
0 0.21041666666666667 0.25925925925925924 0.013541666666666667 0.022222222222222223
2 0.20572916666666666 0.3175925925925926 0.042708333333333334 0.1462962962962963
2 0.23203125 0.3402777777777778 0.04739583333333333 0.16944444444444445
2 0.3263020833333333 0.34953703703703703 0.0515625 0.1638888888888889
2 0.48671875 0.4050925925925926 0.07864583333333333 0.20833333333333334
2 0.796875 0.4898148148148148 0.14895833333333333 0.2833333333333333
2 0.3143229166666667 0.4398148148148148 0.09322916666666667 0.2851851851851852