0 0.8315104166666667 0.4462962962962963 0.04739583333333333 0.0962962962962963
0 0.7588541666666666 0.3541666666666667 0.028125 0.03981481481481482
1 0.5981770833333333 0.33240740740740743 0.019270833333333334 0.024074074074074074
1 0.9835937499999999 0.39675925925925926 0.030729166666666665 0.062037037037037036
0 0.30078125 0.2884259259259259 0.0171875 0.021296296296296296
0 0.29296875 0.27685185185185185 0.015104166666666667 0.020370370370370372
0 0.18723958333333332 0.25416666666666665 0.0109375 0.015740740740740743
2 0.18671875 0.30648148148148147 0.03697916666666667 0.12592592592592594
2 0.2903645833333333 0.3416666666666667 0.0484375 0.15555555555555556
2 0.5955729166666667 0.41620370370370374 0.07864583333333333 0.19351851851851853
2 0.7533854166666667 0.4615740740740741 0.12864583333333332 0.2564814814814815
2 0.9361979166666666 0.5504629629629629 0.1265625 0.3527777777777778
2 0.8585937499999999 0.6810185185185186 0.26510416666666664 0.5453703703703704