1 0.16067708333333333 0.4425925925925926 0.034895833333333334 0.07407407407407407
0 0.33177083333333335 0.40925925925925927 0.029166666666666667 0.05925925925925926
0 0.4203125 0.35833333333333334 0.019791666666666666 0.02962962962962963
0 0.3 0.34675925925925927 0.014583333333333334 0.02314814814814815
0 0.5119791666666667 0.3717592592592593 0.016666666666666666 0.030555555555555558
0 0.4984375 0.3712962962962963 0.013541666666666667 0.024074074074074074
0 0.56484375 0.38842592592592595 0.0140625 0.032407407407407406
1 0.57265625 0.39583333333333337 0.015104166666666667 0.036111111111111115
1 0.82890625 0.41620370370370374 0.0265625 0.04351851851851852
2 0.23046875 0.3856481481481482 0.027604166666666666 0.11944444444444445
2 0.221875 0.3824074074074074 0.03229166666666666 0.10370370370370371
2 0.30052083333333335 0.4046296296296297 0.041666666666666664 0.13518518518518519
2 0.41770833333333335 0.42083333333333334 0.04583333333333333 0.1527777777777778
2 0.4973958333333333 0.44907407407407407 0.0625 0.18703703703703706
2 0.56015625 0.4842592592592593 0.07760416666666667 0.22592592592592595
2 0.8268229166666666 0.5291666666666667 0.1265625 0.2638888888888889
2 0.3341145833333333 0.5523148148148148 0.0953125 0.33981481481481485
2 0.17239583333333333 0.6282407407407408 0.11458333333333333 0.4324074074074074