0 0.9388020833333334 0.6245370370370371 0.08177083333333333 0.17500000000000002
1 0.03359375 0.5078703703703704 0.04010416666666666 0.09351851851851853
1 0.3536458333333333 0.35879629629629634 0.010416666666666666 0.017592592592592594
0 0.35130208333333335 0.3527777777777778 0.013020833333333334 0.018518518518518517
0 0.3286458333333333 0.34490740740740744 0.011458333333333333 0.021296296296296296
0 0.3203125 0.34861111111111115 0.0125 0.019444444444444445
0 0.26197916666666665 0.3351851851851852 0.0125 0.018518518518518517
0 0.49322916666666666 0.36712962962962964 0.016666666666666666 0.028703703703703703
0 0.9703125 0.4351851851851852 0.027083333333333334 0.05
0 0.9526041666666667 0.43472222222222223 0.029166666666666667 0.05462962962962963
2 0.14713541666666666 0.362962962962963 0.025520833333333333 0.09074074074074075
2 0.19505208333333332 0.3763888888888889 0.030729166666666665 0.10277777777777779
2 0.26171875 0.3824074074074074 0.0328125 0.11296296296296297
2 0.3221354166666667 0.40046296296296297 0.0421875 0.13425925925925927
2 0.34921875 0.4199074074074074 0.03802083333333333 0.15462962962962964
2 0.4953125 0.44583333333333336 0.0625 0.17685185185185187
2 0.63671875 0.5074074074074074 0.0828125 0.2611111111111111
2 0.93203125 0.549074074074074 0.13489583333333333 0.28703703703703703
2 0.047135416666666666 0.7296296296296296 0.0953125 0.5388888888888889