0 0.5544270833333333 0.3768518518518519 0.015104166666666667 0.02962962962962963
0 0.5442708333333334 0.3824074074074074 0.014583333333333334 0.02777777777777778
0 0.3997395833333333 0.35833333333333334 0.013020833333333334 0.020370370370370372
0 0.3052083333333333 0.34444444444444444 0.011458333333333333 0.020370370370370372
1 0.8828125 0.38657407407407407 0.01875 0.025
2 0.12473958333333333 0.3578703703703704 0.024479166666666666 0.08240740740740742
2 0.16927083333333334 0.36388888888888893 0.027083333333333334 0.09444444444444444
2 0.20572916666666666 0.3736111111111111 0.03125 0.10277777777777779
2 0.23177083333333334 0.38657407407407407 0.030208333333333334 0.1212962962962963
2 0.30442708333333335 0.39861111111111114 0.04010416666666666 0.1287037037037037
2 0.3997395833333333 0.4337962962962963 0.04635416666666667 0.1712962962962963
2 0.5466145833333333 0.4550925925925926 0.0640625 0.18611111111111112
2 0.8739583333333333 0.4620370370370371 0.103125 0.18333333333333335