0 0.8403645833333333 0.4949074074074074 0.04635416666666667 0.0712962962962963
0 0.8518229166666667 0.4310185185185185 0.025520833333333333 0.049074074074074076
0 0.7166666666666667 0.40046296296296297 0.015625 0.030555555555555558
0 0.49505208333333334 0.37824074074074077 0.01614583333333333 0.025
0 0.5364583333333334 0.37083333333333335 0.015625 0.026851851851851852
0 0.5229166666666667 0.37453703703703706 0.0125 0.025
0 0.5986979166666666 0.3912037037037037 0.019270833333333334 0.028703703703703703
0 0.5799479166666667 0.3861111111111111 0.01614583333333333 0.02777777777777778
0 0.13125 0.33287037037037037 0.013541666666666667 0.025
2 0.5231770833333333 0.44212962962962965 0.06197916666666667 0.1712962962962963
2 0.5786458333333333 0.4740740740740741 0.078125 0.2
2 0.49765624999999997 0.46805555555555556 0.07239583333333333 0.2101851851851852
2 0.7151041666666667 0.48750000000000004 0.07291666666666667 0.20833333333333334
2 0.8429687499999999 0.5486111111111112 0.13072916666666667 0.27870370370370373
2 0.8294270833333334 0.7273148148148149 0.17135416666666667 0.5435185185185185
2 0.13515625 0.3805555555555556 0.0328125 0.11481481481481481