0 0.5875 0.40370370370370373 0.027083333333333334 0.044444444444444446
0 0.5684895833333333 0.3819444444444445 0.021354166666666667 0.032407407407407406
0 0.4046875 0.40694444444444444 0.022916666666666665 0.05092592592592593
0 0.4192708333333333 0.362962962962963 0.015625 0.02777777777777778
0 0.3893229166666667 0.3699074074074074 0.018229166666666668 0.03425925925925926
0 0.37447916666666664 0.3652777777777778 0.016666666666666666 0.028703703703703703
0 0.3109375 0.34814814814814815 0.0125 0.020370370370370372
0 0.27265625 0.33935185185185185 0.011979166666666666 0.025
0 0.24348958333333334 0.33842592592592596 0.0078125 0.015740740740740743
0 0.23854166666666665 0.3388888888888889 0.008333333333333333 0.016666666666666666
0 0.19765625 0.33101851851851855 0.0078125 0.01388888888888889
2 0.26901041666666664 0.3805555555555556 0.034895833333333334 0.10740740740740741
2 0.24010416666666667 0.3837962962962963 0.03333333333333333 0.11018518518518519
2 0.19739583333333333 0.37592592592592594 0.029166666666666667 0.10555555555555556
2 0.3104166666666667 0.4013888888888889 0.03854166666666667 0.125
2 0.4236979166666667 0.4046296296296297 0.04739583333333333 0.11481481481481481
2 0.41510416666666666 0.42685185185185187 0.046875 0.15185185185185185
2 0.5625 0.46342592592592596 0.07083333333333333 0.19351851851851853
2 0.2713541666666667 0.3990740740740741 0.04375 0.14814814814814814
2 0.37604166666666666 0.44722222222222224 0.059375 0.18888888888888888
2 0.5888020833333333 0.5120370370370371 0.0734375 0.2611111111111111
2 0.40546875 0.5217592592592593 0.08385416666666666 0.28055555555555556