1 0.9497395833333333 0.4638888888888889 0.025520833333333333 0.053703703703703705
0 0.9807291666666667 0.46296296296296297 0.027083333333333334 0.05185185185185186
0 0.4278645833333333 0.3648148148148148 0.015104166666666667 0.022222222222222223
0 0.3854166666666667 0.350462962962963 0.0125 0.019444444444444445
0 0.2583333333333333 0.3388888888888889 0.0125 0.020370370370370372
0 0.22838541666666667 0.3425925925925926 0.009895833333333333 0.020370370370370372
0 0.2942708333333333 0.34074074074074073 0.011458333333333333 0.016666666666666666
0 0.22135416666666666 0.33796296296296297 0.010416666666666666 0.020370370370370372
0 0.21067708333333332 0.33333333333333337 0.0109375 0.016666666666666666
0 0.19791666666666666 0.3263888888888889 0.010416666666666666 0.01388888888888889
0 0.15104166666666666 0.3231481481481482 0.008333333333333333 0.012962962962962964
2 0.19401041666666666 0.3652777777777778 0.027604166666666666 0.09166666666666667
2 0.29661458333333335 0.38796296296296295 0.04010416666666666 0.10555555555555556
2 0.2544270833333333 0.3893518518518519 0.034895833333333334 0.11388888888888889
2 0.3828125 0.40925925925925927 0.041666666666666664 0.13703703703703704
2 0.21875 0.3888888888888889 0.03854166666666667 0.12037037037037038
2 0.4270833333333333 0.43703703703703706 0.053125 0.1685185185185185
2 0.9359375 0.7402777777777778 0.12708333333333333 0.5175925925925926