0 0.7986979166666667 0.500462962962963 0.021354166666666667 0.03796296296296296
0 0.7830729166666667 0.5050925925925926 0.0234375 0.036111111111111115
0 0.6080729166666666 0.48564814814814816 0.018229166666666668 0.028703703703703703
0 0.43463541666666666 0.4703703703703704 0.0140625 0.02592592592592593
0 0.34661458333333334 0.48842592592592593 0.0203125 0.03981481481481482
0 0.33151041666666664 0.4939814814814815 0.01614583333333333 0.032407407407407406
0 0.29921875 0.45462962962962966 0.009895833333333333 0.016666666666666666
0 0.2942708333333333 0.4537037037037037 0.007291666666666667 0.014814814814814815
0 0.27317708333333335 0.4564814814814815 0.0109375 0.020370370370370372
1 0.22083333333333333 0.4486111111111111 0.008333333333333333 0.015740740740740743
0 0.12604166666666666 0.4675925925925926 0.015625 0.02777777777777778
2 0.22057291666666667 0.49212962962962964 0.028645833333333332 0.10648148148148148
2 0.30052083333333335 0.5050925925925926 0.03333333333333333 0.1212962962962963
2 0.2703125 0.5092592592592593 0.03958333333333333 0.12407407407407407
2 0.434375 0.5481481481481482 0.05520833333333333 0.17222222222222222
2 0.6106770833333334 0.5685185185185185 0.0640625 0.18888888888888888
2 0.7854166666666667 0.6041666666666667 0.10833333333333334 0.2490740740740741
2 0.3533854166666667 0.5842592592592593 0.0703125 0.23148148148148148
2 0.12786458333333334 0.5277777777777778 0.0421875 0.1537037037037037