0 0.9447916666666667 0.6083333333333334 0.05416666666666667 0.11111111111111112
0 0.88828125 0.6175925925925926 0.0421875 0.07962962962962963
0 0.4361979166666667 0.5768518518518518 0.04114583333333333 0.08333333333333334
0 0.13203125 0.46435185185185185 0.011979166666666666 0.02314814814814815
1 0.13098958333333333 0.4861111111111111 0.011979166666666666 0.022222222222222223
2 0.16510416666666666 0.4791666666666667 0.02395833333333333 0.08611111111111111
2 0.2682291666666667 0.49444444444444446 0.029166666666666667 0.1
2 0.30104166666666665 0.5023148148148149 0.03229166666666666 0.11388888888888889
2 0.928125 0.7782407407407408 0.14270833333333333 0.4416666666666667
2 0.45286458333333335 0.7657407407407407 0.13489583333333333 0.4666666666666667
2 0.134375 0.5296296296296297 0.040625 0.15