0 0.2140625 0.4930555555555556 0.01875 0.03796296296296296
1 0.21614583333333334 0.5333333333333333 0.015625 0.02962962962962963
0 0.5299479166666666 0.47222222222222227 0.015104166666666667 0.022222222222222223
0 0.5940104166666667 0.48333333333333334 0.0140625 0.02777777777777778
0 0.6473958333333333 0.4916666666666667 0.025 0.03888888888888889
0 0.74921875 0.5032407407407408 0.027604166666666666 0.04351851851851852
2 0.19635416666666666 0.4865740740740741 0.025 0.08611111111111111
2 0.5286458333333334 0.5444444444444445 0.05520833333333333 0.16481481481481483
2 0.5888020833333333 0.5518518518518519 0.06197916666666667 0.16481481481481483
2 0.7466145833333333 0.6175925925925926 0.10885416666666667 0.27037037037037037
2 0.64609375 0.6111111111111112 0.09635416666666667 0.2796296296296296
2 0.221875 0.600462962962963 0.06875 0.24722222222222223