0 0.26588541666666665 0.4365740740740741 0.034895833333333334 0.06574074074074074
0 0.16848958333333333 0.41203703703703703 0.028645833333333332 0.05
0 0.6911458333333333 0.39675925925925926 0.017708333333333333 0.030555555555555558
0 0.5802083333333333 0.3814814814814815 0.015625 0.024074074074074074
0 0.40911458333333334 0.36435185185185187 0.0140625 0.02314814814814815
0 0.39296875 0.3615740740740741 0.0140625 0.025
1 0.2973958333333333 0.34814814814814815 0.011458333333333333 0.018518518518518517
1 0.30494791666666665 0.3509259259259259 0.013020833333333334 0.022222222222222223
1 0.42213541666666665 0.36203703703703705 0.008854166666666666 0.016666666666666666
1 0.6588541666666666 0.3990740740740741 0.026041666666666668 0.0462962962962963
1 0.6346354166666667 0.40092592592592596 0.0234375 0.03888888888888889
2 0.14296875 0.36574074074074076 0.0234375 0.08333333333333334
2 0.24010416666666667 0.38796296296296295 0.034375 0.10740740740740741
2 0.2986979166666667 0.40046296296296297 0.033854166666666664 0.125
2 0.3963541666666667 0.42638888888888893 0.051041666666666666 0.16203703703703703
2 0.30546875 0.4189814814814815 0.04739583333333333 0.16203703703703703
2 0.5729166666666666 0.45925925925925926 0.071875 0.17777777777777778
2 0.39869791666666665 0.44953703703703707 0.0640625 0.1953703703703704
2 0.6278645833333333 0.5203703703703704 0.10572916666666667 0.2851851851851852
2 0.69921875 0.49444444444444446 0.06927083333333334 0.22777777777777777
2 0.27291666666666664 0.6 0.096875 0.39814814814814814
2 0.17239583333333333 0.5231481481481481 0.065625 0.26851851851851855
2 0.11588541666666667 0.44583333333333336 0.049479166666666664 0.19351851851851853
2 0.09661458333333334 0.40972222222222227 0.0359375 0.15462962962962964