0 0.7421875 0.6648148148148149 0.09375 0.16111111111111112
0 0.7653645833333333 0.4115740740740741 0.0203125 0.03796296296296296
0 0.7432291666666666 0.40925925925925927 0.022916666666666665 0.04259259259259259
1 0.6020833333333333 0.40046296296296297 0.015625 0.030555555555555558
1 0.18671875 0.43333333333333335 0.025520833333333333 0.05185185185185186
1 0.37135416666666665 0.35694444444444445 0.0125 0.02314814814814815
1 0.35963541666666665 0.3592592592592593 0.013020833333333334 0.02777777777777778
0 0.3606770833333333 0.5194444444444445 0.059895833333333336 0.09814814814814815
0 0.584375 0.4013888888888889 0.020833333333333332 0.03425925925925926
0 0.44505208333333335 0.36435185185185187 0.0109375 0.021296296296296296
0 0.4591145833333333 0.3685185185185185 0.009895833333333333 0.02592592592592593
0 0.17135416666666667 0.40694444444444444 0.025 0.04351851851851852
2 0.21354166666666666 0.3763888888888889 0.027083333333333334 0.10092592592592593
2 0.22135416666666666 0.3856481481481482 0.036458333333333336 0.11944444444444445
2 0.26848958333333334 0.3907407407407408 0.030729166666666665 0.11481481481481481
2 0.16848958333333333 0.3763888888888889 0.030729166666666665 0.10833333333333334
2 0.32265625 0.40370370370370373 0.03802083333333333 0.12222222222222223
2 0.1671875 0.3842592592592593 0.03125 0.12407407407407407
2 0.35963541666666665 0.43472222222222223 0.0546875 0.1824074074074074
2 0.4466145833333333 0.4356481481481482 0.0546875 0.16203703703703703
2 0.58203125 0.48240740740740745 0.0828125 0.19814814814814816
2 0.7369791666666666 0.5018518518518519 0.10104166666666667 0.2240740740740741
2 0.36744791666666665 0.7222222222222222 0.1359375 0.5092592592592593
2 0.18359375 0.5527777777777778 0.08177083333333333 0.3351851851851852
2 0.16432291666666665 0.4763888888888889 0.0609375 0.24351851851851852