0 0.7807291666666667 0.5856481481481481 0.06666666666666667 0.14351851851851852
0 0.5294270833333333 0.5199074074074074 0.050520833333333334 0.10648148148148148
0 0.43307291666666664 0.37824074074074077 0.019270833333333334 0.03981481481481482
0 0.4197916666666667 0.3689814814814815 0.017708333333333333 0.04351851851851852
0 0.20598958333333334 0.34861111111111115 0.0109375 0.021296296296296296
0 0.19817708333333334 0.34953703703703703 0.008854166666666666 0.019444444444444445
0 0.22291666666666665 0.35555555555555557 0.015625 0.02777777777777778
2 0.43906249999999997 0.47453703703703703 0.07291666666666667 0.25092592592592594
2 0.225 0.42962962962962964 0.046875 0.17407407407407408
2 0.21171874999999998 0.41481481481481486 0.04739583333333333 0.15185185185185185
2 0.5473958333333333 0.7356481481481482 0.2583333333333333 0.5268518518518519
2 0.7908854166666667 0.7601851851851852 0.27239583333333334 0.4777777777777778