0 0.7877604166666666 0.412962962962963 0.030729166666666665 0.05185185185185186
0 0.7638020833333333 0.4185185185185185 0.028645833333333332 0.05185185185185186
0 0.6526041666666667 0.40185185185185185 0.02395833333333333 0.03518518518518519
0 0.40130208333333334 0.3699074074074074 0.01614583333333333 0.026851851851851852
0 0.31614583333333335 0.36064814814814816 0.010416666666666666 0.017592592592592594
0 0.30572916666666666 0.34675925925925927 0.011458333333333333 0.017592592592592594
2 0.11432291666666666 0.3523148148148148 0.028645833333333332 0.08425925925925926
2 0.14322916666666666 0.3523148148148148 0.02395833333333333 0.08055555555555556
2 0.18854166666666666 0.3666666666666667 0.028125 0.08703703703703704
2 0.3072916666666667 0.40370370370370373 0.035416666666666666 0.12962962962962962
2 0.2375 0.39814814814814814 0.0375 0.13518518518518519
2 0.40234375 0.44907407407407407 0.05364583333333333 0.17962962962962964
2 0.6450520833333333 0.49212962962962964 0.09635416666666667 0.2175925925925926
2 0.7559895833333333 0.5296296296296297 0.11927083333333333 0.2833333333333333