0 0.08098958333333334 0.5023148148148149 0.015104166666666667 0.032407407407407406
0 0.07760416666666667 0.48703703703703705 0.016666666666666666 0.03333333333333333
0 0.15703125 0.45833333333333337 0.0067708333333333336 0.014814814814814815
0 0.15052083333333333 0.45787037037037037 0.008333333333333333 0.015740740740740743
0 0.10234375 0.45092592592592595 0.009895833333333333 0.014814814814814815
0 0.07083333333333333 0.4476851851851852 0.007291666666666667 0.012037037037037037
0 0.20390624999999998 0.46111111111111114 0.009895833333333333 0.018518518518518517
0 0.21223958333333334 0.45925925925925926 0.011979166666666666 0.020370370370370372
0 0.22265625 0.46342592592592596 0.009895833333333333 0.021296296296296296
1 0.31171875 0.47500000000000003 0.015104166666666667 0.02592592592592593
0 0.43984375 0.4791666666666667 0.0171875 0.030555555555555558
0 0.61640625 0.5097222222222222 0.025520833333333333 0.03981481481481482
0 0.63984375 0.5050925925925926 0.025520833333333333 0.04351851851851852
0 0.6588541666666666 0.5032407407407408 0.014583333333333334 0.036111111111111115
0 0.6260416666666666 0.4865740740740741 0.016666666666666666 0.026851851851851852
0 0.7533854166666667 0.5263888888888889 0.025520833333333333 0.04351851851851852
0 0.7864583333333334 0.5222222222222223 0.022916666666666665 0.04259259259259259
0 0.8114583333333333 0.5125000000000001 0.020833333333333332 0.03796296296296296
0 0.8515625 0.5171296296296296 0.025 0.03981481481481482
2 0.10260416666666666 0.48935185185185187 0.025 0.08981481481481482
2 0.15052083333333333 0.49953703703703706 0.03125 0.09907407407407408
2 0.22890625 0.5120370370370371 0.0421875 0.12407407407407407
2 0.2171875 0.5231481481481481 0.040625 0.1425925925925926
2 0.31145833333333334 0.5310185185185186 0.042708333333333334 0.13425925925925927
2 0.43697916666666664 0.5504629629629629 0.053125 0.1712962962962963
2 0.6098958333333333 0.6106481481481482 0.09583333333333333 0.24537037037037038
2 0.74375 0.6453703703703704 0.12916666666666665 0.2833333333333333
2 0.84140625 0.625462962962963 0.1546875 0.25462962962962965
2 0.07942708333333333 0.5782407407407407 0.0546875 0.2064814814814815