0 0.6268229166666667 0.48703703703703705 0.0140625 0.024074074074074074
0 0.45468749999999997 0.47731481481481486 0.016666666666666666 0.028703703703703703
0 0.15026041666666667 0.5300925925925926 0.024479166666666666 0.049074074074074076
0 0.14557291666666666 0.5148148148148148 0.024479166666666666 0.040740740740740744
0 0.38125 0.47870370370370374 0.0125 0.024074074074074074
0 0.36302083333333335 0.4865740740740741 0.013541666666666667 0.019444444444444445
0 0.35963541666666665 0.4777777777777778 0.011979166666666666 0.020370370370370372
0 0.34270833333333334 0.47453703703703703 0.0125 0.02314814814814815
0 0.3169270833333333 0.4726851851851852 0.0140625 0.02314814814814815
0 0.2799479166666667 0.47175925925925927 0.011979166666666666 0.02314814814814815
0 0.27057291666666666 0.46944444444444444 0.0109375 0.018518518518518517
0 0.24869791666666666 0.4712962962962963 0.0109375 0.020370370370370372
0 0.23828125 0.4638888888888889 0.0109375 0.018518518518518517
0 0.22994791666666667 0.46574074074074073 0.013020833333333334 0.020370370370370372
0 0.17630208333333333 0.45601851851851855 0.009895833333333333 0.015740740740740743
2 0.11041666666666666 0.4912037037037037 0.025 0.08611111111111111
2 0.17578125 0.4990740740740741 0.03177083333333333 0.10555555555555556
2 0.228125 0.5240740740740741 0.04583333333333333 0.13703703703703704
2 0.24713541666666666 0.5342592592592593 0.04114583333333333 0.1462962962962963
2 0.3111979166666667 0.5337962962962963 0.049479166666666664 0.14537037037037037
2 0.4578125 0.5486111111111112 0.059375 0.1675925925925926
2 0.36041666666666666 0.549074074074074 0.04895833333333333 0.16296296296296298
2 0.2752604166666667 0.5240740740740741 0.0421875 0.13148148148148148
2 0.3846354166666667 0.5342592592592593 0.0421875 0.13703703703703704
2 0.14817708333333332 0.637962962962963 0.08177083333333333 0.2888888888888889