0 0.18619791666666666 0.5439814814814815 0.0234375 0.058333333333333334
0 0.17916666666666667 0.5282407407407408 0.02395833333333333 0.04351851851851852
0 0.9411458333333333 0.5347222222222222 0.03229166666666666 0.05277777777777778
0 0.9018229166666667 0.5430555555555556 0.030729166666666665 0.05092592592592593
0 0.62578125 0.48703703703703705 0.015104166666666667 0.02777777777777778
0 0.29635416666666664 0.4671296296296297 0.011458333333333333 0.019444444444444445
0 0.22994791666666667 0.4675925925925926 0.011979166666666666 0.018518518518518517
0 0.21901041666666665 0.4620370370370371 0.0109375 0.016666666666666666
0 0.18307291666666667 0.46064814814814814 0.009895833333333333 0.019444444444444445
2 0.10026041666666667 0.4847222222222222 0.024479166666666666 0.08611111111111111
2 0.13984375 0.5101851851851852 0.033854166666666664 0.11851851851851852
2 0.18151041666666667 0.5069444444444444 0.0296875 0.11203703703703705
2 0.2921875 0.525 0.04791666666666666 0.13518518518518519
2 0.22786458333333334 0.5222222222222223 0.033854166666666664 0.12962962962962962
2 0.15807291666666667 0.5050925925925926 0.0328125 0.10092592592592593
2 0.29010416666666666 0.5212962962962964 0.036458333333333336 0.12222222222222223
2 0.8898437499999999 0.6782407407407408 0.16510416666666666 0.33055555555555555
2 0.22291666666666665 0.5152777777777778 0.04479166666666667 0.11944444444444445
2 0.18333333333333332 0.674537037037037 0.08958333333333333 0.33981481481481485