0 0.2794270833333333 0.5726851851851852 0.0296875 0.0638888888888889
0 0.25859375 0.5555555555555556 0.0296875 0.06296296296296297
0 0.5216145833333333 0.4967592592592593 0.01614583333333333 0.030555555555555558
0 0.49895833333333334 0.5018518518518519 0.020833333333333332 0.037037037037037035
0 0.6236979166666666 0.48935185185185187 0.018229166666666668 0.032407407407407406
2 0.09947916666666666 0.4939814814814815 0.026041666666666668 0.09722222222222222
2 0.125 0.48750000000000004 0.027083333333333334 0.08611111111111111
2 0.18723958333333332 0.5055555555555555 0.03802083333333333 0.11666666666666667
2 0.15651041666666665 0.5018518518518519 0.028645833333333332 0.10555555555555556
2 0.07760416666666667 0.487962962962963 0.022916666666666665 0.08518518518518518
2 0.22447916666666667 0.5078703703703704 0.03229166666666666 0.10648148148148148
2 0.4973958333333333 0.5888888888888889 0.075 0.21481481481481482
2 0.28489583333333335 0.7384259259259259 0.12604166666666666 0.4287037037037037