0 0.79296875 0.5736111111111112 0.022395833333333334 0.036111111111111115
0 0.7768229166666667 0.5578703703703703 0.024479166666666666 0.032407407407407406
0 0.6247395833333333 0.5310185185185186 0.015104166666666667 0.026851851851851852
0 0.61328125 0.5296296296296297 0.0171875 0.02592592592592593
0 0.440625 0.525 0.017708333333333333 0.031481481481481485
1 0.17526041666666667 0.5282407407407408 0.009895833333333333 0.021296296296296296
0 0.1734375 0.500462962962963 0.0125 0.026851851851851852
0 0.19947916666666665 0.49074074074074076 0.010416666666666666 0.020370370370370372
2 0.1015625 0.5180555555555556 0.025 0.08981481481481482
2 0.1390625 0.5300925925925926 0.028125 0.09537037037037037
2 0.19791666666666666 0.5430555555555556 0.03333333333333333 0.1212962962962963
2 0.440625 0.6092592592592593 0.06458333333333333 0.20185185185185187
2 0.6153645833333333 0.6180555555555556 0.07760416666666667 0.20277777777777778
2 0.77578125 0.6717592592592593 0.12343749999999999 0.2638888888888889
2 0.17708333333333334 0.5689814814814815 0.04583333333333333 0.16574074074074074