1 0.5528645833333333 0.6 0.019270833333333334 0.044444444444444446
0 0.5473958333333333 0.549537037037037 0.02395833333333333 0.05277777777777778
0 0.25104166666666666 0.5074074074074074 0.010416666666666666 0.018518518518518517
0 0.24817708333333333 0.5018518518518519 0.0078125 0.016666666666666666
0 0.19583333333333333 0.48888888888888893 0.008333333333333333 0.014814814814814815
0 0.19114583333333332 0.48842592592592593 0.007291666666666667 0.015740740740740743
0 0.14244791666666667 0.48750000000000004 0.009895833333333333 0.015740740740740743
2 0.140625 0.5282407407407408 0.030208333333333334 0.10092592592592593
2 0.18880208333333334 0.5388888888888889 0.0328125 0.11296296296296297
2 0.24817708333333333 0.5527777777777778 0.043229166666666666 0.1277777777777778
2 0.5572916666666666 0.6851851851851852 0.10416666666666667 0.32592592592592595