0 0.9192708333333334 0.5310185185185186 0.026041666666666668 0.05462962962962963
0 0.8955729166666666 0.5606481481481481 0.0203125 0.03981481481481482
0 0.8807291666666667 0.5324074074074074 0.027083333333333334 0.04259259259259259
0 0.8635416666666667 0.5333333333333333 0.034375 0.061111111111111116
0 0.8403645833333333 0.5305555555555556 0.027604166666666666 0.061111111111111116
0 0.6263020833333334 0.5023148148148149 0.019270833333333334 0.03796296296296296
0 0.24270833333333333 0.48842592592592593 0.017708333333333333 0.036111111111111115
2 0.6333333333333333 0.6032407407407407 0.09479166666666666 0.24351851851851852
2 0.52421875 0.5814814814814815 0.07135416666666666 0.20185185185185187
2 0.48984374999999997 0.5805555555555556 0.08177083333333333 0.18703703703703706
2 0.24713541666666666 0.5666666666666667 0.050520833333333334 0.18888888888888888
2 0.8513020833333333 0.6939814814814815 0.14427083333333332 0.38796296296296295