0 0.42109375 0.47731481481481486 0.01614583333333333 0.030555555555555558
0 0.3171875 0.4777777777777778 0.013541666666666667 0.022222222222222223
0 0.3286458333333333 0.47314814814814815 0.010416666666666666 0.022222222222222223
0 0.31875 0.4689814814814815 0.011458333333333333 0.017592592592592594
0 0.25364583333333335 0.46620370370370373 0.013541666666666667 0.019444444444444445
0 0.21822916666666667 0.46620370370370373 0.013541666666666667 0.025
0 0.16536458333333334 0.45925925925925926 0.015104166666666667 0.02592592592592593
2 0.25390625 0.5185185185185185 0.04114583333333333 0.13518518518518519
2 0.21588541666666666 0.5162037037037037 0.0421875 0.13425925925925927
2 0.16223958333333333 0.5097222222222222 0.03177083333333333 0.1212962962962963
2 0.31796875 0.5407407407407407 0.0546875 0.17222222222222222
2 0.42291666666666666 0.5467592592592593 0.05520833333333333 0.16944444444444445