0 0.5278645833333333 0.5268518518518519 0.0296875 0.05185185185185186
0 0.50859375 0.5171296296296296 0.03177083333333333 0.03981481481481482
0 0.5505208333333333 0.4953703703703704 0.01875 0.03518518518518519
1 0.5677083333333334 0.4861111111111111 0.016666666666666666 0.03518518518518519
0 0.66796875 0.4953703703703704 0.024479166666666666 0.03333333333333333
0 0.9208333333333333 0.5212962962962964 0.02395833333333333 0.044444444444444446
1 0.9552083333333333 0.5486111111111112 0.026041666666666668 0.03981481481481482
2 0.53984375 0.6759259259259259 0.13072916666666667 0.3648148148148148
2 0.54453125 0.5865740740740741 0.08177083333333333 0.22870370370370371
2 0.6651041666666666 0.5851851851851853 0.09583333333333333 0.20740740740740743
2 0.9182291666666667 0.6398148148148148 0.14375 0.26851851851851855