1 0.24583333333333332 0.4587962962962963 0.009375 0.021296296296296296
1 0.4947916666666667 0.4990740740740741 0.013541666666666667 0.02962962962962963
0 0.34739583333333335 0.46944444444444444 0.014583333333333334 0.02777777777777778
0 0.4783854166666667 0.48379629629629634 0.01614583333333333 0.028703703703703703
0 0.5385416666666667 0.5013888888888889 0.02395833333333333 0.028703703703703703
0 0.59453125 0.4981481481481482 0.0203125 0.02962962962962963
0 0.9794270833333333 0.5856481481481481 0.0390625 0.08240740740740742
2 0.24557291666666667 0.5106481481481482 0.04114583333333333 0.15833333333333333
2 0.34401041666666665 0.5282407407407408 0.044270833333333336 0.14166666666666666
2 0.4786458333333333 0.5550925925925926 0.065625 0.17685185185185187
2 0.58671875 0.5902777777777778 0.08697916666666666 0.2175925925925926
2 0.5325520833333334 0.6 0.0921875 0.22777777777777777