1 0.5104166666666666 0.49074074074074076 0.013541666666666667 0.02592592592592593
0 0.07135416666666666 0.46944444444444444 0.014583333333333334 0.02592592592592593
0 0.08177083333333333 0.45 0.008333333333333333 0.020370370370370372
0 0.10364583333333333 0.4449074074074074 0.007291666666666667 0.017592592592592594
0 0.15416666666666667 0.4513888888888889 0.009375 0.017592592592592594
0 0.20598958333333334 0.45740740740740743 0.009895833333333333 0.016666666666666666
0 0.2739583333333333 0.46296296296296297 0.014583333333333334 0.020370370370370372
0 0.3104166666666667 0.4671296296296297 0.014583333333333334 0.021296296296296296
0 0.30416666666666664 0.4675925925925926 0.010416666666666666 0.018518518518518517
0 0.49296875 0.4777777777777778 0.0171875 0.02962962962962963
0 0.5260416666666666 0.4851851851851852 0.019791666666666666 0.02777777777777778
0 0.8263020833333333 0.5018518518518519 0.0234375 0.02962962962962963
0 0.8427083333333333 0.49722222222222223 0.019791666666666666 0.040740740740740744
0 0.9036458333333334 0.5361111111111111 0.03125 0.05555555555555556
2 0.15416666666666667 0.4898148148148148 0.030208333333333334 0.0962962962962963
2 0.20625 0.5064814814814815 0.03125 0.11296296296296297
2 0.08333333333333333 0.48240740740740745 0.021875 0.09444444444444444
2 0.3059895833333333 0.5268518518518519 0.04635416666666667 0.1388888888888889
2 0.27578125 0.5287037037037037 0.04739583333333333 0.1537037037037037
2 0.7578125 0.538425925925926 0.04479166666666667 0.1712962962962963
2 0.49192708333333335 0.5504629629629629 0.0515625 0.17314814814814816
2 0.5145833333333333 0.5768518518518518 0.07291666666666667 0.2111111111111111
2 0.82421875 0.5893518518518519 0.07760416666666667 0.20462962962962963
2 0.89453125 0.6587962962962963 0.1390625 0.28425925925925927
2 0.07317708333333334 0.5435185185185185 0.0453125 0.17037037037037037