0 0.471875 0.48935185185185187 0.014583333333333334 0.025
0 0.23854166666666665 0.5185185185185185 0.020833333333333332 0.05185185185185186
0 0.22682291666666665 0.5162037037037037 0.018229166666666668 0.03796296296296296
0 0.32421875 0.4652777777777778 0.011979166666666666 0.021296296296296296
1 0.31588541666666664 0.4671296296296297 0.009895833333333333 0.019444444444444445
0 0.2934895833333333 0.4615740740740741 0.0140625 0.021296296296296296
0 0.1953125 0.4550925925925926 0.009375 0.01388888888888889
0 0.18802083333333333 0.4537037037037037 0.010416666666666666 0.014814814814814815
0 0.14557291666666666 0.4513888888888889 0.0109375 0.01388888888888889
0 0.10677083333333333 0.44907407407407407 0.0125 0.014814814814814815
2 0.10390624999999999 0.4847222222222222 0.024479166666666666 0.09351851851851853
2 0.18932291666666667 0.5 0.0328125 0.10740740740740741
2 0.14583333333333334 0.49722222222222223 0.029166666666666667 0.11481481481481481
2 0.7263020833333333 0.5194444444444445 0.0453125 0.1462962962962963
2 0.290625 0.512962962962963 0.034375 0.12962962962962962
2 0.3216145833333333 0.5296296296296297 0.04635416666666667 0.15
2 0.79296875 0.562962962962963 0.05260416666666667 0.18333333333333335
2 0.47291666666666665 0.5620370370370371 0.06458333333333333 0.17222222222222222
2 0.24687499999999998 0.6518518518518519 0.08125 0.3074074074074074