0 0.3768229166666667 0.4328703703703704 0.024479166666666666 0.049074074074074076
0 0.5723958333333333 0.4101851851851852 0.020833333333333332 0.02962962962962963
0 0.33489583333333334 0.3787037037037037 0.017708333333333333 0.037037037037037035
1 0.22786458333333334 0.37592592592592594 0.0140625 0.02777777777777778
0 0.21901041666666665 0.36203703703703705 0.011979166666666666 0.024074074074074074
0 0.15208333333333332 0.34861111111111115 0.009375 0.017592592592592594
0 0.103125 0.36435185185185187 0.015625 0.028703703703703703
2 0.15026041666666667 0.3902777777777778 0.03177083333333333 0.10462962962962963
2 0.071875 0.3689814814814815 0.025 0.08981481481481482
2 0.36484375 0.5833333333333334 0.10677083333333333 0.35370370370370374
2 0.10520833333333333 0.4314814814814815 0.042708333333333334 0.16481481481481483
2 0.21901041666666665 0.4287037037037037 0.0453125 0.16111111111111112
2 0.3325520833333333 0.4537037037037037 0.057812499999999996 0.17592592592592593
2 0.5638020833333334 0.49074074074074076 0.08072916666666667 0.2111111111111111
2 0.6861979166666666 0.5166666666666667 0.0890625 0.20555555555555557