0 0.5744791666666667 0.5013888888888889 0.020833333333333332 0.036111111111111115
1 0.6135416666666667 0.5092592592592593 0.011458333333333333 0.018518518518518517
0 0.3177083333333333 0.4847222222222222 0.017708333333333333 0.036111111111111115
0 0.2630208333333333 0.46342592592592596 0.009375 0.015740740740740743
0 0.2109375 0.4620370370370371 0.008333333333333333 0.016666666666666666
0 0.15729166666666666 0.4615740740740741 0.009375 0.017592592592592594
2 0.12604166666666666 0.4981481481481482 0.025 0.09444444444444444
2 0.20989583333333334 0.513888888888889 0.03125 0.11666666666666667
2 0.15416666666666667 0.5101851851851852 0.03333333333333333 0.12037037037037038
2 0.31979166666666664 0.5791666666666667 0.065625 0.22314814814814815
2 0.2661458333333333 0.5212962962962964 0.041666666666666664 0.13333333333333333
2 0.5708333333333333 0.600462962962963 0.09166666666666666 0.23240740740740742
2 0.6046875 0.5935185185185186 0.08541666666666667 0.18333333333333335