0 0.6768229166666666 0.47222222222222227 0.03697916666666667 0.07407407407407407
1 0.6528645833333333 0.4708333333333333 0.0234375 0.06944444444444445
0 0.7049479166666667 0.4013888888888889 0.015104166666666667 0.03425925925925926
0 0.39010416666666664 0.3490740740740741 0.009375 0.018518518518518517
0 0.29583333333333334 0.3597222222222222 0.013541666666666667 0.028703703703703703
0 0.2830729166666667 0.35185185185185186 0.0109375 0.02592592592592593
0 0.21276041666666667 0.33287037037037037 0.0109375 0.015740740740740743
2 0.6955729166666667 0.6583333333333333 0.18802083333333333 0.4388888888888889
2 0.2828125 0.4226851851851852 0.046875 0.17314814814814816
2 0.20833333333333334 0.3773148148148148 0.030208333333333334 0.10462962962962963
2 0.4986979166666667 0.40694444444444444 0.0671875 0.13611111111111113
2 0.69296875 0.49074074074074076 0.09427083333333333 0.22037037037037038
2 0.38567708333333334 0.40324074074074073 0.0359375 0.125