0 0.74296875 0.4375 0.027604166666666666 0.062037037037037036
0 0.46432291666666664 0.35833333333333334 0.0109375 0.022222222222222223
0 0.40546875 0.3611111111111111 0.013020833333333334 0.022222222222222223
0 0.3911458333333333 0.3509259259259259 0.009375 0.022222222222222223
0 0.1703125 0.3388888888888889 0.010416666666666666 0.020370370370370372
0 0.1625 0.33287037037037037 0.009375 0.017592592592592594
2 0.16067708333333333 0.3851851851851852 0.0359375 0.13333333333333333
2 0.46432291666666664 0.4078703703703704 0.0734375 0.13240740740740742
2 0.40390624999999997 0.4226851851851852 0.044270833333333336 0.14722222222222223
2 0.7361979166666667 0.5773148148148148 0.1484375 0.33796296296296297
2 0.3848958333333333 0.40324074074074073 0.036458333333333336 0.125