1 0.9192708333333334 0.4300925925925926 0.026041666666666668 0.05277777777777778
0 0.8890625 0.4337962962962963 0.029166666666666667 0.04537037037037037
0 0.30234375 0.36388888888888893 0.015104166666666667 0.02777777777777778
0 0.26197916666666665 0.3402777777777778 0.011458333333333333 0.019444444444444445
0 0.049479166666666664 0.3416666666666667 0.0125 0.022222222222222223
0 0.061197916666666664 0.33425925925925926 0.013020833333333334 0.024074074074074074
2 0.09244791666666667 0.3652777777777778 0.025520833333333333 0.10092592592592593
2 0.45807291666666666 0.4078703703703704 0.07864583333333333 0.13240740740740742
2 0.26067708333333334 0.3912037037037037 0.0296875 0.11574074074074074
2 0.30364583333333334 0.4393518518518519 0.051041666666666666 0.1824074074074074
2 0.0484375 0.39537037037037037 0.030208333333333334 0.13703703703703704
2 0.87109375 0.5564814814814815 0.12447916666666667 0.2962962962962963
2 0.9260416666666667 0.5439814814814815 0.11562499999999999 0.27685185185185185
2 0.3846354166666667 0.40324074074074073 0.03697916666666667 0.125