0 0.84765625 0.4351851851851852 0.021354166666666667 0.03888888888888889
0 0.7734375 0.4226851851851852 0.027083333333333334 0.04351851851851852
0 0.48802083333333335 0.375 0.013541666666666667 0.024074074074074074
0 0.43385416666666665 0.35879629629629634 0.013541666666666667 0.025
0 0.096875 0.3615740740740741 0.01875 0.028703703703703703
0 0.12890625 0.3574074074074074 0.013020833333333334 0.031481481481481485
0 0.13359375 0.33333333333333337 0.0109375 0.018518518518518517
0 0.39036458333333335 0.34953703703703703 0.009895833333333333 0.021296296296296296
1 0.52734375 0.375 0.015104166666666667 0.022222222222222223
2 0.434375 0.41064814814814815 0.08020833333333333 0.13240740740740742
2 0.18541666666666667 0.3712962962962963 0.02395833333333333 0.0962962962962963
2 0.13854166666666667 0.3856481481481482 0.03125 0.12314814814814816
2 0.09609375 0.4398148148148148 0.04635416666666667 0.18888888888888888
2 0.13515625 0.4152777777777778 0.04739583333333333 0.16203703703703703
2 0.48463541666666665 0.4532407407407408 0.06197916666666667 0.1824074074074074
2 0.5333333333333333 0.45092592592592595 0.06354166666666666 0.17962962962962964
2 0.775 0.5365740740740741 0.12604166666666666 0.27870370370370373
2 0.8424479166666666 0.5365740740740741 0.10781249999999999 0.23796296296296296
2 0.38385416666666666 0.40324074074074073 0.0375 0.125