0 0.7622395833333333 0.41250000000000003 0.022395833333333334 0.04166666666666667
0 0.4927083333333333 0.38101851851851853 0.015625 0.028703703703703703
0 0.4010416666666667 0.36574074074074076 0.015625 0.02962962962962963
0 0.434375 0.3560185185185185 0.0125 0.025
0 0.3888020833333333 0.34953703703703703 0.0109375 0.021296296296296296
0 0.20416666666666666 0.40185185185185185 0.019791666666666666 0.044444444444444446
0 0.23958333333333334 0.3824074074074074 0.016666666666666666 0.040740740740740744
0 0.29661458333333335 0.34953703703703703 0.009895833333333333 0.02314814814814815
1 0.3307291666666667 0.3458333333333333 0.010416666666666666 0.019444444444444445
2 0.4328125 0.41064814814814815 0.08020833333333333 0.13240740740740742
2 0.06302083333333333 0.36064814814814816 0.028125 0.09166666666666667
2 0.20182291666666666 0.5189814814814815 0.0734375 0.27314814814814814
2 0.24348958333333334 0.4703703703703704 0.07135416666666666 0.2240740740740741
2 0.2950520833333333 0.40740740740740744 0.04010416666666666 0.13703703703703704
2 0.33307291666666666 0.4050925925925926 0.04010416666666666 0.13425925925925927
2 0.4 0.44027777777777777 0.057291666666666664 0.17500000000000002
2 0.48984374999999997 0.4518518518518519 0.06302083333333333 0.16296296296296298
2 0.7588541666666666 0.5060185185185185 0.1 0.22685185185185186
2 0.3833333333333333 0.40324074074074073 0.0375 0.125