0 0.4114583333333333 0.4666666666666667 0.03333333333333333 0.06481481481481481
0 0.45416666666666666 0.4342592592592593 0.021875 0.053703703703703705
0 0.44817708333333334 0.41435185185185186 0.0234375 0.036111111111111115
0 0.4778645833333333 0.36944444444444446 0.0171875 0.02777777777777778
0 0.43307291666666664 0.3560185185185185 0.0109375 0.026851851851851852
0 0.3893229166666667 0.350462962962963 0.009895833333333333 0.02314814814814815
0 0.3229166666666667 0.35694444444444445 0.011458333333333333 0.019444444444444445
0 0.2421875 0.3453703703703704 0.011458333333333333 0.020370370370370372
2 0.4315104166666667 0.41064814814814815 0.0796875 0.13240740740740742
2 0.41744791666666664 0.663425925925926 0.11822916666666666 0.45462962962962966
2 0.4557291666666667 0.5708333333333333 0.11770833333333333 0.325
2 0.19010416666666666 0.3800925925925926 0.029166666666666667 0.11018518518518519
2 0.24401041666666667 0.39722222222222225 0.030729166666666665 0.13518518518518519
2 0.3216145833333333 0.4101851851851852 0.0390625 0.12592592592592594
2 0.4786458333333333 0.43703703703703706 0.053125 0.16111111111111112
2 0.38255208333333335 0.40324074074074073 0.03802083333333333 0.125