0 0.56484375 0.5240740740740741 0.0203125 0.044444444444444446
0 0.5796875 0.5069444444444444 0.026041666666666668 0.05092592592592593
1 0.6020833333333333 0.5453703703703704 0.022916666666666665 0.0462962962962963
1 0.2856770833333333 0.4652777777777778 0.013020833333333334 0.026851851851851852
0 0.11015625 0.4467592592592593 0.005729166666666666 0.010185185185185186
0 0.10390624999999999 0.4462962962962963 0.008854166666666666 0.014814814814814815
0 0.07786458333333333 0.45740740740740743 0.013020833333333334 0.024074074074074074
2 0.5979166666666667 0.6328703703703704 0.10416666666666667 0.30833333333333335
2 0.29322916666666665 0.5388888888888889 0.096875 0.17592592592592593
2 0.0796875 0.5092592592592593 0.03854166666666667 0.12592592592592594
2 0.11223958333333334 0.47824074074074074 0.03177083333333333 0.09351851851851853