0 0.9463541666666666 0.5523148148148148 0.04479166666666667 0.08796296296296297
0 0.8921875 0.575925925925926 0.04375 0.07407407407407407
1 0.9791666666666666 0.6074074074074074 0.035416666666666666 0.05740740740740741
1 0.3380208333333333 0.45416666666666666 0.011458333333333333 0.021296296296296296
0 0.2950520833333333 0.4763888888888889 0.0140625 0.026851851851851852
0 0.28151041666666665 0.47453703703703703 0.01614583333333333 0.030555555555555558
0 0.11744791666666667 0.4861111111111111 0.0171875 0.031481481481481485
2 0.9299479166666667 0.7148148148148148 0.1390625 0.40925925925925927
2 0.3390625 0.5050925925925926 0.034375 0.125
2 0.11484375 0.5652777777777778 0.058854166666666666 0.20092592592592592
2 0.29609375 0.549537037037037 0.0546875 0.18796296296296297