0 0.9341145833333333 0.725 0.09114583333333333 0.20555555555555557
0 0.7825520833333334 0.43842592592592594 0.0359375 0.0638888888888889
0 0.7544270833333333 0.4375 0.030729166666666665 0.05462962962962963
0 0.49713541666666666 0.3856481481481482 0.0140625 0.030555555555555558
0 0.4161458333333333 0.375462962962963 0.016666666666666666 0.03796296296296296
0 0.40338541666666666 0.37453703703703706 0.019270833333333334 0.03981481481481482
0 0.31145833333333334 0.36388888888888893 0.019791666666666666 0.03518518518518519
2 0.49895833333333334 0.45925925925925926 0.06145833333333333 0.17592592592592593
2 0.3104166666666667 0.4462962962962963 0.057291666666666664 0.18888888888888888
2 0.4083333333333333 0.4564814814814815 0.065625 0.2
2 0.7513020833333334 0.5625 0.1265625 0.3101851851851852