0 0.51171875 0.412962962962963 0.0265625 0.05925925925925926
0 0.49947916666666664 0.4027777777777778 0.027083333333333334 0.05555555555555556
0 0.44166666666666665 0.3805555555555556 0.016666666666666666 0.031481481481481485
0 0.4317708333333333 0.38333333333333336 0.017708333333333333 0.03518518518518519
0 0.29921875 0.3578703703703704 0.011979166666666666 0.021296296296296296
0 0.24583333333333332 0.34953703703703703 0.0125 0.019444444444444445
0 0.23645833333333333 0.34814814814814815 0.011458333333333333 0.020370370370370372
0 0.16458333333333333 0.34444444444444444 0.011458333333333333 0.016666666666666666
2 0.2986979166666667 0.4101851851851852 0.0390625 0.12962962962962962
2 0.16640625 0.39814814814814814 0.04114583333333333 0.13703703703703704
2 0.24088541666666666 0.40740740740740744 0.043229166666666666 0.15
2 0.434375 0.4587962962962963 0.057291666666666664 0.18611111111111112
2 0.49583333333333335 0.5416666666666667 0.109375 0.3277777777777778