0 0.7828125 0.42129629629629634 0.035416666666666666 0.053703703703703705
0 0.6658854166666667 0.39490740740740743 0.025520833333333333 0.03981481481481482
0 0.6565104166666667 0.4027777777777778 0.022395833333333334 0.03888888888888889
1 0.5653645833333333 0.41481481481481486 0.0234375 0.05
1 0.553125 0.46574074074074073 0.01875 0.044444444444444446
0 0.5424479166666667 0.41203703703703703 0.024479166666666666 0.05740740740740741
0 0.3333333333333333 0.3703703703703704 0.015625 0.031481481481481485
0 0.3234375 0.37222222222222223 0.016666666666666666 0.02962962962962963
0 0.14140625 0.34351851851851856 0.0171875 0.02592592592592593
0 0.1296875 0.34444444444444444 0.0125 0.024074074074074074
2 0.08333333333333333 0.38287037037037036 0.03125 0.12685185185185185
2 0.13255208333333332 0.40972222222222227 0.0484375 0.16944444444444445
2 0.3247395833333333 0.4518518518518519 0.0609375 0.1962962962962963
2 0.53125 0.5504629629629629 0.12708333333333333 0.3287037037037037
2 0.64609375 0.4990740740740741 0.09635416666666667 0.24629629629629632
2 0.7700520833333333 0.5712962962962963 0.1515625 0.35555555555555557