0 0.4588541666666667 0.39537037037037037 0.021875 0.037037037037037035
0 0.32526041666666666 0.3509259259259259 0.009895833333333333 0.020370370370370372
0 0.31927083333333334 0.35694444444444445 0.011458333333333333 0.025
0 0.21562499999999998 0.3560185185185185 0.009375 0.015740740740740743
0 0.2046875 0.3527777777777778 0.013541666666666667 0.020370370370370372
0 0.18932291666666667 0.3416666666666667 0.0109375 0.016666666666666666
2 0.10625 0.3851851851851852 0.03229166666666666 0.1277777777777778
2 0.32109375 0.41203703703703703 0.0453125 0.14814814814814814
2 0.18802083333333333 0.3995370370370371 0.034375 0.1398148148148148
2 0.20598958333333334 0.41064814814814815 0.04114583333333333 0.15462962962962964
2 0.4549479166666667 0.500462962962963 0.0859375 0.24537037037037038