0 0.6065104166666666 0.4569444444444445 0.033854166666666664 0.06018518518518519
0 0.4041666666666667 0.4138888888888889 0.022916666666666665 0.04814814814814815
0 0.22135416666666666 0.37962962962962965 0.015625 0.03518518518518519
0 0.10208333333333333 0.3453703703703704 0.010416666666666666 0.022222222222222223
0 0.1671875 0.3523148148148148 0.010416666666666666 0.017592592592592594
2 0.6145833333333334 0.5898148148148148 0.11145833333333333 0.32037037037037036
2 0.4088541666666667 0.5203703703703704 0.084375 0.25925925925925924
2 0.22916666666666666 0.4703703703703704 0.065625 0.21851851851851853
2 0.10442708333333334 0.39861111111111114 0.0328125 0.13425925925925927
2 0.16067708333333333 0.38796296296296295 0.027604166666666666 0.08888888888888889
2 0.09270833333333334 0.3726851851851852 0.030208333333333334 0.10648148148148148