0 0.18515625 0.46481481481481485 0.0359375 0.06666666666666667
0 0.15104166666666666 0.3416666666666667 0.010416666666666666 0.018518518518518517
0 0.0984375 0.35000000000000003 0.016666666666666666 0.02592592592592593
0 0.7671875 0.47500000000000003 0.028125 0.040740740740740744
0 0.8 0.4763888888888889 0.028125 0.05092592592592593
0 0.89453125 0.4740740740740741 0.025520833333333333 0.0462962962962963
0 0.92734375 0.45972222222222225 0.0328125 0.05648148148148149
2 0.19375 0.625925925925926 0.10625 0.3851851851851852
2 0.096875 0.4046296296296297 0.035416666666666666 0.13518518518518519
2 0.14635416666666667 0.38703703703703707 0.034375 0.10740740740740741
2 0.7611979166666667 0.6101851851851852 0.13802083333333334 0.32037037037037036
2 0.8911458333333333 0.5800925925925926 0.12604166666666666 0.287962962962963