0 0.37734375 0.5328703703703704 0.0390625 0.09166666666666667
0 0.496875 0.39537037037037037 0.01875 0.03518518518518519
0 0.48125 0.3995370370370371 0.015625 0.026851851851851852
0 0.3848958333333333 0.3925925925925926 0.013541666666666667 0.02962962962962963
0 0.3716145833333333 0.3939814814814815 0.0171875 0.028703703703703703
0 0.7015625 0.42638888888888893 0.02395833333333333 0.03796296296296296
0 0.22161458333333334 0.3768518518518519 0.01614583333333333 0.03333333333333333
2 0.3794270833333333 0.7449074074074075 0.1734375 0.5083333333333333
2 0.22447916666666667 0.4550925925925926 0.04791666666666666 0.19166666666666668
2 0.3723958333333333 0.47222222222222227 0.0625 0.18333333333333335
2 0.47734375 0.46851851851851856 0.06822916666666666 0.1814814814814815
2 0.6903645833333333 0.5375 0.1015625 0.25833333333333336