0 0.74375 0.6842592592592592 0.09375 0.14814814814814814
0 0.82890625 0.500462962962963 0.0546875 0.10092592592592593
0 0.20260416666666667 0.3439814814814815 0.010416666666666666 0.017592592592592594
0 0.1640625 0.3402777777777778 0.011458333333333333 0.019444444444444445
0 0.15755208333333334 0.3472222222222222 0.009895833333333333 0.012962962962962964
0 0.10104166666666667 0.33611111111111114 0.007291666666666667 0.014814814814814815
0 0.09479166666666666 0.3375 0.008333333333333333 0.015740740740740743
2 0.7552083333333334 0.799537037037037 0.2677083333333333 0.3990740740740741
2 0.8463541666666666 0.700925925925926 0.20625 0.46111111111111114
2 0.09036458333333333 0.3773148148148148 0.0296875 0.09722222222222222
2 0.159375 0.3824074074074074 0.030208333333333334 0.11111111111111112
2 0.2015625 0.39537037037037037 0.03229166666666666 0.12592592592592594