0 0.7825520833333334 0.4314814814814815 0.034895833333333334 0.0462962962962963
0 0.74921875 0.42685185185185187 0.028645833333333332 0.05
0 0.76171875 0.46435185185185185 0.0234375 0.036111111111111115
1 0.6270833333333333 0.41944444444444445 0.016666666666666666 0.02962962962962963
1 0.5549479166666667 0.39583333333333337 0.0109375 0.032407407407407406
1 0.56953125 0.39351851851851855 0.0203125 0.03518518518518519
0 0.6213541666666667 0.39166666666666666 0.016666666666666666 0.03333333333333333
1 0.5330729166666667 0.39305555555555555 0.0171875 0.030555555555555558
0 0.37994791666666666 0.3814814814814815 0.019270833333333334 0.02962962962962963
0 0.27760416666666665 0.3574074074074074 0.017708333333333333 0.024074074074074074
2 0.2765625 0.41111111111111115 0.040625 0.13148148148148148
2 0.3776041666666667 0.4564814814814815 0.053125 0.18333333333333335
2 0.5291666666666667 0.47824074074074074 0.07083333333333333 0.2138888888888889
2 0.56796875 0.46944444444444444 0.07864583333333333 0.1851851851851852
2 0.6130208333333333 0.4861111111111111 0.084375 0.21851851851851853
2 0.75 0.5523148148148148 0.12708333333333333 0.2898148148148148