0 0.8783854166666667 0.4300925925925926 0.027604166666666666 0.05092592592592593
0 0.42604166666666665 0.3736111111111111 0.021875 0.032407407407407406
0 0.4145833333333333 0.3731481481481482 0.015625 0.037037037037037035
0 0.41432291666666665 0.40092592592592596 0.011979166666666666 0.024074074074074074
1 0.3458333333333333 0.3740740740740741 0.010416666666666666 0.022222222222222223
0 0.3453125 0.35694444444444445 0.014583333333333334 0.02314814814814815
1 0.321875 0.3615740740740741 0.013541666666666667 0.025
1 0.27890625 0.35462962962962963 0.0109375 0.020370370370370372
0 0.18854166666666666 0.3490740740740741 0.013541666666666667 0.020370370370370372
2 0.11380208333333333 0.37592592592592594 0.025520833333333333 0.0962962962962963
2 0.18619791666666666 0.40601851851851856 0.0359375 0.13055555555555556
2 0.3216145833333333 0.4291666666666667 0.0453125 0.1564814814814815
2 0.271875 0.40555555555555556 0.042708333333333334 0.13148148148148148
2 0.3489583333333333 0.4222222222222222 0.0375 0.14444444444444446
2 0.4153645833333333 0.4532407407407408 0.06197916666666667 0.18981481481481483
2 0.8674479166666667 0.5666666666666667 0.1484375 0.312962962962963