1 0.26067708333333334 0.40972222222222227 0.0265625 0.06574074074074074
1 0.23333333333333334 0.4078703703703704 0.026041666666666668 0.062037037037037036
0 0.40859375 0.3699074074074074 0.019270833333333334 0.030555555555555558
0 0.40260416666666665 0.37777777777777777 0.0125 0.02777777777777778
1 0.32005208333333335 0.3611111111111111 0.009895833333333333 0.016666666666666666
0 0.22708333333333333 0.3472222222222222 0.009375 0.016666666666666666
0 0.1953125 0.34814814814814815 0.011458333333333333 0.022222222222222223
0 0.11875 0.3351851851851852 0.007291666666666667 0.014814814814814815
0 0.12786458333333334 0.3351851851851852 0.0109375 0.016666666666666666
2 0.12109375 0.3805555555555556 0.030729166666666665 0.10925925925925926
2 0.23046875 0.4046296296296297 0.0390625 0.13148148148148148
2 0.19296875 0.4083333333333333 0.034895833333333334 0.1388888888888889
2 0.2625 0.575462962962963 0.10729166666666666 0.39351851851851855
2 0.3216145833333333 0.4166666666666667 0.04114583333333333 0.1277777777777778
2 0.40234375 0.44212962962962965 0.05572916666666666 0.16574074074074074