0 0.753125 0.42685185185185187 0.020833333333333332 0.044444444444444446
0 0.7682291666666666 0.39583333333333337 0.022916666666666665 0.03796296296296296
0 0.6502604166666667 0.42824074074074076 0.0265625 0.05092592592592593
0 0.62109375 0.425462962962963 0.024479166666666666 0.058333333333333334
0 0.5559895833333334 0.39305555555555555 0.0296875 0.03796296296296296
1 0.53125 0.4 0.015625 0.02592592592592593
0 0.5276041666666667 0.375462962962963 0.014583333333333334 0.02314814814814815
0 0.4205729166666667 0.35879629629629634 0.011979166666666666 0.019444444444444445
0 0.3809895833333333 0.3615740740740741 0.015104166666666667 0.025
2 0.4265625 0.4185185185185185 0.046875 0.1425925925925926
2 0.3765625 0.4393518518518519 0.053125 0.18611111111111112
2 0.5591145833333333 0.49583333333333335 0.0921875 0.25277777777777777
2 0.5385416666666667 0.4777777777777778 0.09583333333333333 0.19444444444444445
2 0.6044270833333333 0.5546296296296297 0.13697916666666665 0.31851851851851853
2 0.7494791666666667 0.5416666666666667 0.11562499999999999 0.2740740740740741
2 0.75546875 0.5018518518518519 0.12343749999999999 0.2555555555555556