0 0.4270833333333333 0.3768518518518519 0.013541666666666667 0.02592592592592593
0 0.40963541666666664 0.35185185185185186 0.015104166666666667 0.024074074074074074
0 0.3421875 0.35694444444444445 0.015625 0.026851851851851852
1 0.29270833333333335 0.3597222222222222 0.009375 0.017592592592592594
1 0.30572916666666666 0.36388888888888893 0.009375 0.022222222222222223
0 0.2953125 0.33981481481481485 0.009375 0.014814814814814815
0 0.23932291666666666 0.3523148148148148 0.013020833333333334 0.021296296296296296
0 0.21927083333333333 0.33935185185185185 0.014583333333333334 0.017592592592592594
2 0.30026041666666664 0.38842592592592595 0.03697916666666667 0.11203703703703705
2 0.3455729166666667 0.4314814814814815 0.04739583333333333 0.17037037037037037
2 0.2947916666666667 0.4175925925925926 0.04479166666666667 0.14074074074074075
2 0.23229166666666667 0.41805555555555557 0.04479166666666667 0.16574074074074074
2 0.42864583333333334 0.4513888888888889 0.05416666666666667 0.1787037037037037
2 0.41328125 0.4166666666666667 0.06510416666666667 0.16111111111111112
2 0.05182291666666666 0.37824074074074077 0.0296875 0.11574074074074074