0 0.14166666666666666 0.35185185185185186 0.015625 0.02777777777777778
0 0.22083333333333333 0.3388888888888889 0.011458333333333333 0.016666666666666666
0 0.2908854166666667 0.35462962962962963 0.0140625 0.024074074074074074
0 0.24244791666666665 0.33194444444444443 0.011979166666666666 0.021296296296296296
0 0.05416666666666667 0.3300925925925926 0.011458333333333333 0.021296296296296296
2 0.22317708333333333 0.39583333333333337 0.03177083333333333 0.125
2 0.17864583333333334 0.38333333333333336 0.03229166666666666 0.10740740740740741
2 0.12395833333333334 0.37592592592592594 0.030208333333333334 0.11296296296296297
2 0.28880208333333335 0.4078703703703704 0.0390625 0.1287037037037037
2 0.24244791666666665 0.3875 0.033854166666666664 0.12685185185185185
2 0.14505208333333333 0.4199074074074074 0.043229166666666666 0.1638888888888889
2 0.05625 0.3907407407407408 0.0375 0.1388888888888889