0 0.9294270833333333 0.5370370370370371 0.028645833333333332 0.0462962962962963
0 0.9114583333333334 0.5277777777777778 0.022916666666666665 0.040740740740740744
0 0.7026041666666667 0.4990740740740741 0.019791666666666666 0.03888888888888889
0 0.6763020833333333 0.5083333333333333 0.022395833333333334 0.037037037037037035
0 0.58984375 0.500925925925926 0.019270833333333334 0.03333333333333333
0 0.5833333333333334 0.5046296296296297 0.017708333333333333 0.040740740740740744
0 0.5091145833333334 0.4935185185185185 0.018229166666666668 0.031481481481481485
0 0.37421875 0.475462962962963 0.01614583333333333 0.026851851851851852
0 0.26458333333333334 0.46944444444444444 0.013541666666666667 0.022222222222222223
0 0.17005208333333333 0.4569444444444445 0.0109375 0.017592592592592594
0 0.08489583333333334 0.46342592592592596 0.0125 0.025
2 0.084375 0.49259259259259264 0.025 0.09814814814814815
2 0.13854166666666667 0.49212962962962964 0.026041666666666668 0.09722222222222222
2 0.16875 0.5050925925925926 0.03333333333333333 0.1175925925925926
2 0.2671875 0.5347222222222222 0.04791666666666666 0.15833333333333333
2 0.3731770833333333 0.5421296296296296 0.0484375 0.1564814814814815
2 0.51953125 0.5768518518518518 0.08802083333333333 0.1962962962962963
2 0.5786458333333333 0.6027777777777777 0.10208333333333333 0.2388888888888889
2 0.6822916666666666 0.5958333333333333 0.10104166666666667 0.23055555555555557
2 0.8981770833333333 0.6375000000000001 0.13489583333333333 0.2638888888888889
2 0.08802083333333333 0.5166666666666667 0.035416666666666666 0.13518518518518519