0 0.19817708333333334 0.4847222222222222 0.01614583333333333 0.032407407407407406
0 0.2817708333333333 0.47314814814814815 0.011458333333333333 0.024074074074074074
0 0.3143229166666667 0.47314814814814815 0.011979166666666666 0.024074074074074074
0 0.41822916666666665 0.48194444444444445 0.014583333333333334 0.02314814814814815
0 0.43307291666666664 0.47361111111111115 0.011979166666666666 0.025
0 0.77578125 0.5166666666666667 0.022395833333333334 0.037037037037037035
0 0.5411458333333333 0.4990740740740741 0.013541666666666667 0.02592592592592593
0 0.5296875 0.4930555555555556 0.014583333333333334 0.026851851851851852
0 0.0640625 0.46990740740740744 0.011458333333333333 0.028703703703703703
2 0.07291666666666667 0.4861111111111111 0.02395833333333333 0.09444444444444444
2 0.09973958333333333 0.49444444444444446 0.0265625 0.1
2 0.20885416666666667 0.5083333333333333 0.03229166666666666 0.11851851851851852
2 0.3229166666666667 0.5319444444444444 0.058333333333333334 0.1398148148148148
2 0.2825520833333333 0.5388888888888889 0.04739583333333333 0.1537037037037037
2 0.42994791666666665 0.549074074074074 0.058854166666666666 0.16481481481481483
2 0.5263020833333333 0.5694444444444444 0.07135416666666666 0.1814814814814815
2 0.775 0.6199074074074075 0.11354166666666667 0.23425925925925928
2 0.196875 0.5560185185185186 0.04583333333333333 0.19166666666666668
2 0.06510416666666667 0.5273148148148148 0.040625 0.15092592592592594