0 0.5471354166666667 0.5314814814814816 0.0296875 0.06481481481481481
0 0.35260416666666666 0.4800925925925926 0.010416666666666666 0.02314814814814815
0 0.34296875 0.47500000000000003 0.009895833333333333 0.024074074074074074
0 0.16484375 0.49074074074074076 0.021354166666666667 0.03333333333333333
0 0.2661458333333333 0.46481481481481485 0.009375 0.020370370370370372
0 0.25703125 0.4671296296296297 0.0109375 0.017592592592592594
0 0.1953125 0.46064814814814814 0.0125 0.017592592592592594
0 0.13880208333333333 0.4587962962962963 0.011979166666666666 0.015740740740740743
0 0.10651041666666666 0.4486111111111111 0.008854166666666666 0.017592592592592594
2 0.10729166666666666 0.48842592592592593 0.022916666666666665 0.08981481481481482
2 0.20390624999999998 0.5046296296296297 0.04635416666666667 0.10740740740740741
2 0.13854166666666667 0.5046296296296297 0.03229166666666666 0.11666666666666667
2 0.26119791666666664 0.5180555555555556 0.043229166666666666 0.13055555555555556
2 0.34401041666666665 0.5324074074074074 0.0453125 0.1388888888888889
2 0.5533854166666666 0.6759259259259259 0.12239583333333333 0.35000000000000003
2 0.16223958333333333 0.5745370370370371 0.058854166666666666 0.2064814814814815
2 0.021614583333333333 0.5180555555555556 0.03802083333333333 0.1287037037037037