0 0.6059895833333333 0.5032407407407408 0.025520833333333333 0.04166666666666667
0 0.4791666666666667 0.5120370370370371 0.022916666666666665 0.0462962962962963
0 0.40338541666666666 0.5291666666666667 0.0328125 0.05462962962962963
0 0.08515625 0.49259259259259264 0.0171875 0.037037037037037035
0 0.2328125 0.46851851851851856 0.0125 0.02777777777777778
2 0.11354166666666667 0.48842592592592593 0.03958333333333333 0.08981481481481482
2 0.06536458333333334 0.4851851851851852 0.024479166666666666 0.0925925925925926
2 0.15572916666666667 0.49722222222222223 0.03125 0.10555555555555556
2 0.22630208333333332 0.5120370370370371 0.03177083333333333 0.10925925925925926
2 0.5963541666666666 0.6171296296296297 0.10416666666666667 0.26944444444444443
2 0.40234375 0.6671296296296296 0.11197916666666667 0.33425925925925926
2 0.4934895833333333 0.6375000000000001 0.1109375 0.2953703703703704
2 0.09192708333333333 0.5722222222222223 0.05572916666666666 0.19444444444444445