0 0.66953125 0.4226851851851852 0.027604166666666666 0.05092592592592593
0 0.35442708333333334 0.375 0.0140625 0.02962962962962963
0 0.3497395833333333 0.36574074074074076 0.018229166666666668 0.02592592592592593
0 0.309375 0.3592592592592593 0.013541666666666667 0.02962962962962963
0 0.2989583333333333 0.36342592592592593 0.0125 0.025
0 0.18645833333333334 0.3509259259259259 0.011458333333333333 0.024074074074074074
0 0.14713541666666666 0.33055555555555555 0.011979166666666666 0.020370370370370372
2 0.15052083333333333 0.3787037037037037 0.03333333333333333 0.12222222222222223
2 0.19010416666666666 0.41203703703703703 0.03958333333333333 0.14814814814814814
2 0.35494791666666664 0.45416666666666666 0.058854166666666666 0.2064814814814815
2 0.3098958333333333 0.43194444444444446 0.05 0.17314814814814816
2 0.6822916666666666 0.562962962962963 0.11875 0.32407407407407407