0 0.9557291666666666 0.6856481481481482 0.08645833333333333 0.18796296296296297
0 0.73515625 0.4189814814814815 0.0234375 0.04351851851851852
0 0.6190104166666667 0.40231481481481485 0.019270833333333334 0.03425925925925926
1 0.334375 0.36203703703703705 0.0125 0.02592592592592593
0 0.054947916666666666 0.3425925925925926 0.013020833333333334 0.02962962962962963
1 0.09635416666666667 0.34074074074074073 0.008333333333333333 0.018518518518518517
1 0.13567708333333334 0.33611111111111114 0.011979166666666666 0.014814814814814815
2 0.09713541666666667 0.3805555555555556 0.027604166666666666 0.0962962962962963
2 0.13020833333333334 0.3763888888888889 0.030208333333333334 0.09537037037037037
2 0.3333333333333333 0.4365740740740741 0.04895833333333333 0.1675925925925926
2 0.0546875 0.39861111111111114 0.04375 0.13796296296296298
2 0.6174479166666667 0.4916666666666667 0.08072916666666667 0.21296296296296297
2 0.7111979166666667 0.5361111111111111 0.13697916666666665 0.28703703703703703