0 0.9601562499999999 0.5685185185185185 0.021354166666666667 0.03888888888888889
0 0.9325520833333333 0.562962962962963 0.0234375 0.03888888888888889
0 0.6065104166666666 0.549537037037037 0.021354166666666667 0.04351851851851852
0 0.5888020833333333 0.549074074074074 0.022395833333333334 0.0462962962962963
0 0.3796875 0.5074074074074074 0.0125 0.020370370370370372
1 0.5145833333333333 0.5259259259259259 0.016666666666666666 0.02592592592592593
0 0.26145833333333335 0.5111111111111112 0.011458333333333333 0.024074074074074074
0 0.278125 0.4916666666666667 0.009375 0.020370370370370372
0 0.21979166666666666 0.4861111111111111 0.010416666666666666 0.016666666666666666
2 0.09895833333333333 0.5152777777777778 0.027083333333333334 0.08981481481481482
2 0.18515625 0.5240740740740741 0.0265625 0.09074074074074075
2 0.22109375 0.5337962962962963 0.0296875 0.10648148148148148
2 0.25729166666666664 0.5782407407407407 0.046875 0.15462962962962964
2 0.27317708333333335 0.5546296296296297 0.043229166666666666 0.14444444444444446
2 0.35911458333333335 0.587962962962963 0.05677083333333333 0.1814814814814815
2 0.5135416666666667 0.5925925925925926 0.06041666666666667 0.16666666666666669
2 0.5841145833333333 0.6592592592592593 0.09427083333333333 0.27037037037037037
2 0.9265625 0.674074074074074 0.13229166666666667 0.2611111111111111