0 0.64375 0.5606481481481481 0.02395833333333333 0.05092592592592593
0 0.66640625 0.5467592592592593 0.0234375 0.030555555555555558
1 0.6638020833333333 0.5648148148148149 0.024479166666666666 0.037037037037037035
0 0.5549479166666667 0.5268518518518519 0.0140625 0.024074074074074074
0 0.5364583333333334 0.5236111111111111 0.016666666666666666 0.026851851851851852
0 0.29583333333333334 0.5101851851851852 0.014583333333333334 0.02592592592592593
0 0.2859375 0.5055555555555555 0.011458333333333333 0.022222222222222223
1 0.25807291666666665 0.4990740740740741 0.009895833333333333 0.018518518518518517
0 0.15 0.49444444444444446 0.009375 0.014814814814814815
2 0.15052083333333333 0.5402777777777777 0.03229166666666666 0.11203703703703705
2 0.09505208333333333 0.5194444444444445 0.024479166666666666 0.09814814814814815
2 0.21276041666666667 0.5481481481481482 0.0390625 0.13148148148148148
2 0.25859375 0.5421296296296296 0.03697916666666667 0.10833333333333334
2 0.2856770833333333 0.576388888888889 0.0453125 0.16574074074074074
2 0.5390625 0.5949074074074074 0.06770833333333333 0.17314814814814816
2 0.65234375 0.6759259259259259 0.12343749999999999 0.2925925925925926