0 0.5513020833333333 0.5337962962962963 0.0171875 0.032407407407407406
0 0.5619791666666667 0.5282407407407408 0.020833333333333332 0.026851851851851852
0 0.11640625 0.5189814814814815 0.011979166666666666 0.026851851851851852
0 0.10651041666666666 0.5111111111111112 0.013020833333333334 0.02592592592592593
1 0.15911458333333334 0.4967592592592593 0.005729166666666666 0.01388888888888889
1 0.15885416666666666 0.48703703703703705 0.00625 0.012962962962962964
2 0.15572916666666667 0.5305555555555556 0.029166666666666667 0.1
2 0.23385416666666667 0.5527777777777778 0.041666666666666664 0.12407407407407407
2 0.11979166666666667 0.5824074074074075 0.05520833333333333 0.17222222222222222
2 0.5627604166666667 0.6 0.07447916666666667 0.17407407407407408
2 0.5497395833333333 0.6157407407407408 0.07552083333333333 0.19814814814814816