1 0.67421875 0.5300925925925926 0.01614583333333333 0.032407407407407406
0 0.5229166666666667 0.5291666666666667 0.017708333333333333 0.030555555555555558
0 0.46197916666666666 0.5550925925925926 0.022916666666666665 0.05092592592592593
0 0.5473958333333333 0.5342592592592593 0.01875 0.02777777777777778
0 0.5338541666666666 0.5231481481481481 0.017708333333333333 0.02962962962962963
0 0.4614583333333333 0.513888888888889 0.017708333333333333 0.031481481481481485
0 0.3890625 0.5125000000000001 0.013541666666666667 0.036111111111111115
1 0.40625 0.5185185185185185 0.014583333333333334 0.02777777777777778
0 0.17916666666666667 0.5194444444444445 0.015625 0.031481481481481485
2 0.46979166666666666 0.6777777777777778 0.10208333333333333 0.3037037037037037
2 0.390625 0.5953703703703704 0.059375 0.18703703703703706
2 0.1796875 0.5907407407407408 0.05 0.18333333333333335
2 0.46119791666666665 0.5842592592592593 0.06197916666666667 0.16666666666666669
2 0.5197916666666667 0.6157407407407408 0.08125 0.20185185185185187
2 0.5252604166666667 0.5990740740740741 0.07552083333333333 0.17962962962962964
2 0.68125 0.611574074074074 0.10416666666666667 0.1953703703703704