1 0.6690104166666666 0.5319444444444444 0.0140625 0.030555555555555558
0 0.2713541666666667 0.5046296296296297 0.010416666666666666 0.020370370370370372
0 0.26015625 0.49953703703703706 0.011979166666666666 0.017592592592592594
0 0.22291666666666665 0.4935185185185185 0.009375 0.016666666666666666
0 0.20364583333333333 0.4967592592592593 0.013541666666666667 0.021296296296296296
0 0.1875 0.4898148148148148 0.014583333333333334 0.020370370370370372
2 0.14973958333333334 0.5356481481481482 0.033854166666666664 0.11203703703703705
2 0.22552083333333334 0.5444444444444445 0.035416666666666666 0.11851851851851852
2 0.20416666666666666 0.5476851851851852 0.028125 0.125
2 0.26276041666666666 0.5541666666666667 0.04114583333333333 0.13240740740740742
2 0.6807291666666666 0.612037037037037 0.10416666666666667 0.19444444444444445