1 0.7020833333333333 0.5365740740740741 0.016666666666666666 0.030555555555555558
0 0.43828125 0.5157407407407407 0.01614583333333333 0.02777777777777778
0 0.4296875 0.525 0.013541666666666667 0.02592592592592593
0 0.13385416666666666 0.5083333333333333 0.015625 0.02592592592592593
0 0.22473958333333333 0.4967592592592593 0.01614583333333333 0.032407407407407406
0 0.14505208333333333 0.48564814814814816 0.011979166666666666 0.017592592592592594
0 0.09921875 0.48240740740740745 0.0078125 0.012962962962962964
2 0.7072916666666667 0.6171296296296297 0.0875 0.19907407407407407
2 0.42942708333333335 0.5875 0.0671875 0.17500000000000002
2 0.23098958333333333 0.5712962962962963 0.0453125 0.17962962962962964
2 0.13854166666666667 0.5777777777777778 0.04791666666666666 0.1685185185185185