1 0.7114583333333333 0.5351851851851852 0.017708333333333333 0.03888888888888889
0 0.6065104166666666 0.5462962962962963 0.018229166666666668 0.040740740740740744
0 0.44140625 0.5287037037037037 0.027604166666666666 0.053703703703703705
0 0.30807291666666664 0.5481481481481482 0.021354166666666667 0.044444444444444446
0 0.13515625 0.5023148148148149 0.011979166666666666 0.021296296296296296
0 0.28671875 0.4990740740740741 0.011979166666666666 0.022222222222222223
0 0.27708333333333335 0.5050925925925926 0.013541666666666667 0.02314814814814815
2 0.7190104166666667 0.6217592592592592 0.06302083333333333 0.20277777777777778
2 0.2786458333333333 0.5597222222222222 0.05 0.14351851851851852
2 0.4497395833333333 0.6513888888888889 0.08385416666666666 0.2898148148148148
2 0.31484375 0.6620370370370371 0.0859375 0.2740740740740741
2 0.14296875 0.5652777777777778 0.0421875 0.14907407407407408
2 0.6072916666666667 0.6462962962962964 0.084375 0.2388888888888889