0 0.71328125 0.5157407407407407 0.0421875 0.07777777777777778
0 0.4236979166666667 0.38101851851851853 0.0171875 0.019444444444444445
0 0.2825520833333333 0.3689814814814815 0.009895833333333333 0.017592592592592594
0 0.26953125 0.36574074074074076 0.0109375 0.018518518518518517
0 0.153125 0.3416666666666667 0.011458333333333333 0.018518518518518517
0 0.08723958333333333 0.32916666666666666 0.009895833333333333 0.01388888888888889
2 0.2721354166666667 0.4175925925925926 0.0390625 0.12407407407407407
2 0.08932291666666667 0.36574074074074076 0.028645833333333332 0.09074074074074075
2 0.15260416666666665 0.3837962962962963 0.03229166666666666 0.09907407407407408
2 0.42578125 0.4518518518518519 0.05677083333333333 0.16111111111111112
2 0.6940104166666666 0.7175925925925927 0.18385416666666665 0.4777777777777778