0 0.74453125 0.44953703703703707 0.03177083333333333 0.04722222222222222
0 0.9874999999999999 0.47500000000000003 0.022916666666666665 0.05740740740740741
0 0.7109375 0.45601851851851855 0.028125 0.05092592592592593
0 0.3106770833333333 0.3902777777777778 0.018229166666666668 0.030555555555555558
0 0.15416666666666667 0.34444444444444444 0.005208333333333333 0.016666666666666666
0 0.16067708333333333 0.3453703703703704 0.0109375 0.018518518518518517
0 0.21562499999999998 0.3458333333333333 0.010416666666666666 0.015740740740740743
0 0.0078125 0.3439814814814815 0.016666666666666666 0.026851851851851852
2 0.15442708333333333 0.3856481481481482 0.0296875 0.09907407407407408
2 0.08671875 0.3648148148148148 0.025520833333333333 0.08148148148148149
2 0.21692708333333333 0.3990740740740741 0.0359375 0.12037037037037038
2 0.30885416666666665 0.4861111111111111 0.057291666666666664 0.22777777777777777
2 0.6940104166666666 0.587037037037037 0.1484375 0.3037037037037037
2 0.74140625 0.5740740740740741 0.1390625 0.2777777777777778
2 0.94765625 0.5916666666666667 0.10364583333333333 0.2740740740740741