1 0.74609375 0.4444444444444445 0.019270833333333334 0.037037037037037035
0 0.72890625 0.43703703703703706 0.0171875 0.03888888888888889
0 0.6434895833333333 0.43472222222222223 0.022395833333333334 0.036111111111111115
0 0.46432291666666664 0.4046296296296297 0.021354166666666667 0.03518518518518519
0 0.3375 0.38657407407407407 0.015625 0.026851851851851852
0 0.1984375 0.35462962962962963 0.014583333333333334 0.02592592592592593
0 0.06614583333333333 0.3703703703703704 0.015625 0.031481481481481485
0 0.09869791666666666 0.35324074074074074 0.015104166666666667 0.026851851851851852
2 0.19765625 0.41620370370370374 0.03802083333333333 0.14537037037037037
2 0.33489583333333334 0.46481481481481485 0.051041666666666666 0.1851851851851852
2 0.4666666666666667 0.4916666666666667 0.07708333333333334 0.20555555555555557
2 0.6432291666666666 0.5412037037037037 0.128125 0.2564814814814815
2 0.7276041666666666 0.5412037037037037 0.121875 0.25277777777777777
2 0.07135416666666666 0.4430555555555556 0.053125 0.1824074074074074
2 0.022916666666666665 0.3773148148148148 0.029166666666666667 0.11018518518518519
2 0.10234375 0.41481481481481486 0.04114583333333333 0.16296296296296298