0 0.68671875 0.6416666666666667 0.07135416666666666 0.1425925925925926
0 0.6861979166666666 0.47731481481481486 0.04635416666666667 0.08055555555555556
0 0.7901041666666666 0.46944444444444444 0.028125 0.04814814814814815
0 0.7359375 0.44212962962962965 0.022916666666666665 0.032407407407407406
1 0.81015625 0.44351851851851853 0.025520833333333333 0.03888888888888889
0 0.22942708333333334 0.3824074074074074 0.018229166666666668 0.040740740740740744
0 0.19244791666666666 0.34861111111111115 0.011979166666666666 0.021296296296296296
2 0.13828125 0.3814814814814815 0.024479166666666666 0.09814814814814815
2 0.19270833333333334 0.39814814814814814 0.029166666666666667 0.11481481481481481
2 0.2671875 0.42638888888888893 0.05625 0.13425925925925927
2 0.7752604166666667 0.5666666666666667 0.1484375 0.2851851851851852
2 0.7739583333333333 0.5916666666666667 0.15416666666666667 0.3
2 0.7057291666666666 0.7851851851851852 0.25625 0.4277777777777778
2 0.23385416666666667 0.47314814814814815 0.065625 0.21851851851851853
2 0.703125 0.6731481481481482 0.18333333333333332 0.4537037037037037