0 0.7559895833333333 0.549074074074074 0.024479166666666666 0.03333333333333333
1 0.221875 0.5111111111111112 0.013541666666666667 0.02777777777777778
0 0.32916666666666666 0.5203703703703704 0.013541666666666667 0.031481481481481485
0 0.34322916666666664 0.5087962962962963 0.013541666666666667 0.021296296296296296
0 0.30885416666666665 0.4935185185185185 0.010416666666666666 0.022222222222222223
0 0.27578125 0.5037037037037038 0.013020833333333334 0.022222222222222223
0 0.11119791666666666 0.487962962962963 0.0109375 0.016666666666666666
0 0.18072916666666666 0.4930555555555556 0.010416666666666666 0.021296296296296296
2 0.11015625 0.5273148148148148 0.0296875 0.10092592592592593
2 0.3098958333333333 0.5425925925925926 0.03958333333333333 0.11481481481481481
2 0.17630208333333333 0.5412037037037037 0.033854166666666664 0.1175925925925926
2 0.27447916666666666 0.5615740740740741 0.040625 0.13796296296296298
2 0.340625 0.5680555555555555 0.05 0.14166666666666666
2 0.2203125 0.5884259259259259 0.05625 0.18611111111111112
2 0.33046875 0.6226851851851852 0.07447916666666667 0.23611111111111113
2 0.75234375 0.6587962962962963 0.10781249999999999 0.25277777777777777
2 0.9526041666666667 0.6861111111111111 0.09375 0.26481481481481484