0 0.8307291666666666 0.5578703703703703 0.021875 0.03981481481481482
0 0.80703125 0.5513888888888889 0.03177083333333333 0.04351851851851852
0 0.7744791666666666 0.5611111111111111 0.029166666666666667 0.04814814814814815
0 0.5567708333333333 0.5273148148148148 0.014583333333333334 0.025
0 0.4817708333333333 0.5194444444444445 0.016666666666666666 0.02592592592592593
0 0.36276041666666664 0.5125000000000001 0.0109375 0.017592592592592594
0 0.35104166666666664 0.5078703703703704 0.014583333333333334 0.025
1 0.12291666666666666 0.48842592592592593 0.008333333333333333 0.017592592592592594
1 0.09895833333333333 0.4861111111111111 0.009375 0.018518518518518517
0 0.153125 0.487962962962963 0.009375 0.016666666666666666
2 0.30833333333333335 0.5416666666666667 0.03854166666666667 0.11481481481481481
2 0.15234375 0.5333333333333333 0.028645833333333332 0.10925925925925926
2 0.096875 0.5314814814814816 0.030208333333333334 0.11481481481481481
2 0.12369791666666667 0.5453703703703704 0.0359375 0.1388888888888889
2 0.3520833333333333 0.5680555555555555 0.05416666666666667 0.14166666666666666
2 0.47942708333333334 0.5981481481481482 0.06614583333333333 0.18333333333333335
2 0.5578125 0.6023148148148149 0.071875 0.17500000000000002
2 0.76875 0.6814814814814815 0.13645833333333332 0.3037037037037037
2 0.8375 0.6717592592592593 0.10416666666666667 0.2638888888888889