0 0.81875 0.5541666666666667 0.026041666666666668 0.04166666666666667
0 0.675 0.5273148148148148 0.016666666666666666 0.026851851851851852
0 0.63359375 0.6013888888888889 0.043229166666666666 0.06759259259259259
0 0.45807291666666666 0.5185185185185185 0.022395833333333334 0.03333333333333333
0 0.44505208333333335 0.5240740740740741 0.01614583333333333 0.031481481481481485
0 0.5052083333333334 0.5226851851851853 0.019791666666666666 0.030555555555555558
0 0.39427083333333335 0.5152777777777778 0.014583333333333334 0.02314814814814815
0 0.30442708333333335 0.5055555555555555 0.009895833333333333 0.022222222222222223
0 0.3130208333333333 0.5023148148148149 0.010416666666666666 0.017592592592592594
0 0.29583333333333334 0.4930555555555556 0.009375 0.019444444444444445
0 0.23932291666666666 0.4990740740740741 0.009895833333333333 0.018518518518518517
0 0.23151041666666666 0.49583333333333335 0.0109375 0.019444444444444445
2 0.2934895833333333 0.5416666666666667 0.044270833333333336 0.11481481481481481
2 0.23229166666666667 0.5444444444444445 0.03958333333333333 0.11666666666666667
2 0.30494791666666665 0.5652777777777778 0.04739583333333333 0.14722222222222223
2 0.31015625 0.5546296296296297 0.05260416666666667 0.12962962962962962
2 0.44453125 0.6069444444444445 0.06822916666666666 0.2064814814814815
2 0.5059895833333333 0.5953703703703704 0.06510416666666667 0.17407407407407408
2 0.3890625 0.587037037037037 0.06145833333333333 0.17592592592592593
2 0.6708333333333333 0.6166666666666667 0.08541666666666667 0.20925925925925926
2 0.81875 0.6671296296296296 0.12291666666666666 0.2675925925925926
2 0.6356770833333333 0.7662037037037037 0.1515625 0.39166666666666666