0 0.4640625 0.5152777777777778 0.011458333333333333 0.021296296296296296
0 0.44375 0.5074074074074074 0.0125 0.022222222222222223
0 0.30104166666666665 0.5236111111111111 0.016666666666666666 0.026851851851851852
0 0.33359375 0.5041666666666667 0.011979166666666666 0.021296296296296296
0 0.29375 0.5 0.0125 0.022222222222222223
0 0.2796875 0.49074074074074076 0.010416666666666666 0.016666666666666666
0 0.22473958333333333 0.49583333333333335 0.0109375 0.021296296296296296
0 0.20286458333333332 0.49212962962962964 0.008854166666666666 0.01388888888888889
0 0.17734375 0.4902777777777778 0.008854166666666666 0.017592592592592594
0 0.15520833333333334 0.4930555555555556 0.008333333333333333 0.015740740740740743
0 0.14973958333333334 0.48842592592592593 0.0078125 0.01388888888888889
2 0.14557291666666666 0.5310185185185186 0.0328125 0.09907407407407408
2 0.20286458333333332 0.5435185185185185 0.03177083333333333 0.12037037037037038
2 0.17447916666666666 0.5375 0.030208333333333334 0.10648148148148148
2 0.28671875 0.5652777777777778 0.04114583333333333 0.1564814814814815
2 0.33098958333333334 0.5643518518518519 0.0484375 0.14351851851851852
2 0.221875 0.5532407407407408 0.03958333333333333 0.13425925925925927
2 0.44088541666666664 0.5694444444444444 0.06302083333333333 0.1537037037037037
2 0.4666666666666667 0.5930555555555556 0.06979166666666667 0.18611111111111112
2 0.3052083333333333 0.6074074074074074 0.06666666666666667 0.20740740740740743