0 0.5817708333333333 0.5305555555555556 0.017708333333333333 0.02962962962962963
0 0.10781249999999999 0.5074074074074074 0.017708333333333333 0.02962962962962963
0 0.19765625 0.48935185185185187 0.0109375 0.017592592592592594
0 0.20546875 0.48564814814814816 0.009895833333333333 0.019444444444444445
0 0.13697916666666665 0.4898148148148148 0.011458333333333333 0.016666666666666666
0 0.15885416666666666 0.48888888888888893 0.010416666666666666 0.016666666666666666
0 0.11614583333333334 0.48194444444444445 0.008333333333333333 0.017592592592592594
2 0.15859375 0.5333333333333333 0.0265625 0.10370370370370371
2 0.1 0.5819444444444445 0.04791666666666666 0.1824074074074074
2 0.20130208333333333 0.5430555555555556 0.0359375 0.1212962962962963
2 0.13802083333333334 0.5398148148148149 0.03125 0.11481481481481481