0 0.9416666666666667 0.725462962962963 0.11041666666666666 0.18425925925925926
0 0.3890625 0.34861111111111115 0.015625 0.026851851851851852
0 0.2591145833333333 0.3402777777777778 0.011979166666666666 0.019444444444444445
0 0.17838541666666666 0.3337962962962963 0.008854166666666666 0.01388888888888889
0 0.12942708333333333 0.32175925925925924 0.008854166666666666 0.017592592592592594
0 0.020833333333333332 0.33333333333333337 0.010416666666666666 0.020370370370370372
2 0.12916666666666665 0.3615740740740741 0.020833333333333332 0.08611111111111111
2 0.17786458333333333 0.37083333333333335 0.024479166666666666 0.08796296296296297
2 0.38229166666666664 0.4027777777777778 0.0375 0.12962962962962962
2 0.2598958333333333 0.38796296296296295 0.03333333333333333 0.11481481481481481
2 0.39010416666666664 0.4078703703703704 0.08333333333333333 0.1287037037037037
2 0.02265625 0.38333333333333336 0.033854166666666664 0.12407407407407407