0 0.8505208333333333 0.7930555555555556 0.103125 0.20277777777777778
0 0.7796875 0.7240740740740741 0.0875 0.1851851851851852
0 0.7276041666666666 0.5402777777777777 0.05 0.08611111111111111
1 0.37109375 0.46435185185185185 0.027604166666666666 0.075
0 0.4015625 0.3856481481481482 0.015625 0.03425925925925926
0 0.38307291666666665 0.38796296296296295 0.01614583333333333 0.03333333333333333
0 0.44088541666666664 0.3680555555555556 0.0171875 0.021296296296296296
2 0.38385416666666666 0.6527777777777778 0.146875 0.4666666666666667
2 0.14583333333333334 0.35833333333333334 0.026041666666666668 0.0962962962962963
2 0.39947916666666666 0.47175925925925927 0.07395833333333333 0.20833333333333334
2 0.73203125 0.750462962962963 0.2015625 0.49722222222222223
2 0.43723958333333335 0.4375 0.06197916666666667 0.16574074074074074