0 0.9604166666666667 0.5893518518518519 0.03958333333333333 0.06574074074074074
0 0.7427083333333333 0.5523148148148148 0.025 0.03796296296296296
0 0.7234375 0.537962962962963 0.021875 0.037037037037037035
0 0.5661458333333333 0.5259259259259259 0.017708333333333333 0.02962962962962963
1 0.2716145833333333 0.5189814814814815 0.019270833333333334 0.032407407407407406
0 0.190625 0.487962962962963 0.009375 0.018518518518518517
2 0.18723958333333332 0.5328703703703704 0.033854166666666664 0.11018518518518519
2 0.2734375 0.5745370370370371 0.04479166666666667 0.14351851851851852
2 0.56953125 0.6138888888888889 0.07552083333333333 0.20370370370370372
2 0.9408854166666667 0.7546296296296297 0.1171875 0.37962962962962965
2 0.7208333333333333 0.6333333333333333 0.09375 0.22222222222222224