0 0.2578125 0.5083333333333333 0.022916666666666665 0.05
0 0.2825520833333333 0.4763888888888889 0.0140625 0.03425925925925926
0 0.321875 0.47685185185185186 0.011458333333333333 0.020370370370370372
0 0.30390625 0.47453703703703703 0.011979166666666666 0.019444444444444445
0 0.28854166666666664 0.46296296296296297 0.009375 0.016666666666666666
0 0.26953125 0.46944444444444444 0.01614583333333333 0.02962962962962963
0 0.05859375 0.4564814814814815 0.0109375 0.016666666666666666
2 0.2638020833333333 0.6111111111111112 0.08697916666666666 0.2574074074074074
2 0.058333333333333334 0.5064814814814815 0.03125 0.12222222222222223
2 0.30755208333333334 0.5277777777777778 0.05572916666666666 0.12407407407407407
2 0.28671875 0.5453703703703704 0.07239583333333333 0.17777777777777778
2 0.284375 0.5189814814814815 0.04375 0.125