0 0.8346354166666666 0.5212962962962964 0.024479166666666666 0.044444444444444446
0 0.47578125 0.5143518518518518 0.0265625 0.049074074074074076
0 0.3421875 0.4777777777777778 0.013541666666666667 0.03333333333333333
0 0.3640625 0.4828703703703704 0.017708333333333333 0.03425925925925926
0 0.01171875 0.45046296296296295 0.008854166666666666 0.015740740740740743
0 0.16302083333333334 0.4671296296296297 0.008333333333333333 0.017592592592592594
0 0.15078125 0.46296296296296297 0.009895833333333333 0.018518518518518517
0 0.19244791666666666 0.46111111111111114 0.009895833333333333 0.020370370370370372
2 0.4940104166666667 0.6481481481481481 0.15052083333333333 0.312962962962963
2 0.15078125 0.5087962962962963 0.0421875 0.10833333333333334
2 0.3723958333333333 0.5504629629629629 0.11145833333333333 0.1824074074074074
2 0.19401041666666666 0.5055555555555555 0.03697916666666667 0.10925925925925926
2 0.8231770833333333 0.6342592592592593 0.1390625 0.2740740740740741