1 0.8177083333333334 0.4763888888888889 0.019791666666666666 0.03796296296296296
1 0.7934895833333333 0.4712962962962963 0.0234375 0.04259259259259259
0 0.49609375 0.5976851851851852 0.05572916666666666 0.1175925925925926
1 0.55859375 0.41203703703703703 0.015104166666666667 0.03518518518518519
1 0.5278645833333333 0.41435185185185186 0.015104166666666667 0.030555555555555558
1 0.5419270833333333 0.43333333333333335 0.011979166666666666 0.024074074074074074
1 0.29322916666666665 0.3763888888888889 0.0125 0.02314814814814815
0 0.16666666666666666 0.3513888888888889 0.008333333333333333 0.01388888888888889
0 0.15833333333333333 0.3462962962962963 0.009375 0.018518518518518517
0 0.9403645833333333 0.5328703703703704 0.0421875 0.07314814814814816
2 0.50234375 0.7685185185185186 0.2171875 0.46111111111111114
2 0.11796875 0.3648148148148148 0.0265625 0.08333333333333334
2 0.15729166666666666 0.3944444444444445 0.035416666666666666 0.11666666666666667
2 0.2833333333333333 0.4412037037037037 0.04583333333333333 0.1527777777777778
2 0.5229166666666667 0.5064814814814815 0.09375 0.22037037037037038
2 0.9182291666666667 0.7282407407407407 0.1625 0.4601851851851852
2 0.78359375 0.5833333333333334 0.1296875 0.26851851851851855