0 0.9093749999999999 0.5675925925925926 0.04791666666666666 0.10185185185185186
0 0.8794270833333333 0.5541666666666667 0.04010416666666666 0.09537037037037037
0 0.48046875 0.5435185185185185 0.034895833333333334 0.061111111111111116
0 0.17942708333333332 0.6171296296296297 0.05364583333333333 0.10092592592592593
0 0.058333333333333334 0.6949074074074074 0.06041666666666667 0.11203703703703705
1 0.15729166666666666 0.4740740740740741 0.0125 0.02962962962962963
0 0.28802083333333334 0.47314814814814815 0.011458333333333333 0.018518518518518517
1 0.09817708333333333 0.46481481481481485 0.009895833333333333 0.022222222222222223
1 0.0265625 0.49583333333333335 0.019791666666666666 0.036111111111111115
1 0.01171875 0.4949074074074074 0.0171875 0.036111111111111115
2 0.2877604166666667 0.5240740740740741 0.0390625 0.12222222222222223
2 0.90234375 0.7587962962962963 0.19427083333333334 0.48055555555555557
2 0.49374999999999997 0.6851851851851852 0.121875 0.34444444444444444
2 0.16041666666666665 0.5467592592592593 0.051041666666666666 0.1787037037037037
2 0.09661458333333334 0.5236111111111111 0.04114583333333333 0.14907407407407408
2 0.16770833333333332 0.7847222222222222 0.16145833333333334 0.4287037037037037
2 0.08776041666666666 0.8166666666666667 0.17239583333333333 0.3648148148148148