0 0.9359375 0.611574074074074 0.051041666666666666 0.09351851851851853
0 0.51953125 0.48750000000000004 0.015104166666666667 0.032407407407407406
0 0.5028645833333333 0.4912037037037037 0.0203125 0.036111111111111115
1 0.4421875 0.5314814814814816 0.022916666666666665 0.06296296296296297
1 0.29765625 0.49722222222222223 0.0171875 0.03888888888888889
1 0.13880208333333333 0.5199074074074074 0.015104166666666667 0.032407407407407406
1 0.11848958333333333 0.5180555555555556 0.0171875 0.04166666666666667
0 0.12291666666666666 0.5787037037037037 0.035416666666666666 0.06666666666666667
0 0.08619791666666667 0.7199074074074074 0.059895833333333336 0.1175925925925926
0 0.16067708333333333 0.4638888888888889 0.011979166666666666 0.012962962962962964
0 0.051041666666666666 0.4620370370370371 0.014583333333333334 0.02592592592592593
0 0.9109375 0.5416666666666667 0.030208333333333334 0.05555555555555556
2 0.16067708333333333 0.4981481481481482 0.03177083333333333 0.09814814814814815
2 0.9161458333333333 0.7828703703703704 0.16666666666666666 0.4324074074074074
2 0.44635416666666666 0.6814814814814815 0.10208333333333333 0.35555555555555557
2 0.2973958333333333 0.6064814814814815 0.07083333333333333 0.25925925925925924
2 0.12916666666666665 0.6134259259259259 0.08333333333333333 0.25462962962962965
2 0.1046875 0.7662037037037037 0.14583333333333334 0.4416666666666667
2 0.09635416666666667 0.8305555555555556 0.18229166666666666 0.337037037037037
2 0.5080729166666667 0.5787037037037037 0.08385416666666666 0.22222222222222224
2 0.05286458333333333 0.5175925925925926 0.03802083333333333 0.14074074074074075
2 0.8947916666666667 0.6800925925925926 0.13125 0.33055555555555555