1 0.85625 0.6217592592592592 0.05416666666666667 0.10648148148148148
1 0.44635416666666666 0.5606481481481481 0.027083333333333334 0.058333333333333334
1 0.42161458333333335 0.5601851851851852 0.0234375 0.05925925925925926
1 0.6708333333333333 0.5078703703703704 0.014583333333333334 0.03981481481481482
0 0.6549479166666666 0.5 0.018229166666666668 0.03333333333333333
1 0.43697916666666664 0.4847222222222222 0.016666666666666666 0.032407407407407406
0 0.4192708333333333 0.4847222222222222 0.0125 0.026851851851851852
0 0.153125 0.7319444444444445 0.06458333333333333 0.125
0 0.09270833333333334 0.5356481481481482 0.030208333333333334 0.05277777777777778
0 0.13567708333333334 0.47731481481481486 0.018229166666666668 0.03796296296296296
0 0.259375 0.4620370370370371 0.010416666666666666 0.020370370370370372
0 0.2518229166666667 0.46481481481481485 0.009895833333333333 0.020370370370370372
2 0.10130208333333333 0.4814814814814815 0.024479166666666666 0.07962962962962963
2 0.86171875 0.7824074074074074 0.22135416666666666 0.43333333333333335
2 0.4536458333333333 0.7046296296296296 0.153125 0.3888888888888889
2 0.08619791666666667 0.675462962962963 0.10572916666666667 0.32685185185185184
2 0.12890625 0.8375 0.2046875 0.3231481481481482
2 0.2557291666666667 0.5208333333333334 0.046875 0.13796296296296298
2 0.13984375 0.5564814814814815 0.050520833333333334 0.18703703703703706
2 0.4231770833333333 0.5601851851851852 0.059895833333333336 0.17777777777777778
2 0.43854166666666666 0.5824074074074075 0.06770833333333333 0.22962962962962963
2 0.65078125 0.5842592592592593 0.0890625 0.20185185185185187
2 0.41562499999999997 0.5208333333333334 0.06354166666666666 0.125