0 0.8739583333333333 0.5319444444444444 0.026041666666666668 0.04351851851851852
0 0.7067708333333333 0.587037037037037 0.04895833333333333 0.0962962962962963
0 0.6703125 0.5 0.015625 0.02777777777777778
0 0.6145833333333334 0.4986111111111111 0.026041666666666668 0.03796296296296296
0 0.4940104166666667 0.48194444444444445 0.011979166666666666 0.019444444444444445
0 0.41953124999999997 0.4740740740740741 0.018229166666666668 0.031481481481481485
0 0.40729166666666666 0.4828703703703704 0.015625 0.025
0 0.10833333333333334 0.5351851851851852 0.030208333333333334 0.05
0 0.09817708333333333 0.47453703703703703 0.011979166666666666 0.025
0 0.21848958333333332 0.46574074074074073 0.0109375 0.016666666666666666
1 0.22942708333333334 0.46111111111111114 0.0078125 0.014814814814814815
1 0.20781249999999998 0.4638888888888889 0.009375 0.020370370370370372
0 0.20260416666666667 0.45972222222222225 0.009375 0.015740740740740743
1 0.13515625 0.4537037037037037 0.011979166666666666 0.016666666666666666
0 0.10130208333333333 0.4518518518518519 0.008854166666666666 0.014814814814814815
2 0.09583333333333333 0.5412037037037037 0.04375 0.1564814814814815
2 0.10182291666666667 0.6578703703703704 0.0734375 0.28611111111111115
2 0.04895833333333333 0.4777777777777778 0.025 0.08148148148148149
2 0.7302083333333333 0.7726851851851853 0.20833333333333334 0.4527777777777778
2 0.10078125 0.4898148148148148 0.025520833333333333 0.09074074074074075
2 0.13385416666666666 0.4986111111111111 0.030208333333333334 0.11203703703703705
2 0.2 0.5050925925925926 0.029166666666666667 0.10462962962962963
2 0.21953124999999998 0.5194444444444445 0.03802083333333333 0.13518518518518519
2 0.32786458333333335 0.5412037037037037 0.04739583333333333 0.14537037037037037
2 0.4109375 0.5504629629629629 0.06041666666666667 0.1824074074074074
2 0.4973958333333333 0.5560185185185186 0.06979166666666667 0.1712962962962963
2 0.6143229166666666 0.5935185185185186 0.08177083333333333 0.22962962962962963
2 0.6729166666666666 0.5824074074074075 0.08229166666666667 0.1925925925925926
2 0.8716145833333333 0.638425925925926 0.13385416666666666 0.2564814814814815
2 0.23359375 0.5069444444444444 0.03177083333333333 0.10462962962962963