0 0.7776041666666667 0.5282407407407408 0.03229166666666666 0.049074074074074076
0 0.5106770833333333 0.4898148148148148 0.01614583333333333 0.03333333333333333
0 0.4953125 0.48703703703703705 0.015625 0.02777777777777778
0 0.371875 0.5074074074074074 0.03125 0.044444444444444446
0 0.1921875 0.4759259259259259 0.017708333333333333 0.03888888888888889
0 0.034895833333333334 0.4527777777777778 0.010416666666666666 0.016666666666666666
0 0.026302083333333334 0.4527777777777778 0.009895833333333333 0.020370370370370372
2 0.3794270833333333 0.6199074074074075 0.08802083333333333 0.28240740740740744
2 0.96484375 0.5981481481481482 0.06927083333333334 0.21666666666666667
2 0.19505208333333332 0.5643518518518519 0.058854166666666666 0.21944444444444444
2 0.49244791666666665 0.5740740740740741 0.07447916666666667 0.19814814814814816
2 0.77734375 0.6638888888888889 0.12343749999999999 0.32222222222222224
2 0.034895833333333334 0.5018518518518519 0.03854166666666667 0.13148148148148148