0 0.8796875 0.5537037037037037 0.05625 0.08703703703703704
0 0.46848958333333335 0.5064814814814815 0.0265625 0.05555555555555556
0 0.4075520833333333 0.48194444444444445 0.0171875 0.030555555555555558
0 0.12265625 0.4726851851851852 0.013020833333333334 0.026851851851851852
0 0.11067708333333333 0.46296296296296297 0.013020833333333334 0.02592592592592593
0 0.2328125 0.46296296296296297 0.011458333333333333 0.018518518518518517
0 0.22526041666666666 0.45787037037037037 0.008854166666666666 0.019444444444444445
2 0.8984375 0.7513888888888889 0.20208333333333334 0.46944444444444444
2 0.96484375 0.5981481481481482 0.06927083333333334 0.21666666666666667
2 0.4739583333333333 0.6490740740740741 0.121875 0.34444444444444444
2 0.2265625 0.5120370370370371 0.036458333333333336 0.12592592592592594
2 0.40781249999999997 0.5592592592592592 0.053125 0.17962962962962964
2 0.12265625 0.5351851851851852 0.05260416666666667 0.17777777777777778