0 0.7966145833333333 0.5574074074074075 0.0421875 0.0962962962962963
0 0.75234375 0.549074074074074 0.03802083333333333 0.07037037037037037
0 0.65546875 0.49722222222222223 0.018229166666666668 0.031481481481481485
0 0.6359375 0.4967592592592593 0.019791666666666666 0.026851851851851852
0 0.46380208333333334 0.46574074074074073 0.011979166666666666 0.022222222222222223
0 0.45208333333333334 0.47824074074074074 0.014583333333333334 0.025
1 0.21484375 0.4638888888888889 0.008854166666666666 0.016666666666666666
0 0.21380208333333334 0.44722222222222224 0.008854166666666666 0.014814814814814815
2 0.803125 0.7532407407407408 0.19895833333333332 0.4916666666666667
2 0.17994791666666665 0.48055555555555557 0.025520833333333333 0.08333333333333334
2 0.21354166666666666 0.4935185185185185 0.03229166666666666 0.11296296296296297
2 0.45260416666666664 0.5296296296296297 0.04479166666666667 0.14814814814814814
2 0.6354166666666666 0.5745370370370371 0.07604166666666666 0.19166666666666668