0 0.80234375 0.5884259259259259 0.033854166666666664 0.07314814814814816
0 0.6497395833333334 0.5574074074074075 0.028645833333333332 0.04259259259259259
0 0.5221354166666666 0.5143518518518518 0.01614583333333333 0.026851851851851852
0 0.44635416666666666 0.5194444444444445 0.014583333333333334 0.022222222222222223
0 0.43359375 0.5152777777777778 0.011979166666666666 0.025
0 0.24947916666666667 0.5064814814814815 0.010416666666666666 0.020370370370370372
0 0.3067708333333333 0.500925925925926 0.013541666666666667 0.02592592592592593
0 0.33203125 0.5060185185185185 0.011979166666666666 0.02314814814814815
0 0.34140625 0.5087962962962963 0.0140625 0.02314814814814815
0 0.2421875 0.500462962962963 0.008333333333333333 0.01388888888888889
1 0.23723958333333334 0.49583333333333335 0.008854166666666666 0.015740740740740743
2 0.12369791666666667 0.5282407407407408 0.028645833333333332 0.10092592592592593
2 0.24791666666666667 0.5601851851851852 0.0375 0.13148148148148148
2 0.33307291666666666 0.5712962962962963 0.049479166666666664 0.1574074074074074
2 0.30859375 0.5578703703703703 0.04010416666666666 0.13425925925925927
2 0.4317708333333333 0.5750000000000001 0.046875 0.1462962962962963
2 0.5203125 0.5962962962962963 0.06770833333333333 0.19074074074074074
2 0.6471354166666666 0.6597222222222222 0.10364583333333333 0.2490740740740741
2 0.81015625 0.7055555555555556 0.1390625 0.29444444444444445