0 0.9088541666666666 0.5884259259259259 0.04479166666666667 0.058333333333333334
0 0.52265625 0.537962962962963 0.0234375 0.03333333333333333
0 0.43385416666666665 0.5300925925925926 0.017708333333333333 0.026851851851851852
0 0.35651041666666666 0.5166666666666667 0.0140625 0.02777777777777778
0 0.33203125 0.5050925925925926 0.008854166666666666 0.017592592592592594
0 0.3234375 0.5018518518518519 0.011458333333333333 0.020370370370370372
0 0.309375 0.4981481481481482 0.011458333333333333 0.022222222222222223
0 0.21927083333333333 0.49212962962962964 0.009375 0.015740740740740743
0 0.21197916666666666 0.4912037037037037 0.009375 0.017592592592592594
0 0.19869791666666667 0.49074074074074076 0.0109375 0.016666666666666666
2 0.14661458333333333 0.5324074074074074 0.027604166666666666 0.09444444444444444
2 0.21328125 0.5412037037037037 0.034895833333333334 0.1175925925925926
2 0.19713541666666667 0.5333333333333333 0.0265625 0.10185185185185186
2 0.32395833333333335 0.5504629629629629 0.034375 0.1175925925925926
2 0.30807291666666664 0.5560185185185186 0.043229166666666666 0.14351851851851852
2 0.35885416666666664 0.5842592592592593 0.04895833333333333 0.15925925925925927
2 0.43828125 0.6064814814814815 0.058854166666666666 0.18333333333333335
2 0.5182291666666666 0.6370370370370371 0.08125 0.2351851851851852
2 0.9091145833333333 0.736574074074074 0.18072916666666666 0.3453703703703704