0 0.9536458333333333 0.575462962962963 0.027083333333333334 0.05092592592592593
0 0.6098958333333333 0.5342592592592593 0.03333333333333333 0.0462962962962963
0 0.45 0.5291666666666667 0.017708333333333333 0.021296296296296296
0 0.3106770833333333 0.5074074074074074 0.015104166666666667 0.02777777777777778
0 0.2713541666666667 0.5050925925925926 0.0125 0.021296296296296296
0 0.21822916666666667 0.4962962962962963 0.010416666666666666 0.014814814814814815
0 0.24322916666666666 0.4949074074074074 0.008333333333333333 0.017592592592592594
0 0.18567708333333333 0.4861111111111111 0.008854166666666666 0.016666666666666666
0 0.2518229166666667 0.500925925925926 0.008854166666666666 0.018518518518518517
2 0.24401041666666667 0.5365740740740741 0.0328125 0.10092592592592593
2 0.18463541666666666 0.5305555555555556 0.028645833333333332 0.10925925925925926
2 0.21744791666666666 0.5472222222222223 0.03177083333333333 0.11851851851851852
2 0.27265625 0.5601851851851852 0.0359375 0.1277777777777778
2 0.31145833333333334 0.5717592592592593 0.04583333333333333 0.1527777777777778
2 0.4536458333333333 0.6185185185185186 0.07083333333333333 0.20740740740740743
2 0.5997395833333333 0.6356481481481482 0.10364583333333333 0.23981481481481481
2 0.9317708333333333 0.6925925925925926 0.13541666666666666 0.2851851851851852