0 0.3299479166666667 0.27870370370370373 0.0140625 0.02777777777777778
0 0.39765625 0.3013888888888889 0.021354166666666667 0.03981481481481482
0 0.45078124999999997 0.2990740740740741 0.01614583333333333 0.031481481481481485
0 0.6182291666666666 0.33935185185185185 0.014583333333333334 0.036111111111111115
0 0.6348958333333333 0.33842592592592596 0.01875 0.04351851851851852
0 0.9291666666666667 0.3861111111111111 0.026041666666666668 0.053703703703703705
0 0.9494791666666667 0.3888888888888889 0.03333333333333333 0.05925925925925926
0 0.9518229166666666 0.4462962962962963 0.0359375 0.07407407407407407
0 0.9802083333333333 0.45972222222222225 0.0375 0.0787037037037037
2 0.053906249999999996 0.275 0.027604166666666666 0.10555555555555556
2 0.325 0.350462962962963 0.05416666666666667 0.16944444444444445
2 0.40182291666666664 0.3962962962962963 0.07135416666666666 0.22777777777777777
2 0.4473958333333333 0.37592592592592594 0.06979166666666667 0.18703703703703706
2 0.6114583333333333 0.4449074074074074 0.11041666666666666 0.2638888888888889
2 0.9161458333333333 0.6111111111111112 0.16666666666666666 0.40185185185185185
2 0.9052083333333333 0.4981481481481482 0.16354166666666667 0.2833333333333333