0 0.6924479166666666 0.3736111111111111 0.044270833333333336 0.06944444444444445
0 0.6427083333333333 0.3337962962962963 0.026041666666666668 0.05092592592592593
0 0.28411458333333334 0.2726851851851852 0.0140625 0.030555555555555558
0 0.2739583333333333 0.274537037037037 0.0125 0.021296296296296296
0 0.21666666666666667 0.28194444444444444 0.015625 0.025
0 0.20546875 0.25972222222222224 0.015104166666666667 0.02314814814814815
0 0.13515625 0.2449074074074074 0.0140625 0.021296296296296296
0 0.10885416666666667 0.23657407407407408 0.010416666666666666 0.015740740740740743
2 0.0609375 0.27083333333333337 0.03125 0.10092592592592593
2 0.09192708333333333 0.28564814814814815 0.034895833333333334 0.1212962962962963
2 0.13385416666666666 0.29953703703703705 0.040625 0.13611111111111113
2 0.20807291666666666 0.3453703703703704 0.044270833333333336 0.16666666666666669
2 0.27369791666666665 0.33981481481481485 0.05572916666666666 0.17222222222222222
2 0.6346354166666667 0.43194444444444446 0.09947916666666666 0.24166666666666667
2 0.6778645833333333 0.5222222222222223 0.14427083333333332 0.3592592592592593