0 0.6041666666666666 0.34861111111111115 0.028125 0.04722222222222222
0 0.5078125 0.3138888888888889 0.030208333333333334 0.040740740740740744
0 0.36640625 0.2828703703703704 0.0171875 0.02314814814814815
0 0.265625 0.2828703703703704 0.020833333333333332 0.03425925925925926
0 0.13463541666666667 0.24629629629629632 0.018229166666666668 0.022222222222222223
0 0.08567708333333333 0.24583333333333335 0.011979166666666666 0.021296296296296296
0 0.09140625 0.23472222222222222 0.013020833333333334 0.019444444444444445
2 0.08411458333333333 0.2972222222222222 0.03177083333333333 0.12592592592592594
2 0.128125 0.29583333333333334 0.036458333333333336 0.13055555555555556
2 0.3645833333333333 0.3550925925925926 0.059375 0.17685185185185187
2 0.26484375 0.36712962962962964 0.06197916666666667 0.21203703703703705
2 0.49713541666666666 0.39583333333333337 0.0796875 0.21203703703703705
2 0.5963541666666666 0.4763888888888889 0.11666666666666667 0.30462962962962964