0 0.7299479166666667 0.4351851851851852 0.024479166666666666 0.0462962962962963
0 0.8307291666666666 0.46620370370370373 0.026041666666666668 0.05648148148148149
0 0.9513020833333333 0.47962962962962963 0.03802083333333333 0.05740740740740741
0 0.9848958333333333 0.4828703703703704 0.028125 0.06944444444444445
1 0.9247395833333333 0.47175925925925927 0.018229166666666668 0.036111111111111115
0 0.4375 0.38287037037037036 0.014583333333333334 0.030555555555555558
0 0.4244791666666667 0.3875 0.016666666666666666 0.030555555555555558
0 0.39557291666666666 0.3875 0.01614583333333333 0.036111111111111115
0 0.37916666666666665 0.3861111111111111 0.017708333333333333 0.03333333333333333
0 0.35052083333333334 0.37824074074074077 0.017708333333333333 0.030555555555555558
0 0.2557291666666667 0.3490740740740741 0.015625 0.03333333333333333
0 0.23463541666666665 0.3574074074074074 0.01614583333333333 0.03518518518518519
2 0.25494791666666666 0.40185185185185185 0.030729166666666665 0.1277777777777778
2 0.2739583333333333 0.4199074074074074 0.03854166666666667 0.13240740740740742
2 0.2265625 0.41481481481481486 0.042708333333333334 0.14444444444444446
2 0.35104166666666664 0.44351851851851853 0.04895833333333333 0.1537037037037037
2 0.384375 0.45972222222222225 0.057291666666666664 0.18425925925925926
2 0.42604166666666665 0.4481481481481482 0.06041666666666667 0.17037037037037037
2 0.7223958333333333 0.5300925925925926 0.09895833333333333 0.23055555555555557
2 0.8393229166666667 0.5787037037037037 0.15989583333333332 0.27592592592592596
2 0.9171874999999999 0.625925925925926 0.16458333333333333 0.3666666666666667