0 0.2825520833333333 0.4638888888888889 0.01614583333333333 0.02962962962962963
0 0.43776041666666665 0.5375 0.04635416666666667 0.08981481481481482
0 0.5190104166666667 0.49583333333333335 0.0234375 0.04537037037037037
0 0.6106770833333334 0.5106481481481482 0.025520833333333333 0.05462962962962963
0 0.8828125 0.5398148148148149 0.027083333333333334 0.053703703703703705
0 0.9161458333333333 0.5388888888888889 0.034375 0.061111111111111116
0 0.7875 0.6416666666666667 0.06145833333333333 0.1388888888888889
0 0.853125 0.6601851851851852 0.059375 0.1462962962962963
2 0.8674479166666667 0.7875 0.2640625 0.42314814814814816
2 0.4575520833333333 0.7412037037037037 0.1578125 0.500925925925926
2 0.5161458333333333 0.575925925925926 0.078125 0.2
2 0.59921875 0.6027777777777777 0.0890625 0.23703703703703705
2 0.8747395833333333 0.6643518518518519 0.1578125 0.31203703703703706
2 0.2869791666666667 0.5125000000000001 0.03854166666666667 0.12685185185185185