0 0.2708333333333333 0.4675925925925926 0.016666666666666666 0.02777777777777778
0 0.2864583333333333 0.4726851851851852 0.010416666666666666 0.03425925925925926
0 0.30442708333333335 0.46620370370370373 0.0109375 0.025
0 0.37734375 0.4847222222222222 0.015104166666666667 0.036111111111111115
0 0.3919270833333333 0.4810185185185185 0.013020833333333334 0.036111111111111115
0 0.5375 0.4916666666666667 0.0125 0.03333333333333333
0 0.5489583333333333 0.5060185185185185 0.016666666666666666 0.03981481481481482
0 0.5684895833333333 0.5013888888888889 0.022395833333333334 0.04351851851851852
0 0.73359375 0.5217592592592593 0.0234375 0.04722222222222222
0 0.7645833333333333 0.525 0.02395833333333333 0.05
2 0.2838541666666667 0.5319444444444444 0.04791666666666666 0.15092592592592594
2 0.378125 0.5555555555555556 0.06354166666666666 0.1851851851851852
2 0.5513020833333333 0.6023148148148149 0.0953125 0.24722222222222223
2 0.7348958333333333 0.6268518518518519 0.11145833333333333 0.2574074074074074
2 0.30833333333333335 0.5185185185185185 0.036458333333333336 0.13148148148148148