0 0.3533854166666667 0.48194444444444445 0.018229166666666668 0.03981481481481482
0 0.39036458333333335 0.4851851851851852 0.0171875 0.03518518518518519
0 0.4106770833333333 0.48379629629629634 0.0234375 0.04166666666666667
0 0.46380208333333334 0.48750000000000004 0.015104166666666667 0.03981481481481482
0 0.5604166666666667 0.49259259259259264 0.02395833333333333 0.040740740740740744
0 0.5408854166666667 0.5194444444444445 0.021354166666666667 0.04259259259259259
0 0.66640625 0.5148148148148148 0.027604166666666666 0.05
0 0.7713541666666667 0.524537037037037 0.029166666666666667 0.05277777777777778
0 0.7973958333333333 0.5212962962962964 0.034375 0.05740740740740741
0 0.11328125 0.4814814814814815 0.0171875 0.031481481481481485
0 0.21197916666666666 0.4601851851851852 0.011458333333333333 0.024074074074074074
0 0.20130208333333333 0.46064814814814814 0.008854166666666666 0.028703703703703703
0 0.15598958333333332 0.45740740740740743 0.0140625 0.02777777777777778
0 0.06510416666666667 0.44583333333333336 0.015625 0.02314814814814815
0 0.08125 0.4444444444444445 0.008333333333333333 0.018518518518518517
0 0.090625 0.4486111111111111 0.010416666666666666 0.02314814814814815
0 0.12994791666666666 0.4527777777777778 0.008854166666666666 0.016666666666666666
0 0.13776041666666666 0.45416666666666666 0.008854166666666666 0.021296296296296296
1 0.27838541666666666 0.47731481481481486 0.015104166666666667 0.025
2 0.08958333333333333 0.4847222222222222 0.027083333333333334 0.09722222222222222
2 0.1484375 0.5013888888888889 0.0375 0.11944444444444445
2 0.13072916666666667 0.49074074074074076 0.028125 0.10370370370370371
2 0.20390624999999998 0.5041666666666667 0.034895833333333334 0.11574074074074074
2 0.4825520833333333 0.5467592592592593 0.06510416666666667 0.16018518518518518
2 0.11562499999999999 0.5504629629629629 0.046875 0.16944444444444445
2 0.26953125 0.5291666666666667 0.0421875 0.14351851851851852
2 0.353125 0.5481481481481482 0.053125 0.16111111111111112
2 0.39036458333333335 0.5560185185185186 0.0703125 0.20092592592592592
2 0.475 0.5583333333333333 0.09791666666666667 0.17777777777777778
2 0.5395833333333333 0.5962962962962963 0.12395833333333334 0.2555555555555556
2 0.65546875 0.6069444444444445 0.10052083333333334 0.22685185185185186
2 0.7708333333333334 0.6402777777777778 0.1375 0.2898148148148148