1 0.91953125 0.5458333333333334 0.028645833333333332 0.05648148148148149
0 0.98671875 0.575925925925926 0.024479166666666666 0.07037037037037037
0 0.6536458333333334 0.5092592592592593 0.019791666666666666 0.04259259259259259
0 0.6372395833333333 0.5050925925925926 0.015104166666666667 0.049074074074074076
0 0.3765625 0.5337962962962963 0.028125 0.062037037037037036
0 0.35182291666666665 0.4777777777777778 0.018229166666666668 0.03888888888888889
0 0.38958333333333334 0.4865740740740741 0.022916666666666665 0.04166666666666667
0 0.2859375 0.46574074074074073 0.016666666666666666 0.02962962962962963
0 0.21328125 0.45740740740740743 0.011979166666666666 0.02592592592592593
1 0.15989583333333332 0.4587962962962963 0.016666666666666666 0.02314814814814815
0 0.19375 0.46435185185185185 0.0125 0.021296296296296296
0 0.08307291666666666 0.4444444444444445 0.0109375 0.018518518518518517
0 0.018489583333333334 0.45925925925925926 0.018229166666666668 0.02592592592592593
0 0.06770833333333333 0.4439814814814815 0.00625 0.019444444444444445
0 0.07447916666666667 0.4462962962962963 0.008333333333333333 0.022222222222222223
2 0.07864583333333333 0.48055555555555557 0.029166666666666667 0.0925925925925926
2 0.5934895833333333 0.5648148148148149 0.0671875 0.1814814814814815
2 0.38229166666666664 0.6611111111111111 0.10104166666666667 0.3092592592592593
2 0.019791666666666666 0.5083333333333333 0.035416666666666666 0.12962962962962962
2 0.15677083333333333 0.5018518518518519 0.03229166666666666 0.10925925925925926
2 0.20286458333333332 0.513425925925926 0.0421875 0.13796296296296298
2 0.2760416666666667 0.5347222222222222 0.06458333333333333 0.17314814814814816
2 0.3846354166666667 0.5472222222222223 0.059895833333333336 0.16111111111111112
2 0.346875 0.5523148148148148 0.06145833333333333 0.18611111111111112
2 0.64140625 0.5976851851851852 0.09114583333333333 0.23240740740740742
2 0.9138020833333333 0.663425925925926 0.1484375 0.28611111111111115