0 0.75 0.55 0.019791666666666666 0.03888888888888889
0 0.6078125 0.5574074074074075 0.01875 0.037037037037037035
0 0.5760416666666667 0.5361111111111111 0.015625 0.03518518518518519
0 0.59453125 0.5462962962962963 0.018229166666666668 0.04259259259259259
0 0.30078125 0.5032407407407408 0.019270833333333334 0.030555555555555558
0 0.35182291666666665 0.5087962962962963 0.009895833333333333 0.026851851851851852
0 0.3640625 0.5148148148148148 0.015625 0.024074074074074074
0 0.18515625 0.48888888888888893 0.005729166666666666 0.018518518518518517
0 0.19140625 0.4912037037037037 0.0067708333333333336 0.01388888888888889
0 0.4770833333333333 0.5240740740740741 0.015625 0.02962962962962963
0 0.4666666666666667 0.5236111111111111 0.010416666666666666 0.026851851851851852
2 0.18723958333333332 0.5324074074074074 0.030729166666666665 0.10555555555555556
2 0.296875 0.5541666666666667 0.0375 0.1287037037037037
2 0.35572916666666665 0.5828703703703704 0.05 0.16574074074074074
2 0.47031249999999997 0.5939814814814816 0.059375 0.17314814814814816
2 0.5755208333333334 0.6171296296296297 0.08020833333333333 0.19722222222222224
2 0.5877604166666667 0.6467592592592593 0.10260416666666666 0.24166666666666667
2 0.7388020833333333 0.6402777777777778 0.1015625 0.2175925925925926