0 0.91875 0.5662037037037038 0.026041666666666668 0.049074074074074076
0 0.9434895833333333 0.5717592592592593 0.024479166666666666 0.05648148148148149
0 0.57734375 0.5319444444444444 0.0265625 0.036111111111111115
0 0.5161458333333333 0.5347222222222222 0.020833333333333332 0.03796296296296296
0 0.43072916666666666 0.5162037037037037 0.017708333333333333 0.028703703703703703
0 0.3450520833333333 0.5120370370370371 0.0171875 0.02777777777777778
0 0.32369791666666664 0.5166666666666667 0.0140625 0.02592592592592593
0 0.20546875 0.4967592592592593 0.009895833333333333 0.02314814814814815
0 0.17083333333333334 0.4898148148148148 0.0125 0.020370370370370372
2 0.16822916666666665 0.5282407407407408 0.028125 0.09537037037037037
2 0.20677083333333332 0.5416666666666667 0.030208333333333334 0.11481481481481481
2 0.32395833333333335 0.5550925925925926 0.041666666666666664 0.1287037037037037
2 0.346875 0.5703703703703704 0.05 0.15185185185185185
2 0.31875 0.5782407407407407 0.04791666666666666 0.1564814814814815
2 0.4276041666666667 0.5796296296296296 0.05 0.1537037037037037
2 0.50859375 0.6263888888888889 0.0796875 0.21574074074074076
2 0.5653645833333333 0.6101851851851852 0.06822916666666666 0.1962962962962963
2 0.9028645833333333 0.6851851851851852 0.14322916666666666 0.2851851851851852