0 0.7151041666666667 0.5541666666666667 0.020833333333333332 0.04537037037037037
0 0.7408854166666666 0.5722222222222223 0.0234375 0.05555555555555556
0 0.53984375 0.5240740740740741 0.013020833333333334 0.04259259259259259
0 0.55546875 0.525462962962963 0.0140625 0.036111111111111115
0 0.36432291666666666 0.5087962962962963 0.01614583333333333 0.032407407407407406
0 0.2986979166666667 0.5092592592592593 0.013020833333333334 0.03333333333333333
0 0.2833333333333333 0.5046296296296297 0.011458333333333333 0.02777777777777778
0 0.21953124999999998 0.5041666666666667 0.0140625 0.019444444444444445
0 0.22838541666666667 0.49722222222222223 0.013020833333333334 0.02777777777777778
0 0.08984375 0.4851851851851852 0.013020833333333334 0.020370370370370372
2 0.29583333333333334 0.5685185185185185 0.04583333333333333 0.15
2 0.36223958333333334 0.5662037037037038 0.0421875 0.14907407407407408
2 0.5369791666666667 0.6027777777777777 0.071875 0.18888888888888888
2 0.71875 0.650462962962963 0.12708333333333333 0.23425925925925928