0 0.6213541666666667 0.5421296296296296 0.016666666666666666 0.03981481481481482
0 0.6416666666666666 0.5439814814814815 0.020833333333333332 0.049074074074074076
0 0.2552083333333333 0.5092592592592593 0.0125 0.02592592592592593
0 0.07552083333333333 0.48240740740740745 0.0125 0.022222222222222223
0 0.12708333333333333 0.487962962962963 0.009375 0.016666666666666666
0 0.18307291666666667 0.5 0.011979166666666666 0.022222222222222223
1 0.134375 0.4953703703703704 0.009375 0.018518518518518517
1 0.10104166666666667 0.4842592592592593 0.009375 0.018518518518518517
2 0.128125 0.5305555555555556 0.03125 0.10740740740740741
2 0.09713541666666667 0.5333333333333333 0.033854166666666664 0.12962962962962962
2 0.18125 0.5462962962962963 0.036458333333333336 0.11481481481481481
2 0.25625 0.5643518518518519 0.04583333333333333 0.1398148148148148
2 0.6252604166666667 0.6425925925925926 0.09427083333333333 0.24074074074074076