0 0.10781249999999999 0.47962962962962963 0.014583333333333334 0.020370370370370372
0 0.13177083333333334 0.48888888888888893 0.013541666666666667 0.020370370370370372
0 0.17421875 0.48842592592592593 0.0140625 0.019444444444444445
0 0.18515625 0.49074074074074076 0.009895833333333333 0.022222222222222223
0 0.23515624999999998 0.49583333333333335 0.018229166666666668 0.032407407407407406
0 0.5677083333333334 0.5370370370370371 0.026041666666666668 0.040740740740740744
0 0.4783854166666667 0.5106481481481482 0.015104166666666667 0.03425925925925926
1 0.41432291666666665 0.5171296296296296 0.015104166666666667 0.028703703703703703
0 0.4653645833333333 0.5226851851851853 0.015104166666666667 0.026851851851851852
2 0.17864583333333334 0.5305555555555556 0.030208333333333334 0.10740740740740741
2 0.23229166666666667 0.5449074074074074 0.0375 0.1287037037037037
2 0.13333333333333333 0.5282407407407408 0.027083333333333334 0.10648148148148148
2 0.41041666666666665 0.5796296296296296 0.05625 0.1574074074074074
2 0.46458333333333335 0.5907407407407408 0.06875 0.19444444444444445
2 0.5583333333333333 0.6185185185185186 0.0875 0.20740740740740743