1 0.04921875 0.5833333333333334 0.07135416666666666 0.14444444444444446
0 0.7796875 0.5041666666666667 0.04583333333333333 0.10092592592592593
0 0.9765625 0.4273148148148148 0.030208333333333334 0.05277777777777778
0 0.8276041666666667 0.42962962962962964 0.03125 0.0462962962962963
0 0.5286458333333334 0.3837962962962963 0.021875 0.04537037037037037
0 0.36666666666666664 0.3574074074074074 0.015625 0.02592592592592593
1 0.16640625 0.36388888888888893 0.022395833333333334 0.03518518518518519
2 0.06875 0.7537037037037038 0.13854166666666667 0.49074074074074076
2 0.8044270833333333 0.7143518518518519 0.23697916666666666 0.5694444444444444
2 0.1546875 0.4393518518518519 0.11666666666666667 0.19351851851851853
2 0.371875 0.4189814814814815 0.04479166666666667 0.14907407407407408
2 0.52890625 0.4726851851851852 0.07135416666666666 0.2138888888888889
2 0.8190104166666666 0.537962962962963 0.12239583333333333 0.25925925925925924
2 0.9440104166666666 0.5462962962962963 0.1109375 0.2851851851851852