1 0.028906249999999998 0.5791666666666667 0.05677083333333333 0.13240740740740742
0 0.05286458333333333 0.3231481481481482 0.0171875 0.02592592592592593
0 0.1609375 0.32546296296296295 0.010416666666666666 0.021296296296296296
0 0.18151041666666667 0.33055555555555555 0.0109375 0.022222222222222223
0 0.28046875 0.34490740740740744 0.009895833333333333 0.019444444444444445
0 0.3130208333333333 0.34120370370370373 0.011458333333333333 0.021296296296296296
0 0.49453125 0.3731481481481482 0.015104166666666667 0.03333333333333333
0 0.5151041666666667 0.3787037037037037 0.013541666666666667 0.024074074074074074
2 0.07057291666666667 0.7569444444444444 0.1421875 0.4842592592592593
2 0.16328125 0.36064814814814816 0.0234375 0.08981481481481482
2 0.18411458333333333 0.37222222222222223 0.027604166666666666 0.10555555555555556
2 0.28151041666666665 0.39166666666666666 0.03802083333333333 0.11666666666666667
2 0.3143229166666667 0.3888888888888889 0.03697916666666667 0.11666666666666667
2 0.5130208333333334 0.4416666666666667 0.057291666666666664 0.15555555555555556
2 0.49583333333333335 0.45046296296296295 0.07395833333333333 0.18796296296296297
2 0.052083333333333336 0.3666666666666667 0.027083333333333334 0.11111111111111112