1 0.04296875 0.5819444444444445 0.07447916666666667 0.13240740740740742
0 0.06484375 0.3287037037037037 0.019270833333333334 0.02962962962962963
0 0.11067708333333333 0.3212962962962963 0.009895833333333333 0.018518518518518517
0 0.0953125 0.31574074074074077 0.009375 0.012962962962962964
0 0.17473958333333334 0.33194444444444443 0.008854166666666666 0.01388888888888889
0 0.17734375 0.32407407407407407 0.009895833333333333 0.012962962962962964
0 0.2739583333333333 0.3425925925925926 0.013541666666666667 0.020370370370370372
0 0.5510416666666667 0.4 0.028125 0.05185185185185186
0 0.7291666666666666 0.4166666666666667 0.026041666666666668 0.0462962962962963
1 0.7919270833333333 0.437962962962963 0.024479166666666666 0.05
1 0.8213541666666666 0.4375 0.025 0.04537037037037037
2 0.07447916666666667 0.7569444444444444 0.15 0.4842592592592593
2 0.175 0.3685185185185185 0.028125 0.08888888888888889
2 0.278125 0.3939814814814815 0.035416666666666666 0.125
2 0.065625 0.3824074074074074 0.03229166666666666 0.12962962962962962
2 0.5513020833333333 0.500462962962963 0.08697916666666666 0.24166666666666667
2 0.7247395833333333 0.5064814814814815 0.09010416666666667 0.22962962962962963
2 0.7778645833333333 0.5421296296296296 0.12447916666666667 0.25833333333333336