1 0.04609375 0.5888888888888889 0.07760416666666667 0.15
0 0.0875 0.3439814814814815 0.01875 0.03425925925925926
0 0.16041666666666665 0.325 0.011458333333333333 0.020370370370370372
0 0.30859375 0.3601851851851852 0.0171875 0.02962962962962963
1 0.4122395833333333 0.3717592592592593 0.013020833333333334 0.028703703703703703
1 0.4041666666666667 0.37453703703703706 0.0125 0.026851851851851852
0 0.42890625 0.36712962962962964 0.0171875 0.026851851851851852
2 0.07395833333333333 0.7587962962962963 0.14895833333333333 0.48055555555555557
2 0.1609375 0.36388888888888893 0.028125 0.09444444444444444
2 0.08567708333333333 0.4115740740740741 0.044270833333333336 0.16944444444444445
2 0.3111979166666667 0.41944444444444445 0.04635416666666667 0.1537037037037037
2 0.4278645833333333 0.42592592592592593 0.044270833333333336 0.1462962962962963
2 0.40390624999999997 0.4337962962962963 0.050520833333333334 0.15092592592592594