0 0.30364583333333334 0.3490740740740741 0.014583333333333334 0.022222222222222223
0 0.57734375 0.39490740740740743 0.0265625 0.04351851851851852
0 0.6895833333333333 0.41064814814814815 0.027083333333333334 0.04537037037037037
0 0.7721354166666666 0.41944444444444445 0.021354166666666667 0.05185185185185186
0 0.7940104166666666 0.40555555555555556 0.0234375 0.044444444444444446
0 0.8177083333333334 0.4305555555555556 0.02395833333333333 0.05555555555555556
0 0.8380208333333333 0.437962962962963 0.034375 0.05555555555555556
0 0.13255208333333332 0.3231481481481482 0.0109375 0.016666666666666666
2 0.1328125 0.35879629629629634 0.034375 0.08240740740740742
2 0.30234375 0.4138888888888889 0.04739583333333333 0.15185185185185185
2 0.5778645833333333 0.4861111111111111 0.0765625 0.2240740740740741
2 0.6802083333333333 0.5462962962962963 0.12708333333333333 0.312962962962963
2 0.7734375 0.4953703703703704 0.0875 0.22962962962962963
2 0.8026041666666667 0.5550925925925926 0.11979166666666667 0.2916666666666667