0 0.1859375 0.3337962962962963 0.0125 0.030555555555555558
0 0.33359375 0.35370370370370374 0.0171875 0.031481481481481485
0 0.37213541666666666 0.36203703703703705 0.01614583333333333 0.03333333333333333
0 0.4752604166666667 0.3675925925925926 0.0140625 0.031481481481481485
0 0.48854166666666665 0.36342592592592593 0.016666666666666666 0.028703703703703703
0 0.5046875 0.3814814814814815 0.0125 0.031481481481481485
0 0.5158854166666667 0.3824074074074074 0.015104166666666667 0.037037037037037035
0 0.5572916666666666 0.39675925925925926 0.026041666666666668 0.04722222222222222
0 0.58671875 0.40324074074074073 0.024479166666666666 0.05092592592592593
2 0.18463541666666666 0.37592592592592594 0.0296875 0.10740740740740741
2 0.3697916666666667 0.42592592592592593 0.04895833333333333 0.15925925925925927
2 0.3325520833333333 0.4314814814814815 0.05572916666666666 0.17962962962962964
2 0.47578125 0.42453703703703705 0.05364583333333333 0.15462962962962964
2 0.5046875 0.4601851851851852 0.05416666666666667 0.18703703703703706
2 0.55703125 0.5013888888888889 0.09010416666666667 0.2490740740740741