0 0.07057291666666667 0.32962962962962966 0.01614583333333333 0.024074074074074074
0 0.12682291666666667 0.3236111111111111 0.0109375 0.017592592592592594
0 0.14583333333333334 0.32453703703703707 0.007291666666666667 0.015740740740740743
0 0.153125 0.325 0.009375 0.018518518518518517
0 0.17265625 0.33425925925925926 0.013020833333333334 0.022222222222222223
0 0.35078125 0.34953703703703703 0.0171875 0.025
0 0.39296875 0.35833333333333334 0.01614583333333333 0.024074074074074074
0 0.5809895833333333 0.3902777777777778 0.015104166666666667 0.03981481481481482
0 0.5984375 0.39166666666666666 0.013541666666666667 0.037037037037037035
0 0.60703125 0.4166666666666667 0.021354166666666667 0.05
2 0.39401041666666664 0.41435185185185186 0.0453125 0.13796296296296298
2 0.12682291666666667 0.35324074074074074 0.0265625 0.09166666666666667
2 0.14817708333333332 0.3611111111111111 0.0265625 0.09074074074074075
2 0.16927083333333334 0.3675925925925926 0.025 0.10185185185185186
2 0.3489583333333333 0.39814814814814814 0.03958333333333333 0.12222222222222223
2 0.5794270833333334 0.4842592592592593 0.08489583333333334 0.2240740740740741
2 0.59453125 0.5273148148148148 0.1015625 0.27685185185185185
2 0.06953125 0.3662037037037037 0.0296875 0.10648148148148148