0 0.9661458333333334 0.44074074074074077 0.03125 0.05740740740740741
0 0.3359375 0.3550925925925926 0.014583333333333334 0.025
0 0.25859375 0.3425925925925926 0.011979166666666666 0.020370370370370372
0 0.23489583333333333 0.3351851851851852 0.014583333333333334 0.02962962962962963
0 0.12317708333333333 0.3425925925925926 0.01614583333333333 0.031481481481481485
0 0.029947916666666668 0.32685185185185184 0.0140625 0.022222222222222223
0 0.08515625 0.31712962962962965 0.011979166666666666 0.019444444444444445
2 0.2328125 0.3740740740740741 0.030208333333333334 0.10185185185185186
2 0.3307291666666667 0.41481481481481486 0.041666666666666664 0.14814814814814814
2 0.2825520833333333 0.4175925925925926 0.0453125 0.1574074074074074
2 0.12213541666666666 0.39351851851851855 0.03802083333333333 0.14074074074074075
2 0.9385416666666666 0.5486111111111112 0.121875 0.26944444444444443