0 0.49635416666666665 0.37592592592592594 0.022916666666666665 0.03888888888888889
0 0.24635416666666665 0.3703703703703704 0.01875 0.040740740740740744
0 0.23255208333333333 0.36342592592592593 0.018229166666666668 0.036111111111111115
0 0.22135416666666666 0.33472222222222225 0.014583333333333334 0.025
0 0.17630208333333333 0.32916666666666666 0.011979166666666666 0.019444444444444445
0 0.1578125 0.32731481481481484 0.010416666666666666 0.017592592592592594
0 0.07473958333333333 0.34120370370370373 0.01614583333333333 0.025
0 0.04583333333333333 0.31157407407407406 0.007291666666666667 0.017592592592592594
2 0.22447916666666667 0.3800925925925926 0.029166666666666667 0.11018518518518519
2 0.17109375 0.3824074074074074 0.0328125 0.11111111111111112
2 0.24401041666666667 0.4425925925925926 0.05364583333333333 0.20185185185185187
2 0.07473958333333333 0.39212962962962966 0.034895833333333334 0.1287037037037037
2 0.49114583333333334 0.44351851851851853 0.05625 0.1685185185185185