0 0.6994791666666667 0.39351851851851855 0.022916666666666665 0.05
0 0.46979166666666666 0.43333333333333335 0.029166666666666667 0.06296296296296297
0 0.44947916666666665 0.41805555555555557 0.029166666666666667 0.062037037037037036
0 0.28854166666666664 0.3458333333333333 0.016666666666666666 0.026851851851851852
0 0.14557291666666666 0.37453703703703706 0.021354166666666667 0.04537037037037037
0 0.16041666666666665 0.3277777777777778 0.013541666666666667 0.02777777777777778
0 0.12135416666666667 0.32453703703703707 0.013541666666666667 0.02314814814814815
0 0.10390624999999999 0.3226851851851852 0.0109375 0.019444444444444445
2 0.10234375 0.35879629629629634 0.025520833333333333 0.08611111111111111
2 0.4674479166666667 0.5597222222222222 0.09947916666666666 0.3416666666666667
2 0.15052083333333333 0.45092592592592595 0.053125 0.2
2 0.29244791666666664 0.39722222222222225 0.03697916666666667 0.12407407407407407