1 0.03984375 0.3277777777777778 0.011979166666666666 0.02592592592592593
1 0.12291666666666666 0.4351851851851852 0.03125 0.07037037037037037
1 0.15833333333333333 0.4314814814814815 0.03229166666666666 0.06851851851851852
1 0.18645833333333334 0.4356481481481482 0.034375 0.06018518518518519
0 0.5705729166666667 0.4087962962962963 0.0265625 0.06018518518518519
1 0.5989583333333334 0.4240740740740741 0.03229166666666666 0.05555555555555556
0 0.9471354166666667 0.45462962962962966 0.0359375 0.06851851851851852
1 0.9770833333333333 0.48842592592592593 0.020833333333333332 0.04537037037037037
1 0.25286458333333334 0.3592592592592593 0.013020833333333334 0.022222222222222223
2 0.24869791666666666 0.4185185185185185 0.04114583333333333 0.1462962962962963
2 0.57578125 0.5277777777777778 0.1046875 0.2888888888888889
2 0.9234375 0.5625 0.15208333333333332 0.27685185185185185
2 0.19036458333333334 0.5587962962962963 0.20572916666666666 0.3194444444444445