1 0.09817708333333333 0.3365740740740741 0.013020833333333334 0.026851851851851852
1 0.20781249999999998 0.4351851851851852 0.03125 0.06481481481481481
1 0.23828125 0.42638888888888893 0.025520833333333333 0.05648148148148149
0 0.25807291666666665 0.43194444444444446 0.0203125 0.05277777777777778
0 0.2328125 0.3541666666666667 0.015625 0.036111111111111115
1 0.24557291666666667 0.3666666666666667 0.01614583333333333 0.031481481481481485
0 0.4734375 0.40925925925925927 0.017708333333333333 0.04814814814814815
0 0.490625 0.4041666666666667 0.021875 0.05277777777777778
0 0.5221354166666666 0.39490740740740743 0.0234375 0.04722222222222222
1 0.5369791666666667 0.4199074074074074 0.014583333333333334 0.03425925925925926
1 0.5583333333333333 0.4064814814814815 0.02395833333333333 0.044444444444444446
1 0.5880208333333333 0.412962962962963 0.02395833333333333 0.04814814814814815
2 0.0984375 0.375462962962963 0.029166666666666667 0.10277777777777779
2 0.23854166666666665 0.4217592592592593 0.04791666666666666 0.16018518518518518
2 0.5260416666666666 0.475462962962963 0.10833333333333334 0.1953703703703704
2 0.2520833333333333 0.5532407407407408 0.13854166666666667 0.3101851851851852
2 0.46848958333333335 0.5074074074074074 0.09114583333333333 0.25
2 0.9005208333333333 0.6351851851851852 0.19791666666666666 0.4462962962962963
2 0.5513020833333333 0.500462962962963 0.1015625 0.23240740740740742