1 0.7822916666666666 0.4328703703703704 0.022916666666666665 0.04537037037037037
1 0.8111979166666666 0.42824074074074076 0.021354166666666667 0.03796296296296296
1 0.61953125 0.40555555555555556 0.01614583333333333 0.03888888888888889
1 0.5885416666666666 0.40555555555555556 0.015625 0.03518518518518519
1 0.6018229166666667 0.4064814814814815 0.0140625 0.02962962962962963
1 0.27447916666666666 0.42314814814814816 0.025 0.03888888888888889
1 0.27760416666666665 0.40046296296296297 0.01875 0.036111111111111115
0 0.18411458333333333 0.35324074074074074 0.018229166666666668 0.03425925925925926
0 0.09427083333333333 0.33425925925925926 0.011458333333333333 0.02592592592592593
1 0.10338541666666666 0.3439814814814815 0.0109375 0.025
2 0.09609375 0.3768518518518519 0.030729166666666665 0.10925925925925926
2 0.2739583333333333 0.5157407407407407 0.090625 0.26666666666666666
2 0.17760416666666667 0.41203703703703703 0.04895833333333333 0.1462962962962963
2 0.27890625 0.44537037037037036 0.058854166666666666 0.21296296296296297
2 0.30703125 0.43472222222222223 0.06197916666666667 0.1787037037037037
2 0.5807291666666666 0.4953703703703704 0.096875 0.21481481481481482
2 0.7734375 0.5361111111111111 0.125 0.27037037037037037