0 0.8697916666666666 0.4351851851851852 0.022916666666666665 0.05555555555555556
0 0.8885416666666667 0.44722222222222224 0.022916666666666665 0.04259259259259259
0 0.91015625 0.44537037037037036 0.0265625 0.053703703703703705
1 0.40859375 0.3740740740740741 0.0203125 0.02777777777777778
1 0.39479166666666665 0.375462962962963 0.013541666666666667 0.030555555555555558
1 0.35130208333333335 0.37083333333333335 0.01614583333333333 0.026851851851851852
1 0.3294270833333333 0.36944444444444446 0.013020833333333334 0.024074074074074074
1 0.3375 0.37222222222222223 0.013541666666666667 0.02592592592592593
1 0.2505208333333333 0.3875 0.017708333333333333 0.03796296296296296
1 0.23671875 0.38657407407407407 0.018229166666666668 0.03425925925925926
0 0.17916666666666667 0.3476851851851852 0.014583333333333334 0.025
0 0.09505208333333333 0.33101851851851855 0.013020833333333334 0.021296296296296296
0 0.07135416666666666 0.337037037037037 0.016666666666666666 0.024074074074074074
2 0.23124999999999998 0.4671296296296297 0.078125 0.2064814814814815
2 0.06744791666666666 0.37222222222222223 0.033854166666666664 0.1
2 0.090625 0.3842592592592593 0.035416666666666666 0.13333333333333333
2 0.1796875 0.4 0.03854166666666667 0.13148148148148148
2 0.33098958333333334 0.4314814814814815 0.0546875 0.1574074074074074
2 0.3885416666666667 0.4462962962962963 0.06041666666666667 0.17962962962962964
2 0.8661458333333333 0.5370370370370371 0.128125 0.2537037037037037