0 0.7388020833333333 0.5439814814814815 0.0234375 0.04166666666666667
0 0.5375 0.5421296296296296 0.025 0.049074074074074076
0 0.3677083333333333 0.5166666666666667 0.013541666666666667 0.03518518518518519
0 0.35130208333333335 0.5120370370370371 0.019270833333333334 0.02962962962962963
0 0.26536458333333335 0.5078703703703704 0.01614583333333333 0.03425925925925926
0 0.2760416666666667 0.49768518518518523 0.011458333333333333 0.028703703703703703
0 0.12421875 0.48379629629629634 0.0109375 0.021296296296296296
0 0.10885416666666667 0.48379629629629634 0.013541666666666667 0.017592592592592594
2 0.12447916666666667 0.524537037037037 0.027083333333333334 0.10277777777777779
2 0.2640625 0.5592592592592592 0.0375 0.13703703703703704
2 0.3528645833333333 0.5680555555555555 0.050520833333333334 0.14166666666666666
2 0.5333333333333333 0.6337962962962963 0.07291666666666667 0.23055555555555557
2 0.72421875 0.6393518518518518 0.10781249999999999 0.22870370370370371