1 0.9348958333333334 0.47361111111111115 0.027083333333333334 0.05092592592592593
0 0.728125 0.49768518518518523 0.03854166666666667 0.075
0 0.6828125 0.4569444444444445 0.028125 0.05462962962962963
0 0.7169270833333333 0.45833333333333337 0.0296875 0.0462962962962963
0 0.7046875 0.4083333333333333 0.02395833333333333 0.04259259259259259
0 0.3619791666666667 0.40370370370370373 0.021875 0.03888888888888889
0 0.1265625 0.33981481481481485 0.013541666666666667 0.022222222222222223
0 0.10598958333333333 0.3282407407407408 0.009895833333333333 0.028703703703703703
0 0.08203125 0.32731481481481484 0.0078125 0.017592592592592594
2 0.10416666666666667 0.36574074074074076 0.030208333333333334 0.09444444444444444
2 0.128125 0.3787037037037037 0.027083333333333334 0.10185185185185186
2 0.7442708333333333 0.6689814814814815 0.15104166666666666 0.4175925925925926
2 0.51484375 0.4828703703703704 0.06614583333333333 0.17500000000000002
2 0.3559895833333333 0.4902777777777778 0.0828125 0.21574074074074076
2 0.68046875 0.513425925925926 0.10989583333333333 0.25462962962962965
2 0.6736979166666667 0.5601851851851852 0.13072916666666667 0.27222222222222225