1 0.93515625 0.46805555555555556 0.0203125 0.05092592592592593
0 0.9708333333333333 0.4935185185185185 0.03229166666666666 0.07222222222222223
1 0.8075520833333333 0.4708333333333333 0.021354166666666667 0.05277777777777778
0 0.7880208333333333 0.45555555555555555 0.026041666666666668 0.05555555555555556
0 0.6916666666666667 0.4481481481481482 0.026041666666666668 0.05555555555555556
1 0.7059895833333333 0.47314814814814815 0.028645833333333332 0.061111111111111116
0 0.42473958333333334 0.3689814814814815 0.018229166666666668 0.03796296296296296
0 0.4125 0.37962962962962965 0.019791666666666666 0.04259259259259259
0 0.3489583333333333 0.38842592592592595 0.019791666666666666 0.03796296296296296
0 0.3302083333333333 0.38472222222222224 0.016666666666666666 0.04166666666666667
0 0.13697916666666665 0.3550925925925926 0.014583333333333334 0.032407407407407406
0 0.09505208333333333 0.3300925925925926 0.011979166666666666 0.019444444444444445
0 0.08151041666666667 0.3277777777777778 0.009895833333333333 0.020370370370370372
0 0.06796875 0.32175925925925924 0.009895833333333333 0.019444444444444445
2 0.31953125 0.4291666666666667 0.0421875 0.13240740740740742
2 0.13463541666666667 0.41435185185185186 0.0421875 0.14166666666666666
2 0.40911458333333334 0.44722222222222224 0.06927083333333334 0.1925925925925926
2 0.6796875 0.5666666666666667 0.12395833333333334 0.29814814814814816
2 0.7755208333333333 0.5606481481481481 0.109375 0.25092592592592594
2 0.9322916666666666 0.6462962962962964 0.134375 0.3740740740740741
2 0.33125 0.4620370370370371 0.06979166666666667 0.19074074074074074