1 0.93515625 0.46944444444444444 0.033854166666666664 0.05
0 0.9885416666666667 0.4814814814814815 0.020833333333333332 0.061111111111111116
0 0.7052083333333333 0.45 0.025 0.05185185185185186
0 0.54375 0.42129629629629634 0.030208333333333334 0.0462962962962963
1 0.4901041666666667 0.40972222222222227 0.014583333333333334 0.03425925925925926
0 0.4778645833333333 0.39722222222222225 0.0140625 0.02962962962962963
0 0.3729166666666667 0.38657407407407407 0.015625 0.03425925925925926
1 0.378125 0.39583333333333337 0.016666666666666666 0.036111111111111115
0 0.2682291666666667 0.34351851851851856 0.0125 0.02592592592592593
0 0.2328125 0.35694444444444445 0.009375 0.021296296296296296
1 0.23697916666666666 0.3689814814814815 0.010416666666666666 0.021296296296296296
0 0.165625 0.3541666666666667 0.013541666666666667 0.025
0 0.15286458333333333 0.3523148148148148 0.011979166666666666 0.026851851851851852
0 0.22135416666666666 0.3625 0.010416666666666666 0.017592592592592594
0 0.04583333333333333 0.32175925925925924 0.007291666666666667 0.021296296296296296
0 0.062239583333333334 0.33333333333333337 0.0140625 0.020370370370370372
2 0.23046875 0.39861111111111114 0.030729166666666665 0.10648148148148148
2 0.0625 0.3768518518518519 0.029166666666666667 0.10555555555555556
2 0.26458333333333334 0.40555555555555556 0.035416666666666666 0.14444444444444446
2 0.37057291666666664 0.46342592592592596 0.0609375 0.18611111111111112
2 0.4692708333333333 0.47361111111111115 0.06979166666666667 0.18055555555555555
2 0.5513020833333333 0.5194444444444445 0.08489583333333334 0.23333333333333334
2 0.70234375 0.5462962962962963 0.0859375 0.24074074074074076
2 0.15494791666666666 0.4101851851851852 0.0421875 0.14074074074074075