0 0.6546875 0.42314814814814816 0.019791666666666666 0.04259259259259259
0 0.6302083333333334 0.42592592592592593 0.026041666666666668 0.05
0 0.5705729166666667 0.4287037037037037 0.028645833333333332 0.05555555555555556
0 0.43984375 0.40370370370370373 0.021354166666666667 0.044444444444444446
0 0.32395833333333335 0.3814814814814815 0.01875 0.037037037037037035
0 0.296875 0.3685185185185185 0.015625 0.02777777777777778
1 0.30572916666666666 0.3824074074074074 0.0125 0.020370370370370372
0 0.22916666666666666 0.36342592592592593 0.014583333333333334 0.032407407407407406
0 0.19973958333333333 0.33425925925925926 0.013020833333333334 0.022222222222222223
0 0.09166666666666666 0.34074074074074073 0.015625 0.02592592592592593
0 0.02395833333333333 0.32962962962962966 0.009375 0.024074074074074074
0 0.04739583333333333 0.3231481481481482 0.010416666666666666 0.016666666666666666
2 0.1953125 0.3824074074074074 0.028125 0.11666666666666667
2 0.22838541666666667 0.4134259259259259 0.04010416666666666 0.13611111111111113
2 0.2942708333333333 0.4273148148148148 0.04583333333333333 0.14166666666666666
2 0.325 0.44537037037037036 0.05520833333333333 0.17037037037037037
2 0.43828125 0.4615740740740741 0.05364583333333333 0.16018518518518518
2 0.6268229166666667 0.5069444444444444 0.09010416666666667 0.2064814814814815
2 0.5598958333333334 0.5171296296296296 0.08854166666666667 0.22685185185185186
2 0.08567708333333333 0.38333333333333336 0.030729166666666665 0.11111111111111112