1 0.9419270833333333 0.46944444444444444 0.0234375 0.0462962962962963
0 0.91640625 0.47175925925925927 0.03802083333333333 0.075
0 0.8841145833333334 0.46342592592592596 0.0296875 0.058333333333333334
0 0.27838541666666666 0.3611111111111111 0.0109375 0.02777777777777778
0 0.2864583333333333 0.3615740740740741 0.0125 0.019444444444444445
0 0.19479166666666667 0.350462962962963 0.0125 0.021296296296296296
0 0.16145833333333334 0.3472222222222222 0.013541666666666667 0.02592592592592593
0 0.08645833333333333 0.33425925925925926 0.010416666666666666 0.022222222222222223
1 0.10078125 0.33981481481481485 0.011979166666666666 0.022222222222222223
2 0.08854166666666667 0.3731481481481482 0.035416666666666666 0.10185185185185186
2 0.16223958333333333 0.3893518518518519 0.028645833333333332 0.10277777777777779
2 0.27708333333333335 0.412962962962963 0.04791666666666666 0.12962962962962962
2 0.19375 0.40185185185185185 0.03333333333333333 0.12037037037037038
2 0.8739583333333333 0.5837962962962964 0.14375 0.2935185185185185