0 0.8828125 0.5125000000000001 0.030208333333333334 0.049074074074074076
0 0.7346354166666667 0.525462962962963 0.0359375 0.0638888888888889
0 0.48723958333333334 0.47500000000000003 0.018229166666666668 0.037037037037037035
0 0.41015625 0.4712962962962963 0.022395833333333334 0.03518518518518519
0 0.030208333333333334 0.4444444444444445 0.0125 0.018518518518518517
0 0.11119791666666666 0.44027777777777777 0.008854166666666666 0.012037037037037037
0 0.10208333333333333 0.4393518518518519 0.008333333333333333 0.012037037037037037
2 0.7458333333333333 0.6842592592592592 0.153125 0.3703703703703704
2 0.40963541666666664 0.5319444444444444 0.0484375 0.1564814814814815
2 0.49166666666666664 0.5375 0.05625 0.16018518518518518
2 0.8736979166666666 0.6337962962962963 0.1328125 0.28425925925925927