0 0.9145833333333333 0.5143518518518518 0.03125 0.058333333333333334
1 0.8544270833333333 0.5111111111111112 0.03697916666666667 0.06481481481481481
0 0.4473958333333333 0.4712962962962963 0.015625 0.037037037037037035
0 0.33177083333333335 0.4587962962962963 0.013541666666666667 0.026851851851851852
0 0.27057291666666666 0.4527777777777778 0.011979166666666666 0.020370370370370372
0 0.06796875 0.44722222222222224 0.013020833333333334 0.018518518518518517
2 0.27239583333333334 0.4986111111111111 0.03333333333333333 0.11388888888888889
2 0.3333333333333333 0.5083333333333333 0.03958333333333333 0.12407407407407407
2 0.4458333333333333 0.5375 0.05 0.16203703703703703
2 0.9135416666666667 0.6347222222222223 0.12604166666666666 0.27685185185185185
2 0.8471354166666667 0.638888888888889 0.14322916666666666 0.3055555555555556