1 0.7846354166666667 0.5055555555555555 0.0203125 0.044444444444444446
1 0.80234375 0.5064814814814815 0.024479166666666666 0.04814814814814815
0 0.37447916666666664 0.46481481481481485 0.016666666666666666 0.037037037037037035
1 0.29296875 0.45601851851851855 0.0203125 0.028703703703703703
0 0.20703125 0.4476851851851852 0.013020833333333334 0.019444444444444445
0 0.15598958333333332 0.46990740740740744 0.018229166666666668 0.028703703703703703
0 0.14401041666666667 0.4388888888888889 0.008854166666666666 0.012962962962962964
0 0.16015625 0.4462962962962963 0.013020833333333334 0.02777777777777778
2 0.20729166666666665 0.48055555555555557 0.026041666666666668 0.08703703703703704
2 0.37421875 0.5166666666666667 0.03802083333333333 0.13148148148148148
2 0.29296875 0.5041666666666667 0.03697916666666667 0.12314814814814816
2 0.77421875 0.6129629629629629 0.10677083333333333 0.27037037037037037
2 0.15442708333333333 0.5287037037037037 0.0390625 0.15185185185185185