0 0.0765625 0.4481481481481482 0.015625 0.022222222222222223
0 0.12864583333333332 0.4601851851851852 0.0125 0.02777777777777778
1 0.15338541666666666 0.48842592592592593 0.018229166666666668 0.04166666666666667
0 0.18671875 0.4449074074074074 0.009895833333333333 0.021296296296296296
0 0.21067708333333332 0.4518518518518519 0.015104166666666667 0.020370370370370372
1 0.7166666666666667 0.5157407407407407 0.022916666666666665 0.053703703703703705
1 0.7458333333333333 0.5361111111111111 0.02395833333333333 0.040740740740740744
1 0.7255208333333333 0.562962962962963 0.017708333333333333 0.03518518518518519
0 0.9255208333333333 0.5171296296296296 0.034375 0.0638888888888889
2 0.15546875 0.5611111111111111 0.0515625 0.19074074074074074
2 0.12786458333333334 0.5064814814814815 0.03177083333333333 0.12037037037037038
2 0.209375 0.4916666666666667 0.028125 0.10185185185185186
2 0.7046875 0.6370370370370371 0.12916666666666665 0.2962962962962963
2 0.07786458333333333 0.4861111111111111 0.03177083333333333 0.09814814814814815
2 0.9135416666666667 0.6097222222222223 0.121875 0.23981481481481481