0 0.8690104166666667 0.575462962962963 0.050520833333333334 0.09351851851851853
0 0.10130208333333333 0.43842592592592594 0.0109375 0.019444444444444445
0 0.1140625 0.43842592592592594 0.008333333333333333 0.015740740740740743
1 0.2328125 0.4537037037037037 0.011458333333333333 0.020370370370370372
0 0.25677083333333334 0.4759259259259259 0.017708333333333333 0.040740740740740744
0 0.3325520833333333 0.46435185185185185 0.011979166666666666 0.028703703703703703
0 0.41510416666666666 0.46481481481481485 0.014583333333333334 0.02777777777777778
1 0.5231770833333333 0.4777777777777778 0.015104166666666667 0.03333333333333333
1 0.5127604166666666 0.47453703703703703 0.015104166666666667 0.028703703703703703
1 0.240625 0.46435185185185185 0.009375 0.019444444444444445
1 0.23177083333333334 0.47361111111111115 0.009375 0.017592592592592594
2 0.8932291666666666 0.7666666666666667 0.2125 0.46481481481481485
2 0.23124999999999998 0.5032407407407408 0.03854166666666667 0.11944444444444445
2 0.2598958333333333 0.5476851851851852 0.053125 0.18425925925925926
2 0.32890625 0.5171296296296296 0.043229166666666666 0.14351851851851852
2 0.4161458333333333 0.5189814814814815 0.042708333333333334 0.13425925925925927
2 0.5125 0.5486111111111112 0.06145833333333333 0.17685185185185187