0 0.5166666666666666 0.5166666666666667 0.029166666666666667 0.06296296296296297
0 0.6359375 0.4777777777777778 0.01875 0.040740740740740744
0 0.621875 0.4847222222222222 0.019791666666666666 0.03981481481481482
0 0.49453125 0.5240740740740741 0.019270833333333334 0.04814814814814815
0 0.30052083333333335 0.4564814814814815 0.0125 0.02962962962962963
1 0.31796875 0.4587962962962963 0.009895833333333333 0.025
1 0.3268229166666667 0.46481481481481485 0.013020833333333334 0.02777777777777778
0 0.21796875 0.4513888888888889 0.008854166666666666 0.019444444444444445
1 0.1546875 0.4444444444444445 0.00625 0.012962962962962964
1 0.15859375 0.45462962962962966 0.005729166666666666 0.012962962962962964
1 0.15182291666666667 0.45833333333333337 0.0067708333333333336 0.012962962962962964
2 0.15182291666666667 0.4842592592592593 0.025520833333333333 0.0962962962962963
2 0.5223958333333333 0.6476851851851853 0.10520833333333333 0.31574074074074077
2 0.21484375 0.49444444444444446 0.034895833333333334 0.11296296296296297
2 0.32109375 0.5106481481481482 0.03802083333333333 0.13055555555555556
2 0.62109375 0.5601851851851852 0.07552083333333333 0.20185185185185187