0 0.6473958333333333 0.5453703703703704 0.02395833333333333 0.0462962962962963
0 0.3575520833333333 0.5351851851851852 0.024479166666666666 0.044444444444444446
1 0.3106770833333333 0.5060185185185185 0.0171875 0.030555555555555558
0 0.23177083333333334 0.5208333333333334 0.020833333333333332 0.03796296296296296
0 0.19010416666666666 0.48888888888888893 0.015625 0.02592592592592593
0 0.10963541666666667 0.47870370370370374 0.013020833333333334 0.022222222222222223
2 0.31171875 0.5689814814814815 0.044270833333333336 0.14907407407407408
2 0.1875 0.5324074074074074 0.03333333333333333 0.10555555555555556
2 0.6458333333333334 0.6273148148148149 0.0875 0.20092592592592592
2 0.35963541666666665 0.6328703703703704 0.06614583333333333 0.23796296296296296
2 0.23515624999999998 0.5921296296296297 0.0515625 0.1824074074074074