0 0.86015625 0.5675925925925926 0.033854166666666664 0.06481481481481481
0 0.7309895833333333 0.6111111111111112 0.0421875 0.07777777777777778
1 0.5747395833333333 0.5569444444444445 0.021354166666666667 0.04166666666666667
0 0.54921875 0.5518518518518519 0.03177083333333333 0.05740740740740741
0 0.7252604166666666 0.5587962962962963 0.0234375 0.04722222222222222
0 0.7520833333333333 0.5578703703703703 0.022916666666666665 0.049074074074074076
1 0.12109375 0.4810185185185185 0.0109375 0.015740740740740743
0 0.33828125 0.5046296296296297 0.0140625 0.020370370370370372
2 0.33619791666666665 0.5583333333333333 0.04114583333333333 0.12592592592592594
2 0.7536458333333333 0.7782407407407408 0.20729166666666665 0.41944444444444445
2 0.5518229166666666 0.6574074074074074 0.09427083333333333 0.26296296296296295
2 0.8442708333333333 0.6912037037037038 0.14270833333333333 0.30092592592592593
2 0.7197916666666666 0.6449074074074075 0.10208333333333333 0.2175925925925926