1 0.7205729166666667 0.5236111111111111 0.028645833333333332 0.049074074074074076
0 0.5502604166666667 0.4962962962962963 0.025520833333333333 0.03888888888888889
0 0.44869791666666664 0.48333333333333334 0.021354166666666667 0.04259259259259259
0 0.4354166666666667 0.48240740740740745 0.017708333333333333 0.040740740740740744
0 0.30807291666666664 0.4708333333333333 0.01614583333333333 0.021296296296296296
0 0.22369791666666666 0.4587962962962963 0.015104166666666667 0.025
0 0.11015625 0.4532407407407408 0.0109375 0.019444444444444445
0 0.04869791666666667 0.44212962962962965 0.008854166666666666 0.015740740740740743
0 0.03125 0.4351851851851852 0.008333333333333333 0.018518518518518517
2 0.22213541666666667 0.5189814814814815 0.04010416666666666 0.14907407407407408
2 0.30442708333333335 0.5337962962962963 0.0484375 0.1527777777777778
2 0.43776041666666665 0.5703703703703704 0.06822916666666666 0.21851851851851853
2 0.5505208333333333 0.5796296296296296 0.08125 0.20740740740740743
2 0.7234375 0.6467592592592593 0.11875 0.30462962962962964