1 0.3776041666666667 0.4791666666666667 0.020833333333333332 0.030555555555555558
0 0.32317708333333334 0.4726851851851852 0.0140625 0.030555555555555558
0 0.24270833333333333 0.45833333333333337 0.0125 0.02592592592592593
0 0.23359375 0.4587962962962963 0.009895833333333333 0.02314814814814815
0 0.17838541666666666 0.4569444444444445 0.0140625 0.02314814814814815
0 0.1328125 0.4476851851851852 0.010416666666666666 0.021296296296296296
0 0.075 0.44907407407407407 0.013541666666666667 0.020370370370370372
0 0.008072916666666666 0.43842592592592594 0.008854166666666666 0.015740740740740743
2 0.13515625 0.4939814814814815 0.0296875 0.11203703703703705
2 0.17838541666666666 0.5 0.0296875 0.10925925925925926
2 0.23255208333333333 0.5189814814814815 0.0453125 0.15092592592592594
2 0.321875 0.5337962962962963 0.05416666666666667 0.15092592592592594
2 0.37864583333333335 0.5527777777777778 0.059375 0.1814814814814815