0 0.8203125 0.5361111111111111 0.03229166666666666 0.06666666666666667
0 0.8513020833333333 0.525 0.030729166666666665 0.061111111111111116
0 0.5072916666666667 0.4981481481481482 0.025 0.0462962962962963
0 0.29609375 0.48240740740740745 0.021354166666666667 0.03518518518518519
0 0.25390625 0.4652777777777778 0.01614583333333333 0.021296296296296296
0 0.23515624999999998 0.4708333333333333 0.0109375 0.019444444444444445
0 0.22604166666666667 0.475462962962963 0.008333333333333333 0.021296296296296296
0 0.18359375 0.46574074074074073 0.011979166666666666 0.024074074074074074
0 0.11901041666666666 0.45601851851851855 0.011979166666666666 0.02314814814814815
0 0.01484375 0.4439814814814815 0.011979166666666666 0.019444444444444445
2 0.11614583333333334 0.4981481481481482 0.03229166666666666 0.11296296296296297
2 0.18203125 0.5166666666666667 0.04114583333333333 0.12222222222222223
2 0.22916666666666666 0.513888888888889 0.034375 0.10925925925925926
2 0.2520833333333333 0.525 0.04479166666666667 0.14074074074074075
2 0.2916666666666667 0.5421296296296296 0.051041666666666666 0.1564814814814815
2 0.5072916666666667 0.5842592592592593 0.07604166666666666 0.21296296296296297
2 0.8375 0.6398148148148148 0.13645833333333332 0.28703703703703703
2 0.80703125 0.6662037037037037 0.1484375 0.3287037037037037