0 0.596875 0.5236111111111111 0.03125 0.062037037037037036
0 0.40625 0.4847222222222222 0.021875 0.04351851851851852
0 0.39609375 0.49259259259259264 0.0203125 0.04259259259259259
0 0.29140625 0.475462962962963 0.0171875 0.028703703703703703
0 0.26458333333333334 0.46990740740740744 0.0125 0.032407407407407406
0 0.18489583333333334 0.46435185185185185 0.014583333333333334 0.02314814814814815
0 0.1328125 0.45740740740740743 0.0125 0.024074074074074074
0 0.08958333333333333 0.4550925925925926 0.010416666666666666 0.017592592592592594
0 0.06197916666666667 0.4476851851851852 0.010416666666666666 0.019444444444444445
0 0.034895833333333334 0.4518518518518519 0.010416666666666666 0.020370370370370372
0 0.015625 0.4462962962962963 0.009375 0.016666666666666666
2 0.08802083333333333 0.4916666666666667 0.027083333333333334 0.09444444444444444
2 0.85546875 0.6060185185185185 0.08489583333333334 0.225
2 0.13229166666666667 0.500925925925926 0.030208333333333334 0.10740740740740741
2 0.2643229166666667 0.5222222222222223 0.03802083333333333 0.13333333333333333
2 0.29244791666666664 0.5333333333333333 0.0484375 0.1462962962962963
2 0.1828125 0.5171296296296296 0.036458333333333336 0.13055555555555556
2 0.40572916666666664 0.5449074074074074 0.05416666666666667 0.16018518518518518
2 0.39921875 0.5671296296296297 0.06510416666666667 0.1953703703703704
2 0.5934895833333333 0.6083333333333334 0.09947916666666666 0.2388888888888889
2 0.5947916666666666 0.65 0.125 0.31666666666666665