0 0.8526041666666666 0.47453703703703703 0.019791666666666666 0.03796296296296296
0 0.021875 0.4476851851851852 0.010416666666666666 0.017592592592592594
0 0.038802083333333334 0.4462962962962963 0.0078125 0.018518518518518517
0 0.08098958333333334 0.4532407407407408 0.0109375 0.021296296296296296
0 0.11276041666666667 0.45 0.008854166666666666 0.014814814814814815
0 0.134375 0.4601851851851852 0.011458333333333333 0.022222222222222223
0 0.12343749999999999 0.45972222222222225 0.008333333333333333 0.017592592592592594
0 0.17682291666666666 0.46064814814814814 0.009895833333333333 0.015740740740740743
0 0.19010416666666666 0.46574074074074073 0.010416666666666666 0.024074074074074074
0 0.19817708333333334 0.4666666666666667 0.013020833333333334 0.022222222222222223
2 0.8518229166666667 0.5476851851851852 0.0734375 0.1787037037037037
2 0.178125 0.5018518518518519 0.03125 0.10370370370370371
2 0.19635416666666666 0.5162037037037037 0.03333333333333333 0.12314814814814816
2 0.1359375 0.5111111111111112 0.03125 0.12407407407407407