0 0.7671875 0.7037037037037037 0.05520833333333333 0.11111111111111112
1 0.9330729166666667 0.5425925925925926 0.022395833333333334 0.04814814814814815
1 0.9619791666666666 0.5407407407407407 0.01875 0.03518518518518519
1 0.9893229166666666 0.5282407407407408 0.019270833333333334 0.04722222222222222
0 0.7627604166666666 0.5398148148148149 0.019270833333333334 0.037037037037037035
0 0.7419270833333333 0.5481481481481482 0.022395833333333334 0.040740740740740744
1 0.6635416666666667 0.5523148148148148 0.020833333333333332 0.03981481481481482
1 0.5901041666666667 0.5467592592592593 0.01875 0.030555555555555558
1 0.5708333333333333 0.55 0.013541666666666667 0.02962962962962963
0 0.4908854166666667 0.5481481481481482 0.027604166666666666 0.040740740740740744
1 0.3177083333333333 0.5722222222222223 0.016666666666666666 0.03518518518518519
1 0.30026041666666664 0.5699074074074074 0.0171875 0.030555555555555558
0 0.016666666666666666 0.6476851851851853 0.030208333333333334 0.06018518518518519
2 0.29791666666666666 0.6342592592592593 0.08125 0.1574074074074074
2 0.49374999999999997 0.6129629629629629 0.08020833333333333 0.1462962962962963
2 0.5713541666666666 0.5995370370370371 0.07604166666666666 0.13796296296296298
2 0.484375 0.6365740740740741 0.1125 0.20833333333333334
2 0.6604166666666667 0.6106481481481482 0.09270833333333334 0.14907407407407408
2 0.7442708333333333 0.6226851851851852 0.11666666666666667 0.18055555555555555
2 0.9265625 0.6212962962962963 0.13541666666666666 0.1962962962962963
2 0.8247395833333333 0.8245370370370371 0.3078125 0.3490740740740741
2 0.03854166666666667 0.7680555555555556 0.078125 0.28611111111111115