0 0.09427083333333333 0.6486111111111111 0.028125 0.05277777777777778
0 0.14166666666666666 0.6537037037037037 0.03333333333333333 0.061111111111111116
0 0.12317708333333333 0.638888888888889 0.024479166666666666 0.05925925925925926
1 0.22083333333333333 0.5726851851851852 0.019791666666666666 0.04537037037037037
1 0.29765625 0.5689814814814815 0.0171875 0.032407407407407406
1 0.32916666666666666 0.5717592592592593 0.014583333333333334 0.026851851851851852
0 0.45208333333333334 0.5680555555555555 0.016666666666666666 0.032407407407407406
0 0.4296875 0.5611111111111111 0.0125 0.024074074074074074
0 0.4434895833333333 0.5578703703703703 0.0140625 0.026851851851851852
1 0.5296875 0.5550925925925926 0.013541666666666667 0.026851851851851852
1 0.5911458333333334 0.5587962962962963 0.015625 0.032407407407407406
1 0.5658854166666667 0.5597222222222222 0.0140625 0.028703703703703703
0 0.7255208333333333 0.5393518518518519 0.017708333333333333 0.032407407407407406
0 0.7463541666666667 0.537962962962963 0.021875 0.03518518518518519
1 0.5434895833333333 0.5486111111111112 0.0109375 0.026851851851851852
2 0.05546875 0.6407407407407407 0.06302083333333333 0.1388888888888889
2 0.22682291666666665 0.6199074074074075 0.06302083333333333 0.12685185185185185
2 0.29661458333333335 0.6097222222222223 0.058854166666666666 0.11388888888888889
2 0.055989583333333336 0.6472222222222223 0.0671875 0.16296296296296298
2 0.32734375 0.6157407407407408 0.0671875 0.12592592592592594
2 0.453125 0.625925925925926 0.08854166666666667 0.1537037037037037
2 0.56171875 0.6240740740740741 0.10364583333333333 0.17037037037037037
2 0.5359375 0.611574074074074 0.07916666666666666 0.14722222222222223
2 0.7276041666666666 0.6134259259259259 0.10416666666666667 0.18981481481481483
2 0.9505208333333334 0.6041666666666667 0.09791666666666667 0.1824074074074074
2 0.16953125 0.7953703703703704 0.15364583333333334 0.34444444444444444
2 0.1296875 0.7625000000000001 0.11354166666666667 0.30648148148148147