1 0.4828125 0.5569444444444445 0.014583333333333334 0.028703703703703703
1 0.5005208333333333 0.55 0.015625 0.02962962962962963
1 0.45651041666666664 0.5564814814814815 0.013020833333333334 0.024074074074074074
1 0.4393229166666667 0.5601851851851852 0.0140625 0.02777777777777778
0 0.4015625 0.5578703703703703 0.015625 0.030555555555555558
0 0.26536458333333335 0.5638888888888889 0.0140625 0.022222222222222223
0 0.25390625 0.5675925925925926 0.0140625 0.024074074074074074
1 0.35078125 0.5625 0.013020833333333334 0.019444444444444445
0 0.15364583333333334 0.5777777777777778 0.015625 0.022222222222222223
1 0.10390624999999999 0.5861111111111111 0.01614583333333333 0.02962962962962963
1 0.08880208333333334 0.5796296296296296 0.011979166666666666 0.024074074074074074
0 0.07708333333333334 0.5828703703703704 0.013541666666666667 0.025
1 0.0203125 0.5828703703703704 0.011458333333333333 0.015740740740740743
1 0.05026041666666667 0.5814814814814815 0.0109375 0.022222222222222223
1 0.058333333333333334 0.5796296296296296 0.008333333333333333 0.018518518518518517
1 0.06901041666666667 0.5731481481481482 0.013020833333333334 0.024074074074074074
2 0.1546875 0.6296296296296297 0.05416666666666667 0.12222222222222223
2 0.08984375 0.6365740740740741 0.05677083333333333 0.13425925925925927
2 0.053385416666666664 0.6231481481481481 0.05677083333333333 0.12407407407407407
2 0.2557291666666667 0.6212962962962963 0.0625 0.1425925925925926
2 0.3989583333333333 0.6143518518518519 0.06979166666666667 0.13425925925925927
2 0.44166666666666665 0.6087962962962963 0.06354166666666666 0.12314814814814816
2 0.3458333333333333 0.6129629629629629 0.057291666666666664 0.12407407407407407
2 0.49166666666666664 0.6111111111111112 0.08125 0.15