1 0.8596354166666667 0.5319444444444444 0.01614583333333333 0.028703703703703703
1 0.8830729166666667 0.5342592592592593 0.0203125 0.031481481481481485
1 0.77265625 0.5425925925925926 0.0203125 0.03333333333333333
1 0.7515625 0.5393518518518519 0.0125 0.030555555555555558
0 0.4979166666666667 0.5486111111111112 0.017708333333333333 0.030555555555555558
0 0.4046875 0.5731481481481482 0.021875 0.0462962962962963
0 0.37890625 0.5708333333333333 0.021354166666666667 0.03796296296296296
0 0.025260416666666667 0.6402777777777778 0.0328125 0.05648148148148149
0 0.0078125 0.6439814814814815 0.016666666666666666 0.04351851851851852
2 0.4940104166666667 0.6092592592592593 0.07760416666666667 0.1462962962962963
2 0.7494791666666667 0.6101851851851852 0.10625 0.17592592592592593
2 0.8518229166666667 0.600925925925926 0.11197916666666667 0.17037037037037037
2 0.37604166666666666 0.6453703703703704 0.10104166666666667 0.18888888888888888
2 0.047135416666666666 0.7560185185185185 0.0953125 0.27685185185185185