0 0.14375 0.5731481481481482 0.01875 0.02592592592592593
1 0.21354166666666666 0.5703703703703704 0.013541666666666667 0.02777777777777778
1 0.22473958333333333 0.5703703703703704 0.0109375 0.020370370370370372
1 0.27838541666666666 0.5685185185185185 0.011979166666666666 0.018518518518518517
1 0.2986979166666667 0.5703703703703704 0.011979166666666666 0.024074074074074074
1 0.3736979166666667 0.5907407407407408 0.018229166666666668 0.04259259259259259
1 0.39817708333333335 0.5902777777777778 0.022395833333333334 0.04537037037037037
1 0.3229166666666667 0.6398148148148148 0.020833333333333332 0.040740740740740744
0 0.35572916666666665 0.6555555555555556 0.035416666666666666 0.07592592592592592
1 0.3640625 0.7333333333333334 0.027083333333333334 0.05
0 0.8786458333333333 0.5375 0.021875 0.04537037037037037
1 0.9143229166666667 0.5560185185185186 0.022395833333333334 0.04722222222222222
1 0.9562499999999999 0.5462962962962963 0.02395833333333333 0.05555555555555556
1 0.9893229166666666 0.5916666666666667 0.018229166666666668 0.0462962962962963
2 0.1421875 0.6222222222222222 0.05625 0.11666666666666667
2 0.21171874999999998 0.625462962962963 0.0640625 0.13055555555555556
2 0.271875 0.6189814814814815 0.06666666666666667 0.12685185185185185
2 0.275 0.6268518518518519 0.071875 0.1388888888888889
2 0.8781249999999999 0.6157407407407408 0.12291666666666666 0.18703703703703706
2 0.9419270833333333 0.6597222222222222 0.11510416666666666 0.28055555555555556
2 0.4036458333333333 0.6953703703703704 0.13125 0.25925925925925924
2 0.378125 0.7990740740740742 0.18958333333333333 0.4