0 0.29270833333333335 0.6759259259259259 0.04479166666666667 0.06851851851851852
0 0.3372395833333333 0.674537037037037 0.0390625 0.0712962962962963
1 0.59296875 0.7046296296296296 0.0421875 0.07777777777777778
1 0.6432291666666666 0.725 0.041666666666666664 0.1
1 0.70390625 0.7268518518518519 0.0453125 0.10555555555555556
1 0.7177083333333333 0.6555555555555556 0.03333333333333333 0.07222222222222223
1 0.76015625 0.6824074074074075 0.05260416666666667 0.10555555555555556
0 0.7286458333333333 0.5509259259259259 0.025 0.040740740740740744
0 0.43854166666666666 0.5601851851851852 0.014583333333333334 0.037037037037037035
0 0.42135416666666664 0.5657407407407408 0.019791666666666666 0.03333333333333333
1 0.10677083333333333 0.6361111111111112 0.026041666666666668 0.05
1 0.07916666666666666 0.6291666666666667 0.022916666666666665 0.04722222222222222
0 0.0265625 0.5796296296296296 0.009375 0.018518518518518517
1 0.04479166666666667 0.5805555555555556 0.009375 0.018518518518518517
1 0.05520833333333333 0.5814814814814815 0.011458333333333333 0.020370370370370372
1 0.08255208333333333 0.575925925925926 0.011979166666666666 0.02592592592592593
1 0.09947916666666666 0.5777777777777778 0.013541666666666667 0.02777777777777778
1 0.1125 0.5782407407407407 0.010416666666666666 0.025
1 0.12369791666666667 0.5787037037037037 0.008854166666666666 0.018518518518518517
2 0.044270833333333336 0.6305555555555555 0.052083333333333336 0.12592592592592594
2 0.11171874999999999 0.625 0.05364583333333333 0.11851851851851852
2 0.08203125 0.6291666666666667 0.059895833333333336 0.13055555555555556
2 0.4244791666666667 0.6240740740740741 0.084375 0.15185185185185185
2 0.7325520833333333 0.637962962962963 0.13489583333333333 0.20925925925925926
2 0.69140625 0.8319444444444445 0.2953125 0.33425925925925926
2 0.80234375 0.8097222222222222 0.28072916666666664 0.3787037037037037
2 0.3703125 0.8189814814814815 0.21770833333333334 0.3601851851851852
2 0.11822916666666666 0.7328703703703704 0.11979166666666667 0.2638888888888889