1 0.7700520833333333 0.5407407407407407 0.01614583333333333 0.037037037037037035
1 0.7861979166666666 0.5435185185185185 0.0203125 0.040740740740740744
0 0.84375 0.5388888888888889 0.026041666666666668 0.05
1 0.28489583333333335 0.6652777777777779 0.034375 0.0712962962962963
1 0.24895833333333334 0.6597222222222222 0.029166666666666667 0.06018518518518519
1 0.21588541666666666 0.662962962962963 0.030729166666666665 0.06296296296296297
0 0.2638020833333333 0.5768518518518518 0.019270833333333334 0.037037037037037035
0 0.17473958333333334 0.5796296296296296 0.01614583333333333 0.022222222222222223
0 0.1625 0.5819444444444445 0.013541666666666667 0.03425925925925926
2 0.16354166666666667 0.6324074074074074 0.06666666666666667 0.13333333333333333
2 0.7703125 0.5995370370370371 0.090625 0.14537037037037037
2 0.83984375 0.6171296296296297 0.12447916666666667 0.19722222222222224
2 0.26510416666666664 0.6430555555555556 0.084375 0.1638888888888889
2 0.2942708333333333 0.8041666666666667 0.184375 0.3490740740740741