0 0.013020833333333334 0.6930555555555555 0.027083333333333334 0.05648148148148149
0 0.9093749999999999 0.5319444444444444 0.015625 0.036111111111111115
0 0.9325520833333333 0.5291666666666667 0.0203125 0.03981481481481482
0 0.4205729166666667 0.6393518518518518 0.0296875 0.058333333333333334
0 0.3768229166666667 0.6328703703703704 0.03177083333333333 0.07314814814814816
0 0.409375 0.5865740740740741 0.028125 0.062037037037037036
0 0.4466145833333333 0.6032407407407407 0.028645833333333332 0.05277777777777778
0 0.44947916666666665 0.5731481481481482 0.028125 0.05740740740740741
0 0.35833333333333334 0.6041666666666667 0.029166666666666667 0.05648148148148149
2 0.46458333333333335 0.7023148148148148 0.15104166666666666 0.28611111111111115
2 0.44947916666666665 0.7828703703703704 0.18958333333333333 0.36388888888888893
2 0.05416666666666667 0.8268518518518518 0.109375 0.34444444444444444
2 0.6395833333333333 0.6 0.08854166666666667 0.16111111111111112
2 0.9052083333333333 0.5939814814814816 0.11458333333333333 0.1712962962962963