1 0.13359375 0.5939814814814816 0.022395833333333334 0.049074074074074076
0 0.2671875 0.5930555555555556 0.01875 0.04351851851851852
0 0.290625 0.5930555555555556 0.020833333333333332 0.04166666666666667
1 0.3104166666666667 0.6240740740740741 0.02395833333333333 0.044444444444444446
0 0.3731770833333333 0.7569444444444444 0.04010416666666666 0.08240740740740742
0 0.9523437499999999 0.750462962962963 0.057812499999999996 0.12314814814814816
1 0.8138020833333334 0.6236111111111111 0.0296875 0.0787037037037037
1 0.7533854166666667 0.6041666666666667 0.03177083333333333 0.06574074074074074
1 0.7302083333333333 0.5935185185185186 0.029166666666666667 0.07222222222222223
0 0.746875 0.538425925925926 0.01875 0.032407407407407406
0 0.7690104166666667 0.5342592592592593 0.0140625 0.03333333333333333
2 0.8205729166666667 0.7518518518518519 0.25677083333333334 0.3851851851851852
2 0.4341145833333333 0.8578703703703704 0.24322916666666666 0.28240740740740744
2 0.3130208333333333 0.6847222222222222 0.12604166666666666 0.22870370370370371
2 0.7489583333333333 0.5958333333333333 0.09375 0.14537037037037037
2 0.14791666666666667 0.6726851851851852 0.09583333333333333 0.20277777777777778