0 0.10520833333333333 0.6814814814814815 0.0375 0.06851851851851852
0 0.14270833333333333 0.6791666666666667 0.035416666666666666 0.06574074074074074
1 0.16822916666666665 0.7439814814814815 0.03958333333333333 0.04722222222222222
0 0.23854166666666665 0.6245370370370371 0.03125 0.04722222222222222
0 0.2700520833333333 0.6222222222222222 0.03177083333333333 0.06481481481481481
0 0.29375 0.5689814814814815 0.011458333333333333 0.028703703703703703
0 0.30703125 0.5694444444444444 0.011979166666666666 0.02777777777777778
0 0.4513020833333333 0.7037037037037037 0.05572916666666666 0.09814814814814815
1 0.47890625 0.8078703703703703 0.034895833333333334 0.06574074074074074
0 0.7231770833333333 0.6171296296296297 0.0421875 0.06944444444444445
0 0.7708333333333334 0.6134259259259259 0.040625 0.0787037037037037
0 0.81484375 0.6407407407407407 0.04739583333333333 0.10740740740740741
2 0.29322916666666665 0.6152777777777778 0.057291666666666664 0.12314814814814816
2 0.7981770833333334 0.7578703703703704 0.20885416666666667 0.3675925925925926
2 0.8609375 0.8013888888888889 0.27708333333333335 0.39351851851851855
2 0.5059895833333333 0.8333333333333334 0.2484375 0.3314814814814815
2 0.29244791666666664 0.7513888888888889 0.1640625 0.33055555555555555
2 0.16979166666666667 0.8199074074074074 0.18854166666666666 0.3564814814814815