0 0.014583333333333334 0.42824074074074076 0.028125 0.06018518518518519
0 0.2015625 0.4851851851851852 0.029166666666666667 0.06481481481481481
0 0.24322916666666666 0.4828703703703704 0.040625 0.0712962962962963
0 0.2700520833333333 0.4361111111111111 0.0265625 0.061111111111111116
0 0.29791666666666666 0.4375 0.01875 0.05092592592592593
0 0.32421875 0.45462962962962966 0.0328125 0.06666666666666667
0 0.615625 0.4375 0.029166666666666667 0.06574074074074074
1 0.7145833333333333 0.45925925925925926 0.027083333333333334 0.06666666666666667
1 0.74296875 0.48240740740740745 0.027604166666666666 0.06851851851851852
2 0.14661458333333333 0.4277777777777778 0.057812499999999996 0.12037037037037038
2 0.7682291666666666 0.625462962962963 0.25625 0.40092592592592596
2 0.625 0.5578703703703703 0.16666666666666666 0.2953703703703704
2 0.26979166666666665 0.6370370370370371 0.18541666666666667 0.37777777777777777
2 0.3333333333333333 0.587037037037037 0.16666666666666666 0.32962962962962966
2 0.0421875 0.5425925925925926 0.08541666666666667 0.2814814814814815