1 0.24296874999999998 0.5791666666666667 0.019270833333333334 0.03425925925925926
0 0.0140625 0.7115740740740741 0.028125 0.0638888888888889
0 0.10208333333333333 0.6472222222222223 0.030208333333333334 0.05555555555555556
0 0.12708333333333333 0.7425925925925926 0.03958333333333333 0.07592592592592592
0 0.1875 0.7175925925925927 0.040625 0.08703703703703704
1 0.196875 0.8013888888888889 0.036458333333333336 0.06944444444444445
1 0.2578125 0.5819444444444445 0.013541666666666667 0.025
1 0.27369791666666665 0.5837962962962964 0.0171875 0.04351851851851852
0 0.2856770833333333 0.6402777777777778 0.03802083333333333 0.06018518518518519
0 0.3184895833333333 0.6375000000000001 0.03802083333333333 0.07314814814814816
1 0.4184895833333333 0.6819444444444445 0.04635416666666667 0.08055555555555556
1 0.4557291666666667 0.7097222222222223 0.04375 0.09351851851851853
1 0.49453125 0.5583333333333333 0.0109375 0.02592592592592593
1 0.5122395833333333 0.5523148148148148 0.0140625 0.02314814814814815
0 0.8216145833333334 0.6726851851851852 0.05260416666666667 0.09722222222222222
0 0.8924479166666667 0.6796296296296297 0.0515625 0.0925925925925926
1 0.9299479166666667 0.7564814814814815 0.04010416666666666 0.07777777777777778
0 0.9716145833333333 0.5236111111111111 0.0203125 0.03425925925925926
2 0.8911458333333333 0.812962962962963 0.21666666666666667 0.37222222222222223
2 0.49114583333333334 0.6106481481481482 0.07708333333333334 0.1398148148148148
2 0.48020833333333335 0.8152777777777778 0.228125 0.3675925925925926
2 0.33229166666666665 0.7837962962962963 0.16041666666666665 0.36944444444444446
2 0.20989583333333334 0.8351851851851853 0.20520833333333333 0.3277777777777778
2 0.11067708333333333 0.7587962962962963 0.11510416666666666 0.2898148148148148
2 0.9473958333333333 0.6013888888888889 0.10416666666666667 0.19907407407407407
2 0.2669270833333333 0.6569444444444444 0.07135416666666666 0.19351851851851853