0 0.35625 0.6699074074074074 0.04479166666666667 0.08981481481481482
1 0.5822916666666667 0.6611111111111111 0.034375 0.07777777777777778
0 0.6286458333333333 0.6245370370370371 0.042708333333333334 0.07685185185185185
1 0.653125 0.6916666666666667 0.029166666666666667 0.05555555555555556
1 0.12395833333333334 0.5828703703703704 0.017708333333333333 0.025
1 0.09010416666666667 0.5787037037037037 0.014583333333333334 0.02592592592592593
1 0.07890625 0.5796296296296296 0.0109375 0.022222222222222223
2 0.07786458333333333 0.625 0.0515625 0.11851851851851852
2 0.12161458333333333 0.6226851851851852 0.04739583333333333 0.11018518518518519
2 0.6635416666666667 0.7777777777777778 0.21875 0.37962962962962965
2 0.39036458333333335 0.8115740740740741 0.2484375 0.375