0 0.44453125 0.5569444444444445 0.01614583333333333 0.03425925925925926
1 0.47109375 0.5615740740740741 0.019270833333333334 0.049074074074074076
1 0.5846354166666666 0.5782407407407407 0.018229166666666668 0.03796296296296296
1 0.6033854166666667 0.600925925925926 0.021354166666666667 0.037037037037037035
1 0.6260416666666666 0.5712962962962963 0.019791666666666666 0.040740740740740744
1 0.6447916666666667 0.6018518518518519 0.020833333333333332 0.037037037037037035
1 0.5096354166666667 0.5560185185185186 0.015104166666666667 0.032407407407407406
1 0.54140625 0.5574074074074075 0.022395833333333334 0.03518518518518519
1 0.5244791666666666 0.5583333333333333 0.015625 0.02592592592592593
2 0.65 0.6819444444444445 0.16354166666666667 0.2564814814814815
2 0.43984375 0.6375000000000001 0.10572916666666667 0.19351851851851853
2 0.5145833333333333 0.6277777777777778 0.08645833333333333 0.17777777777777778