0 0.20755208333333333 0.5476851851851852 0.0265625 0.0638888888888889
0 0.2328125 0.5560185185185186 0.03125 0.06018518518518519
0 0.5440104166666666 0.6759259259259259 0.0515625 0.10185185185185186
0 0.61796875 0.6152777777777778 0.03697916666666667 0.075
0 0.6619791666666667 0.625 0.03854166666666667 0.07592592592592592
0 0.9848958333333333 0.5972222222222222 0.027083333333333334 0.09814814814814815
0 0.9833333333333333 0.48379629629629634 0.015625 0.04351851851851852
2 0.018489583333333334 0.5324074074074074 0.034895833333333334 0.11851851851851852
2 0.9346354166666666 0.7555555555555555 0.1296875 0.40370370370370373
2 0.959375 0.5439814814814815 0.08020833333333333 0.16018518518518518
2 0.71484375 0.7875 0.2609375 0.42314814814814816
2 0.58125 0.8138888888888889 0.3020833333333333 0.3685185185185185
2 0.2557291666666667 0.6796296296296297 0.15625 0.3148148148148148