0 0.17473958333333334 0.5300925925925926 0.0265625 0.03796296296296296
0 0.20390624999999998 0.5375 0.0234375 0.04351851851851852
0 0.2721354166666667 0.5967592592592593 0.034895833333333334 0.0638888888888889
0 0.30625 0.5898148148148148 0.03333333333333333 0.07407407407407407
0 0.5979166666666667 0.562962962962963 0.03125 0.07222222222222223
0 0.6424479166666667 0.5828703703703704 0.0390625 0.06944444444444445
0 0.7403645833333333 0.49259259259259264 0.024479166666666666 0.04259259259259259
0 0.5018229166666667 0.487962962962963 0.015104166666666667 0.031481481481481485
2 0.48463541666666665 0.538425925925926 0.050520833333333334 0.125
2 0.73359375 0.5532407407407408 0.0921875 0.1638888888888889
2 0.6677083333333333 0.712037037037037 0.21145833333333333 0.37592592592592594
2 0.29609375 0.7768518518518519 0.20052083333333334 0.4203703703703704
2 0.34791666666666665 0.7287037037037037 0.13125 0.3462962962962963
2 0.20625 0.6273148148148149 0.09583333333333333 0.25092592592592594