0 0.17890625 0.6282407407407408 0.0359375 0.08055555555555556
1 0.20963541666666666 0.6333333333333333 0.0296875 0.06481481481481481
0 0.24088541666666666 0.6268518518518519 0.049479166666666664 0.0925925925925926
0 0.50859375 0.4851851851851852 0.0171875 0.02962962962962963
0 0.60625 0.4935185185185185 0.019791666666666666 0.03888888888888889
0 0.6223958333333334 0.4865740740740741 0.014583333333333334 0.03425925925925926
0 0.7221354166666667 0.6361111111111112 0.0453125 0.0925925925925926
0 0.7848958333333333 0.6768518518518519 0.053125 0.10370370370370371
0 0.8325520833333333 0.500925925925926 0.0234375 0.05
0 0.8744791666666667 0.48750000000000004 0.026041666666666668 0.049074074074074076
0 0.9080729166666667 0.4865740740740741 0.01614583333333333 0.036111111111111115
2 0.8309895833333333 0.7944444444444445 0.3328125 0.40925925925925927
2 0.2643229166666667 0.787962962962963 0.2140625 0.41481481481481486
2 0.5013020833333334 0.5462962962962963 0.08072916666666667 0.1462962962962963
2 0.59765625 0.55 0.0828125 0.15555555555555556
2 0.8153645833333333 0.5898148148148148 0.14739583333333334 0.2518518518518519
2 0.915625 0.5513888888888889 0.052083333333333336 0.17314814814814816