0 0.07552083333333333 0.5199074074074074 0.019791666666666666 0.03425925925925926
0 0.06770833333333333 0.49259259259259264 0.011458333333333333 0.020370370370370372
0 0.04088541666666667 0.49074074074074076 0.009895833333333333 0.018518518518518517
0 0.2669270833333333 0.5018518518518519 0.0140625 0.03333333333333333
0 0.2942708333333333 0.48935185185185187 0.01875 0.03425925925925926
0 0.3458333333333333 0.4902777777777778 0.015625 0.026851851851851852
0 0.29010416666666666 0.5263888888888889 0.025 0.04166666666666667
0 0.3223958333333333 0.5412037037037037 0.022916666666666665 0.04722222222222222
0 0.6213541666666667 0.4861111111111111 0.020833333333333332 0.037037037037037035
2 0.3341145833333333 0.6324074074074074 0.13177083333333334 0.2555555555555556
2 0.09244791666666667 0.5986111111111111 0.0984375 0.19907407407407407
2 0.0671875 0.5393518518518519 0.051041666666666666 0.1175925925925926
2 0.2625 0.5685185185185185 0.09270833333333334 0.19444444444444445
2 0.6018229166666667 0.5467592592592593 0.0640625 0.1564814814814815