0 0.66171875 0.6032407407407407 0.033854166666666664 0.06018518518518519
0 0.25104166666666666 0.6518518518518519 0.03229166666666666 0.06666666666666667
1 0.2721354166666667 0.6953703703703704 0.024479166666666666 0.053703703703703705
1 0.22005208333333334 0.6592592592592593 0.0234375 0.05
1 0.20026041666666666 0.6583333333333333 0.021354166666666667 0.061111111111111116
1 0.23906249999999998 0.5722222222222223 0.019791666666666666 0.04814814814814815
1 0.3489583333333333 0.5662037037037038 0.0125 0.025
1 0.3684895833333333 0.5578703703703703 0.013020833333333334 0.02314814814814815
1 0.3580729166666667 0.562962962962963 0.011979166666666666 0.02962962962962963
2 0.34869791666666666 0.6097222222222223 0.06510416666666667 0.1287037037037037
2 0.23645833333333333 0.6435185185185185 0.08854166666666667 0.18333333333333335
2 0.35833333333333334 0.6324074074074074 0.1 0.17592592592592593
2 0.7018229166666666 0.7231481481481482 0.18802083333333333 0.3148148148148148
2 0.2635416666666667 0.7800925925925927 0.15520833333333334 0.3175925925925926