0 0.7721354166666666 0.5472222222222223 0.021354166666666667 0.044444444444444446
0 0.7513020833333334 0.5333333333333333 0.0171875 0.03518518518518519
1 0.7348958333333333 0.5430555555555556 0.013541666666666667 0.032407407407407406
1 0.72578125 0.538425925925926 0.0109375 0.028703703703703703
0 0.19609375 0.5694444444444444 0.009895833333333333 0.024074074074074074
1 0.13567708333333334 0.5745370370370371 0.01614583333333333 0.028703703703703703
1 0.027083333333333334 0.5902777777777778 0.014583333333333334 0.030555555555555558
1 0.0125 0.5893518518518519 0.017708333333333333 0.036111111111111115
2 0.19270833333333334 0.6152777777777778 0.052083333333333336 0.1175925925925926
2 0.02265625 0.65 0.044270833333333336 0.16481481481481483
2 0.13151041666666666 0.6398148148148148 0.0828125 0.16296296296296298
2 0.76015625 0.6421296296296296 0.1421875 0.23611111111111113
2 0.71640625 0.6046296296296296 0.0921875 0.1685185185185185