0 0.023697916666666666 0.425462962962963 0.033854166666666664 0.06944444444444445
0 0.221875 0.4444444444444445 0.029166666666666667 0.07037037037037037
0 0.33046875 0.4217592592592593 0.0265625 0.058333333333333334
0 0.6091145833333333 0.43472222222222223 0.04010416666666666 0.06944444444444445
0 0.6549479166666666 0.45925925925925926 0.03802083333333333 0.07592592592592592
0 0.96171875 0.5967592592592593 0.05572916666666666 0.11018518518518519
2 0.6791666666666667 0.5865740740740741 0.20625 0.3731481481481482
2 0.9138020833333333 0.7703703703703704 0.1703125 0.4537037037037037
2 0.34479166666666666 0.5435185185185185 0.1375 0.3
2 0.2421875 0.5898148148148148 0.165625 0.3574074074074074
2 0.04765625 0.5375 0.0953125 0.28425925925925927