0 0.10130208333333333 0.4564814814814815 0.03177083333333333 0.07222222222222223
0 0.13776041666666666 0.4703703703703704 0.03177083333333333 0.07592592592592592
0 0.16171875 0.42638888888888893 0.030729166666666665 0.06018518518518519
0 0.1984375 0.4337962962962963 0.034375 0.0638888888888889
0 0.24348958333333334 0.3814814814814815 0.0140625 0.031481481481481485
0 0.2591145833333333 0.37824074074074077 0.0140625 0.028703703703703703
0 0.7760416666666666 0.46990740740740744 0.040625 0.08425925925925926
0 0.8598958333333333 0.5703703703703704 0.059375 0.11481481481481481
0 0.9393229166666667 0.5791666666666667 0.057812499999999996 0.11574074074074074
2 0.24609375 0.42962962962962964 0.06302083333333333 0.12962962962962962
2 0.7651041666666667 0.6268518518518519 0.178125 0.3814814814814815
2 0.8958333333333334 0.7597222222222223 0.20729166666666665 0.47870370370370374
2 0.15494791666666666 0.5972222222222222 0.16927083333333334 0.35370370370370374
2 0.21927083333333333 0.5518518518518519 0.1375 0.3