0 0.0484375 0.4981481481481482 0.011458333333333333 0.018518518518518517
0 0.008333333333333333 0.5023148148148149 0.010416666666666666 0.017592592592592594
0 0.3026041666666667 0.4814814814814815 0.011458333333333333 0.024074074074074074
1 0.3151041666666667 0.47870370370370374 0.009375 0.024074074074074074
0 0.37890625 0.4777777777777778 0.0140625 0.022222222222222223
0 0.56328125 0.46296296296296297 0.0171875 0.03333333333333333
0 0.68515625 0.4476851851851852 0.0171875 0.03796296296296296
0 0.7015625 0.44907407407407407 0.016666666666666666 0.02962962962962963
2 0.013802083333333333 0.5458333333333334 0.027604166666666666 0.11203703703703705
2 0.0453125 0.5458333333333334 0.040625 0.1175925925925926
2 0.29973958333333334 0.5324074074074074 0.06197916666666667 0.13333333333333333
2 0.6986979166666667 0.5180555555555556 0.09427083333333333 0.15833333333333333