0 0.80703125 0.5537037037037037 0.04114583333333333 0.08333333333333334
0 0.8651041666666667 0.5643518518518519 0.041666666666666664 0.09351851851851853
0 0.8752604166666667 0.44212962962962965 0.01614583333333333 0.03796296296296296
0 0.5721354166666667 0.4625 0.0203125 0.036111111111111115
0 0.20963541666666666 0.5578703703703703 0.030729166666666665 0.05092592592592593
0 0.17630208333333333 0.5583333333333333 0.021354166666666667 0.044444444444444446
0 0.14036458333333332 0.4902777777777778 0.01614583333333333 0.028703703703703703
0 0.11067708333333333 0.49259259259259264 0.011979166666666666 0.024074074074074074
0 0.04635416666666667 0.49768518518518523 0.010416666666666666 0.025
0 0.03411458333333333 0.49768518518518523 0.011979166666666666 0.025
2 0.8807291666666667 0.7430555555555556 0.2375 0.4601851851851852
2 0.22057291666666667 0.675462962962963 0.14635416666666667 0.3027777777777778
2 0.140625 0.5430555555555556 0.05625 0.125
2 0.5752604166666666 0.5259259259259259 0.08177083333333333 0.15
2 0.85234375 0.5115740740740741 0.08489583333333334 0.18425925925925926
2 0.03567708333333333 0.5425925925925926 0.049479166666666664 0.11296296296296297