1 0.08958333333333333 0.5800925925925926 0.030208333333333334 0.06018518518518519
0 0.12473958333333333 0.5703703703703704 0.03177083333333333 0.06851851851851852
0 0.1484375 0.5277777777777778 0.03229166666666666 0.05555555555555556
0 0.26067708333333334 0.48750000000000004 0.013020833333333334 0.030555555555555558
0 0.4434895833333333 0.47222222222222227 0.018229166666666668 0.031481481481481485
0 0.6736979166666667 0.5916666666666667 0.05260416666666667 0.09074074074074075
2 0.73125 0.7712962962962964 0.2895833333333333 0.45
2 0.14635416666666667 0.7023148148148148 0.15208333333333332 0.33425925925925926
2 0.17265625 0.625462962962963 0.08802083333333333 0.24351851851851852
2 0.2625 0.537962962962963 0.0625 0.1277777777777778
2 0.4328125 0.5291666666666667 0.05625 0.14166666666666666