0 0.30833333333333335 0.6166666666666667 0.040625 0.07962962962962963
0 0.3684895833333333 0.6060185185185185 0.03802083333333333 0.08240740740740742
0 0.625 0.5171296296296296 0.03229166666666666 0.07685185185185185
0 0.7294270833333333 0.45555555555555555 0.0265625 0.05
0 0.75390625 0.4518518518518519 0.0171875 0.037037037037037035
0 0.7682291666666666 0.5726851851851852 0.041666666666666664 0.08611111111111111
1 0.8369791666666666 0.5407407407407407 0.051041666666666666 0.0925925925925926
1 0.7815104166666667 0.525462962962963 0.033854166666666664 0.0787037037037037
2 0.72421875 0.5305555555555556 0.12343749999999999 0.19444444444444445
2 0.6559895833333333 0.6361111111111112 0.1734375 0.2962962962962963
2 0.8817708333333333 0.6847222222222222 0.23541666666666666 0.3990740740740741
2 0.8317708333333333 0.7648148148148148 0.28541666666666665 0.4666666666666667
2 0.4036458333333333 0.7777777777777778 0.23124999999999998 0.4203703703703704