0 0.79140625 0.6101851851851852 0.0671875 0.1277777777777778
0 0.49322916666666666 0.5833333333333334 0.04583333333333333 0.08888888888888889
0 0.5927083333333333 0.46574074074074073 0.022916666666666665 0.03888888888888889
0 0.3690104166666667 0.48333333333333334 0.0234375 0.03333333333333333
0 0.34453125 0.4814814814814815 0.0234375 0.0462962962962963
0 0.27890625 0.5416666666666667 0.0359375 0.06481481481481481
2 0.3442708333333333 0.55 0.10104166666666667 0.17592592592592593
2 0.5783854166666667 0.5222222222222223 0.07135416666666666 0.14814814814814814
2 0.8393229166666667 0.7736111111111111 0.3203125 0.45092592592592595
2 0.53046875 0.7240740740740741 0.2171875 0.37222222222222223
2 0.29635416666666664 0.6671296296296296 0.159375 0.31203703703703706