0 0.9072916666666666 0.5148148148148148 0.021875 0.03518518518518519
1 0.8809895833333333 0.5273148148148148 0.018229166666666668 0.036111111111111115
1 0.7354166666666666 0.5398148148148149 0.013541666666666667 0.02777777777777778
1 0.71875 0.5421296296296296 0.015625 0.026851851851851852
0 0.5432291666666667 0.549074074074074 0.0125 0.02777777777777778
0 0.315625 0.5689814814814815 0.017708333333333333 0.032407407407407406
0 0.2989583333333333 0.5675925925925926 0.014583333333333334 0.02777777777777778
1 0.26145833333333335 0.5745370370370371 0.013541666666666667 0.021296296296296296
0 0.24375 0.5685185185185185 0.013541666666666667 0.02777777777777778
0 0.00859375 0.5865740740740741 0.009895833333333333 0.021296296296296296
0 0.5341145833333333 0.5685185185185185 0.013020833333333334 0.024074074074074074
0 0.5682291666666667 0.5648148148148149 0.015625 0.022222222222222223
2 0.5427083333333333 0.6092592592592593 0.08541666666666667 0.1462962962962963
2 0.29140625 0.6171296296296297 0.06822916666666666 0.13611111111111113