1 0.7072916666666667 0.6023148148148149 0.026041666666666668 0.06759259259259259
1 0.68515625 0.5958333333333333 0.0234375 0.062037037037037036
1 0.66640625 0.6 0.024479166666666666 0.04814814814814815
0 0.34453125 0.5726851851851852 0.0171875 0.04166666666666667
1 0.3841145833333333 0.5638888888888889 0.009895833333333333 0.020370370370370372
1 0.29713541666666665 0.5606481481481481 0.01614583333333333 0.028703703703703703
0 0.28489583333333335 0.5685185185185185 0.011458333333333333 0.02592592592592593
1 0.31666666666666665 0.5662037037037038 0.013541666666666667 0.026851851851851852
1 0.19010416666666666 0.6157407407407408 0.021875 0.0462962962962963
1 0.17005208333333333 0.6125 0.021354166666666667 0.04351851851851852
0 0.08984375 0.5824074074074075 0.0140625 0.02962962962962963
0 0.07734375 0.5842592592592593 0.013020833333333334 0.031481481481481485
0 0.0625 0.5787037037037037 0.010416666666666666 0.02777777777777778
2 0.33046875 0.6166666666666667 0.07135416666666666 0.13703703703703704
2 0.06979166666666667 0.6273148148148149 0.057291666666666664 0.1212962962962963
2 0.27578125 0.6101851851851852 0.057812499999999996 0.13333333333333333
2 0.7348958333333333 0.7236111111111111 0.21041666666666667 0.3287037037037037
2 0.35520833333333335 0.6606481481481482 0.1125 0.2175925925925926