0 0.6567708333333333 0.5643518518518519 0.026041666666666668 0.04537037037037037
0 0.6393229166666666 0.563425925925926 0.022395833333333334 0.049074074074074076
0 0.3888020833333333 0.6212962962962963 0.0328125 0.061111111111111116
0 0.35390625 0.612037037037037 0.034895833333333334 0.05740740740740741
1 0.3723958333333333 0.7134259259259259 0.0375 0.08611111111111111
1 0.3380208333333333 0.7282407407407407 0.030208333333333334 0.07685185185185185
1 0.30104166666666665 0.6680555555555556 0.03125 0.062037037037037036
1 0.25416666666666665 0.6638888888888889 0.028125 0.06851851851851852
0 0.22421875 0.6222222222222222 0.028645833333333332 0.05
0 0.19140625 0.6203703703703703 0.022395833333333334 0.05555555555555556
0 0.2859375 0.5597222222222222 0.010416666666666666 0.026851851851851852
1 0.2703125 0.5666666666666667 0.014583333333333334 0.02777777777777778
1 0.09739583333333333 0.5791666666666667 0.0125 0.025
1 0.08385416666666666 0.5800925925925926 0.008333333333333333 0.019444444444444445
0 0.06953125 0.5851851851851853 0.008854166666666666 0.020370370370370372
0 0.0609375 0.5819444444444445 0.011458333333333333 0.019444444444444445
0 0.053906249999999996 0.5949074074074074 0.008854166666666666 0.017592592592592594
2 0.057291666666666664 0.6268518518518519 0.04895833333333333 0.11296296296296297
2 0.26979166666666665 0.6046296296296296 0.059375 0.11666666666666667
2 0.68125 0.6712962962962963 0.16458333333333333 0.26481481481481484
2 0.4145833333333333 0.7273148148148149 0.14895833333333333 0.287962962962963
2 0.38619791666666664 0.8361111111111111 0.24010416666666667 0.32407407407407407
2 0.27057291666666666 0.8069444444444445 0.1046875 0.3601851851851852
2 0.20703125 0.7199074074074074 0.0734375 0.2601851851851852