1 0.79765625 0.5361111111111111 0.022395833333333334 0.03888888888888889
1 0.775 0.5398148148148149 0.01875 0.03518518518518519
0 0.5786458333333333 0.5435185185185185 0.013541666666666667 0.02777777777777778
0 0.5658854166666667 0.5476851851851852 0.0171875 0.03425925925925926
1 0.5466145833333333 0.5643518518518519 0.0140625 0.036111111111111115
1 0.15260416666666665 0.6245370370370371 0.021875 0.04722222222222222
1 0.11953124999999999 0.6175925925925926 0.028645833333333332 0.05925925925925926
1 0.23697916666666666 0.5685185185185185 0.014583333333333334 0.024074074074074074
1 0.22343749999999998 0.5712962962962963 0.0125 0.024074074074074074
0 0.024739583333333332 0.5865740740740741 0.01614583333333333 0.025
0 0.014583333333333334 0.5828703703703704 0.0125 0.015740740740740743
2 0.225 0.6134259259259259 0.051041666666666666 0.11388888888888889
2 0.01953125 0.6282407407407408 0.0359375 0.10833333333333334
2 0.56328125 0.5967592592592593 0.07552083333333333 0.1398148148148148
2 0.7747395833333334 0.6032407407407407 0.10260416666666666 0.1712962962962963
2 0.16770833333333332 0.7189814814814816 0.11770833333333333 0.2638888888888889