1 0.08359375 0.5796296296296296 0.0109375 0.022222222222222223
1 0.07213541666666666 0.5861111111111111 0.008854166666666666 0.022222222222222223
1 0.23489583333333333 0.6069444444444445 0.020833333333333332 0.049074074074074076
0 0.38255208333333335 0.5504629629629629 0.0109375 0.026851851851851852
1 0.37057291666666664 0.5726851851851852 0.0109375 0.019444444444444445
0 0.3963541666666667 0.5560185185185186 0.0125 0.028703703703703703
1 0.46197916666666666 0.5537037037037037 0.0125 0.022222222222222223
1 0.47760416666666666 0.5532407407407408 0.0125 0.02314814814814815
1 0.6768229166666666 0.549537037037037 0.01614583333333333 0.026851851851851852
2 0.07682291666666667 0.6203703703703703 0.049479166666666664 0.10925925925925926
2 0.3802083333333333 0.6032407407407407 0.059375 0.12685185185185185
2 0.46067708333333335 0.611574074074074 0.07447916666666667 0.14351851851851852
2 0.678125 0.6087962962962963 0.09479166666666666 0.1564814814814815
2 0.24765625 0.7106481481481481 0.12760416666666666 0.2564814814814815