1 0.86875 0.5296296296296297 0.013541666666666667 0.024074074074074074
1 0.8859374999999999 0.5282407407407408 0.011458333333333333 0.028703703703703703
1 0.90078125 0.5226851851851853 0.013020833333333334 0.028703703703703703
1 0.35546875 0.5625 0.01614583333333333 0.03425925925925926
0 0.29401041666666666 0.6268518518518519 0.024479166666666666 0.05555555555555556
0 0.25885416666666666 0.5625 0.011458333333333333 0.028703703703703703
1 0.23906249999999998 0.5689814814814815 0.010416666666666666 0.026851851851851852
1 0.22213541666666667 0.5708333333333333 0.01614583333333333 0.026851851851851852
2 0.24947916666666667 0.6083333333333334 0.05416666666666667 0.11851851851851852
2 0.22604166666666667 0.6171296296296297 0.057291666666666664 0.13240740740740742
2 0.35442708333333334 0.6180555555555556 0.07239583333333333 0.13425925925925927
2 0.86875 0.5861111111111111 0.09479166666666666 0.1537037037037037
2 0.309375 0.7472222222222222 0.15416666666666667 0.30185185185185187