1 0.10104166666666667 0.5791666666666667 0.014583333333333334 0.030555555555555558
0 0.14296875 0.5750000000000001 0.011979166666666666 0.02962962962962963
0 0.15520833333333334 0.5726851851851852 0.010416666666666666 0.03425925925925926
1 0.012239583333333333 0.5824074074074075 0.0140625 0.022222222222222223
1 0.024739583333333332 0.5828703703703704 0.011979166666666666 0.025
1 0.2513020833333333 0.6018518518518519 0.021354166666666667 0.03888888888888889
1 0.278125 0.6032407407407407 0.021875 0.04166666666666667
1 0.2994791666666667 0.6111111111111112 0.015625 0.05
1 0.51796875 0.5875 0.022395833333333334 0.05277777777777778
1 0.5588541666666667 0.5921296296296297 0.022916666666666665 0.05277777777777778
1 0.534375 0.612037037037037 0.016666666666666666 0.044444444444444446
1 0.6783854166666666 0.6092592592592593 0.0453125 0.07592592592592592
1 0.7247395833333333 0.5995370370370371 0.0296875 0.07314814814814816
0 0.8624999999999999 0.6342592592592593 0.05625 0.0962962962962963
0 0.9317708333333333 0.6638888888888889 0.05625 0.1
2 0.14661458333333333 0.6134259259259259 0.0484375 0.11203703703703705
2 0.0203125 0.625462962962963 0.036458333333333336 0.11574074074074074
2 0.10364583333333333 0.6268518518518519 0.059375 0.11851851851851852
2 0.6739583333333333 0.5925925925925926 0.08333333333333333 0.1425925925925926
2 0.9075520833333334 0.7944444444444445 0.18385416666666665 0.40925925925925927
2 0.7549479166666666 0.7398148148148148 0.1953125 0.35555555555555557
2 0.5799479166666667 0.7097222222222223 0.1703125 0.2972222222222222
2 0.29765625 0.6958333333333334 0.12447916666666667 0.225