0 0.06458333333333333 0.65 0.027083333333333334 0.05925925925925926
0 0.08515625 0.6578703703703704 0.03177083333333333 0.058333333333333334
0 0.18072916666666666 0.5810185185185185 0.02395833333333333 0.036111111111111115
0 0.15104166666666666 0.6708333333333334 0.036458333333333336 0.06944444444444445
0 0.19817708333333334 0.6671296296296296 0.04739583333333333 0.08055555555555556
0 0.07916666666666666 0.575925925925926 0.011458333333333333 0.024074074074074074
0 0.07161458333333333 0.5768518518518518 0.008854166666666666 0.022222222222222223
1 0.5473958333333333 0.549074074074074 0.011458333333333333 0.022222222222222223
1 0.5380208333333333 0.5509259259259259 0.008333333333333333 0.022222222222222223
0 0.5981770833333333 0.600462962962963 0.03802083333333333 0.0712962962962963
0 0.6763020833333333 0.6361111111111112 0.0453125 0.0925925925925926
1 0.6270833333333333 0.6782407407407408 0.026041666666666668 0.05277777777777778
0 0.5627604166666667 0.6583333333333333 0.043229166666666666 0.08333333333333334
2 0.07109375 0.6166666666666667 0.0359375 0.10740740740740741
2 0.5278645833333333 0.5990740740740741 0.06927083333333334 0.13148148148148148
2 0.6880208333333333 0.7675925925925926 0.21145833333333333 0.40555555555555556
2 0.60390625 0.8106481481481482 0.23072916666666665 0.375
2 0.20338541666666665 0.6564814814814816 0.08489583333333334 0.1925925925925926
2 0.2171875 0.8101851851851852 0.203125 0.37777777777777777
2 0.08385416666666666 0.7787037037037038 0.09479166666666666 0.3055555555555556