0 0.75234375 0.5393518518518519 0.01614583333333333 0.04166666666666667
0 0.7671875 0.5342592592592593 0.015625 0.031481481481481485
1 0.7825520833333334 0.5333333333333333 0.0140625 0.031481481481481485
0 0.3341145833333333 0.6962962962962963 0.0390625 0.07777777777777778
0 0.2916666666666667 0.675 0.035416666666666666 0.07222222222222223
1 0.09088541666666666 0.6074074074074074 0.024479166666666666 0.04259259259259259
0 0.07942708333333333 0.575925925925926 0.013020833333333334 0.022222222222222223
0 0.37109375 0.5620370370370371 0.013020833333333334 0.02777777777777778
0 0.3815104166666667 0.5592592592592592 0.0140625 0.02962962962962963
0 0.44296874999999997 0.5620370370370371 0.013020833333333334 0.02777777777777778
1 0.4596354166666667 0.5611111111111111 0.013020833333333334 0.02962962962962963
2 0.44088541666666664 0.6055555555555556 0.0671875 0.1277777777777778
2 0.08203125 0.6236111111111111 0.03697916666666667 0.12314814814814816
2 0.37890625 0.6064814814814815 0.044270833333333336 0.1388888888888889
2 0.35833333333333334 0.8208333333333334 0.22395833333333334 0.3564814814814815
2 0.10026041666666667 0.688425925925926 0.10052083333333334 0.2175925925925926