0 0.06067708333333333 0.7217592592592593 0.0484375 0.08240740740740742
0 0.029166666666666667 0.7138888888888889 0.036458333333333336 0.07777777777777778
0 0.21640625 0.6375000000000001 0.030729166666666665 0.05648148148148149
0 0.24244791666666665 0.6296296296296297 0.0359375 0.061111111111111116
0 0.6502604166666667 0.6722222222222223 0.04635416666666667 0.10740740740740741
0 0.7104166666666667 0.675462962962963 0.05625 0.08796296296296297
0 0.34401041666666665 0.5550925925925926 0.01614583333333333 0.036111111111111115
0 0.33125 0.5611111111111111 0.013541666666666667 0.02592592592592593
1 0.14895833333333333 0.5750000000000001 0.013541666666666667 0.024074074074074074
1 0.13671875 0.5768518518518518 0.0109375 0.022222222222222223
1 0.11875 0.5773148148148148 0.009375 0.021296296296296296
1 0.109375 0.5791666666666667 0.011458333333333333 0.025
0 0.0546875 0.5750000000000001 0.010416666666666666 0.018518518518518517
0 0.046875 0.5828703703703704 0.011458333333333333 0.02314814814814815
2 0.049479166666666664 0.6203703703703703 0.04583333333333333 0.11851851851851852
2 0.13671875 0.6143518518518519 0.04739583333333333 0.11574074074074074
2 0.7515625 0.8171296296296297 0.2916666666666667 0.36203703703703705
2 0.2796875 0.7828703703703704 0.18125 0.3601851851851852
2 0.08489583333333334 0.8375 0.16979166666666667 0.3231481481481482