0 0.26145833333333335 0.5564814814814815 0.03958333333333333 0.06666666666666667
0 0.34348958333333335 0.5800925925925926 0.0359375 0.07685185185185185
0 0.48854166666666665 0.47500000000000003 0.017708333333333333 0.03518518518518519
0 0.8888020833333333 0.43842592592592594 0.019270833333333334 0.030555555555555558
0 0.934375 0.625925925925926 0.052083333333333336 0.0962962962962963
1 0.9083333333333333 0.49259259259259264 0.03229166666666666 0.07037037037037037
1 0.9434895833333333 0.4981481481481482 0.033854166666666664 0.06296296296296297
2 0.4888020833333333 0.525462962962963 0.0765625 0.14722222222222223
2 0.93046875 0.6152777777777778 0.12864583333333332 0.2953703703703704
2 0.8802083333333334 0.5032407407407408 0.1 0.16203703703703703
2 0.3598958333333333 0.7273148148148149 0.19270833333333334 0.3712962962962963
2 0.26796875 0.6768518518518519 0.11614583333333334 0.3