0 0.159375 0.6296296296296297 0.046875 0.07962962962962963
0 0.4356770833333333 0.5939814814814816 0.04010416666666666 0.08611111111111111
0 0.64921875 0.6712962962962963 0.06510416666666667 0.12962962962962962
0 0.46484375 0.4708333333333333 0.018229166666666668 0.03425925925925926
0 0.4796875 0.4851851851851852 0.020833333333333332 0.03518518518518519
0 0.5216145833333333 0.4666666666666667 0.0140625 0.02777777777777778
0 0.5385416666666667 0.4689814814814815 0.011458333333333333 0.030555555555555558
2 0.45807291666666666 0.5407407407407407 0.08697916666666666 0.17407407407407408
2 0.5263020833333333 0.5222222222222223 0.06197916666666667 0.1425925925925926
2 0.4666666666666667 0.7569444444444444 0.21041666666666667 0.41574074074074074
2 0.7057291666666666 0.8023148148148148 0.3020833333333333 0.39351851851851855
2 0.18932291666666667 0.7958333333333334 0.19947916666666665 0.4046296296296297