0 0.434375 0.6092592592592593 0.04583333333333333 0.08148148148148149
0 0.49921875 0.6027777777777777 0.04114583333333333 0.09444444444444444
0 0.9567708333333333 0.45740740740740743 0.03333333333333333 0.05555555555555556
0 0.9864583333333333 0.4513888888888889 0.025 0.05092592592592593
0 0.77109375 0.4537037037037037 0.0265625 0.0462962962962963
0 0.11484375 0.5125000000000001 0.015104166666666667 0.025
0 0.10390624999999999 0.5 0.021354166666666667 0.031481481481481485
0 0.0375 0.49953703703703706 0.0125 0.02314814814814815
2 0.1 0.5513888888888889 0.06041666666666667 0.14166666666666666
2 0.5450520833333333 0.7791666666666667 0.2734375 0.4398148148148148
2 0.7690104166666667 0.5166666666666667 0.09947916666666666 0.1685185185185185
2 0.9346354166666666 0.5532407407407408 0.1296875 0.24351851851851852