0 0.14557291666666666 0.5541666666666667 0.03177083333333333 0.062037037037037036
0 0.12005208333333334 0.5615740740740741 0.0234375 0.04351851851851852
0 0.19322916666666667 0.49212962962962964 0.015625 0.03425925925925926
0 0.4583333333333333 0.4842592592592593 0.020833333333333332 0.03518518518518519
0 0.48359375 0.47824074074074074 0.0203125 0.03981481481481482
1 0.5361979166666666 0.6361111111111112 0.04114583333333333 0.11481481481481481
0 0.6796875 0.5782407407407407 0.04583333333333333 0.075
0 0.7153645833333333 0.45231481481481484 0.018229166666666668 0.026851851851851852
0 0.9106770833333333 0.44537037037037036 0.018229166666666668 0.03518518518518519
0 0.9291666666666667 0.4375 0.021875 0.03796296296296296
0 0.6622395833333333 0.5217592592592593 0.033854166666666664 0.0712962962962963
2 0.19869791666666667 0.538425925925926 0.05677083333333333 0.12314814814814816
2 0.45859374999999997 0.5615740740740741 0.10572916666666667 0.19722222222222224
2 0.71484375 0.5111111111111112 0.07760416666666667 0.13703703703703704
2 0.9041666666666667 0.5097222222222222 0.10625 0.1787037037037037
2 0.7375 0.7648148148148148 0.28125 0.46111111111111114
2 0.16302083333333334 0.6763888888888889 0.14166666666666666 0.30833333333333335
2 0.7020833333333333 0.6870370370370371 0.24791666666666667 0.38703703703703707