0 0.22005208333333334 0.5449074074074074 0.028645833333333332 0.05648148148148149
0 0.4080729166666667 0.549537037037037 0.030729166666666665 0.058333333333333334
0 0.43828125 0.5356481481481482 0.0390625 0.075
0 0.32135416666666666 0.4791666666666667 0.011458333333333333 0.02314814814814815
0 0.7833333333333333 0.44907407407407407 0.016666666666666666 0.037037037037037035
0 0.80546875 0.4449074074074074 0.0234375 0.04351851851851852
2 0.18671875 0.5638888888888889 0.08177083333333333 0.17037037037037037
2 0.3229166666666667 0.525462962962963 0.052083333333333336 0.1212962962962963
2 0.27734375 0.5342592592592593 0.05572916666666666 0.1277777777777778
2 0.46041666666666664 0.6893518518518519 0.20833333333333334 0.3768518518518519
2 0.23619791666666667 0.6574074074074074 0.13697916666666665 0.2796296296296296