0 0.23098958333333333 0.5532407407407408 0.0390625 0.06574074074074074
0 0.054947916666666666 0.49953703703703706 0.0109375 0.019444444444444445
0 0.5822916666666667 0.6041666666666667 0.041666666666666664 0.08240740740740742
0 0.6325520833333333 0.6143518518518519 0.050520833333333334 0.09166666666666667
0 0.76328125 0.5606481481481481 0.0359375 0.08055555555555556
1 0.7325520833333333 0.587037037037037 0.033854166666666664 0.05740740740740741
0 0.7421875 0.4962962962962963 0.03125 0.06666666666666667
0 0.6778645833333333 0.47361111111111115 0.0234375 0.05277777777777778
0 0.7182291666666667 0.48240740740740745 0.026041666666666668 0.06666666666666667
2 0.7270833333333333 0.5675925925925926 0.14166666666666666 0.2351851851851852
2 0.7752604166666667 0.6365740740740741 0.20781249999999998 0.3416666666666667
2 0.7940104166666666 0.7319444444444445 0.2421875 0.41944444444444445
2 0.6822916666666666 0.7828703703703704 0.28854166666666664 0.4324074074074074
2 0.25546875 0.6805555555555556 0.15989583333333332 0.312962962962963