0 0.029947916666666668 0.6166666666666667 0.033854166666666664 0.06851851851851852
0 0.1625 0.5393518518518519 0.03229166666666666 0.05462962962962963
0 0.3729166666666667 0.5611111111111111 0.03854166666666667 0.06666666666666667
0 0.41901041666666666 0.563425925925926 0.04635416666666667 0.07685185185185185
0 0.4986979166666667 0.5393518518518519 0.04010416666666666 0.06574074074074074
0 0.5799479166666667 0.45787037037037037 0.013020833333333334 0.028703703703703703
0 0.6359375 0.4615740740740741 0.017708333333333333 0.036111111111111115
0 0.6559895833333333 0.4537037037037037 0.0171875 0.031481481481481485
2 0.5770833333333333 0.5148148148148148 0.075 0.12962962962962962
2 0.6309895833333333 0.5180555555555556 0.09010416666666667 0.16574074074074074
2 0.5458333333333333 0.6763888888888889 0.17708333333333334 0.33981481481481485
2 0.44635416666666666 0.7148148148148148 0.203125 0.3703703703703704
2 0.1875 0.6449074074074075 0.12083333333333333 0.2601851851851852
2 0.06145833333333333 0.7814814814814816 0.12395833333333334 0.3907407407407408