0 0.59765625 0.5986111111111111 0.05364583333333333 0.09722222222222222
0 0.7059895833333333 0.4527777777777778 0.018229166666666668 0.03888888888888889
0 0.728125 0.45416666666666666 0.01875 0.03425925925925926
0 0.1734375 0.6430555555555556 0.03958333333333333 0.08796296296296297
0 0.1328125 0.5643518518518519 0.036458333333333336 0.07314814814814816
0 0.21588541666666666 0.48842592592592593 0.0140625 0.032407407407407406
0 0.1640625 0.48333333333333334 0.014583333333333334 0.024074074074074074
0 0.153125 0.49212962962962964 0.010416666666666666 0.021296296296296296
2 0.21197916666666666 0.5287037037037037 0.04895833333333333 0.10555555555555556
2 0.15052083333333333 0.5356481481481482 0.059375 0.12314814814814816
2 0.70703125 0.5166666666666667 0.09739583333333333 0.16296296296296298
2 0.6434895833333333 0.7782407407407408 0.2671875 0.4416666666666667
2 0.14635416666666667 0.6662037037037037 0.11979166666666667 0.2675925925925926
2 0.19973958333333333 0.8013888888888889 0.20052083333333334 0.39537037037037037