0 0.011458333333333333 0.6092592592592593 0.021875 0.07592592592592592
1 0.24739583333333334 0.6638888888888889 0.040625 0.10555555555555556
0 0.2864583333333333 0.5226851851851853 0.026041666666666668 0.05092592592592593
0 0.2296875 0.4851851851851852 0.01875 0.02777777777777778
0 0.24661458333333333 0.48750000000000004 0.015104166666666667 0.032407407407407406
0 0.16640625 0.5796296296296296 0.030729166666666665 0.06296296296296297
0 0.13645833333333332 0.5643518518518519 0.029166666666666667 0.06018518518518519
1 0.08307291666666666 0.5171296296296296 0.01614583333333333 0.03425925925925926
0 0.2609375 0.5370370370370371 0.022916666666666665 0.04814814814814815
0 0.7807291666666667 0.5750000000000001 0.04583333333333333 0.08518518518518518
0 0.8416666666666667 0.5875 0.052083333333333336 0.09537037037037037
0 0.8078124999999999 0.5189814814814815 0.03125 0.07314814814814816
2 0.23671875 0.5351851851851852 0.059895833333333336 0.1277777777777778
2 0.8354166666666667 0.6777777777777778 0.22708333333333333 0.3685185185185185
2 0.87265625 0.7662037037037037 0.25364583333333335 0.46574074074074073
2 0.31484375 0.6421296296296296 0.14739583333333334 0.27870370370370373
2 0.09609375 0.5958333333333333 0.07552083333333333 0.19166666666666668
2 0.18776041666666665 0.6939814814814815 0.1671875 0.33055555555555555
2 0.05182291666666666 0.763425925925926 0.1046875 0.3805555555555556