1 0.5713541666666666 0.5486111111111112 0.013541666666666667 0.036111111111111115
1 0.5869791666666666 0.5523148148148148 0.016666666666666666 0.030555555555555558
1 0.2708333333333333 0.5689814814814815 0.020833333333333332 0.032407407407407406
0 0.12578125 0.6337962962962963 0.033854166666666664 0.05648148148148149
1 0.05130208333333333 0.5819444444444445 0.015104166666666667 0.030555555555555558
0 0.13177083333333334 0.576388888888889 0.010416666666666666 0.032407407407407406
0 0.14713541666666666 0.5768518518518518 0.0171875 0.02592592592592593
2 0.05026041666666667 0.6324074074074074 0.05677083333333333 0.13518518518518519
2 0.13125 0.6231481481481481 0.06041666666666667 0.12962962962962962
2 0.2638020833333333 0.6273148148148149 0.07864583333333333 0.15833333333333333
2 0.56796875 0.6162037037037037 0.09322916666666667 0.17314814814814816
2 0.14817708333333332 0.7546296296296297 0.15364583333333334 0.30185185185185187