0 0.015104166666666667 0.5990740740740741 0.021875 0.040740740740740744
0 0.04296875 0.6064814814814815 0.022395833333333334 0.040740740740740744
0 0.12838541666666667 0.6300925925925926 0.0296875 0.06018518518518519
1 0.3458333333333333 0.5939814814814816 0.021875 0.04166666666666667
0 0.37578125 0.5819444444444445 0.027604166666666666 0.04722222222222222
0 0.9328124999999999 0.6541666666666667 0.05 0.10833333333333334
0 0.9872395833333333 0.5231481481481481 0.0234375 0.08703703703703704
0 0.98984375 0.6546296296296297 0.018229166666666668 0.08703703703703704
0 0.10703125 0.576388888888889 0.0078125 0.017592592592592594
2 0.10677083333333333 0.6148148148148148 0.04375 0.10555555555555556
2 0.3924479166666667 0.6712962962962963 0.13385416666666666 0.22592592592592595
2 0.14322916666666666 0.7472222222222222 0.13125 0.2962962962962963
2 0.053125 0.6805555555555556 0.10729166666666666 0.2111111111111111