0 0.01640625 0.5833333333333334 0.0078125 0.014814814814814815
0 0.16145833333333334 0.6574074074074074 0.030208333333333334 0.061111111111111116
0 0.19947916666666665 0.6652777777777779 0.029166666666666667 0.0712962962962963
0 0.22109375 0.6018518518518519 0.018229166666666668 0.04259259259259259
0 0.24296874999999998 0.6027777777777777 0.0234375 0.05
1 0.3494791666666667 0.6212962962962963 0.02395833333333333 0.05555555555555556
0 0.3921875 0.6212962962962963 0.030208333333333334 0.05555555555555556
1 0.36822916666666666 0.6342592592592593 0.020833333333333332 0.0462962962962963
0 0.8875 0.5569444444444445 0.03229166666666666 0.075
0 0.9328124999999999 0.563425925925926 0.03333333333333333 0.062037037037037036
2 0.9299479166666667 0.6847222222222222 0.1390625 0.31574074074074077
2 0.4080729166666667 0.7268518518518519 0.15885416666666666 0.2740740740740741
2 0.2578125 0.6953703703703704 0.1125 0.23333333333333334
2 0.22083333333333333 0.8023148148148148 0.184375 0.3675925925925926