0 0.21458333333333332 0.5888888888888889 0.03333333333333333 0.07037037037037037
0 0.2544270833333333 0.5907407407407408 0.0359375 0.07592592592592592
0 0.32395833333333335 0.549074074074074 0.030208333333333334 0.06666666666666667
0 0.6372395833333333 0.5476851851851852 0.0390625 0.07685185185185185
0 0.8286458333333333 0.487962962962963 0.014583333333333334 0.02592592592592593
0 0.8020833333333334 0.4962962962962963 0.01875 0.02962962962962963
0 0.44453125 0.4916666666666667 0.021354166666666667 0.03518518518518519
2 0.6622395833333333 0.6824074074074075 0.1953125 0.3388888888888889
2 0.35625 0.6782407407407408 0.14479166666666665 0.32685185185185184
2 0.7942708333333334 0.5550925925925926 0.103125 0.1675925925925926
2 0.28203125 0.7236111111111111 0.1765625 0.3490740740740741