0 0.5518229166666666 0.6087962962962963 0.0421875 0.08240740740740742
0 0.665625 0.48842592592592593 0.020833333333333332 0.03796296296296296
0 0.26848958333333334 0.5657407407407408 0.03177083333333333 0.05925925925925926
0 0.24348958333333334 0.5750000000000001 0.024479166666666666 0.05
1 0.15338541666666666 0.5430555555555556 0.0265625 0.049074074074074076
0 0.12864583333333332 0.538425925925926 0.021875 0.04166666666666667
0 0.11796875 0.5212962962962964 0.022395833333333334 0.044444444444444446
2 0.6614583333333334 0.5578703703703703 0.1 0.1787037037037037
2 0.5880208333333333 0.7842592592592593 0.23958333333333334 0.4222222222222222
2 0.2994791666666667 0.687962962962963 0.16041666666666665 0.30185185185185187
2 0.16875 0.6513888888888889 0.12916666666666665 0.27314814814814814
2 0.09505208333333333 0.6125 0.05677083333333333 0.23055555555555557