0 0.5182291666666666 0.6097222222222223 0.028125 0.0712962962962963
0 0.5497395833333333 0.6212962962962963 0.04114583333333333 0.07777777777777778
1 0.24687499999999998 0.6796296296296297 0.041666666666666664 0.07592592592592592
1 0.2598958333333333 0.7546296296296297 0.028125 0.04259259259259259
1 0.20807291666666666 0.6810185185185186 0.0296875 0.06018518518518519
1 0.17604166666666665 0.6814814814814815 0.030208333333333334 0.05740740740740741
1 0.015885416666666666 0.6601851851851852 0.028645833333333332 0.05925925925925926
0 0.14192708333333334 0.576388888888889 0.0140625 0.026851851851851852
1 0.15651041666666665 0.575462962962963 0.01614583333333333 0.028703703703703703
2 0.15677083333333333 0.6231481481481481 0.04895833333333333 0.12037037037037038
2 0.1453125 0.6273148148148149 0.06770833333333333 0.13611111111111113
2 0.5833333333333334 0.7555555555555555 0.19479166666666667 0.3574074074074074
2 0.25807291666666665 0.8199074074074074 0.2109375 0.3564814814814815
2 0.05286458333333333 0.7819444444444444 0.10260416666666666 0.2990740740740741