0 0.026822916666666665 0.5087962962962963 0.013020833333333334 0.03796296296296296
0 0.04244791666666667 0.5050925925925926 0.018229166666666668 0.032407407407407406
0 0.30416666666666664 0.4851851851851852 0.020833333333333332 0.044444444444444446
0 0.33151041666666664 0.5013888888888889 0.0234375 0.049074074074074076
0 0.35885416666666664 0.48703703703703705 0.021875 0.05
0 0.5153645833333333 0.47962962962962963 0.022395833333333334 0.044444444444444446
0 0.5583333333333333 0.47824074074074074 0.022916666666666665 0.05092592592592593
0 0.5903645833333333 0.4800925925925926 0.0265625 0.05462962962962963
2 0.03177083333333333 0.575462962962963 0.059375 0.17314814814814816
2 0.5125 0.563425925925926 0.11354166666666667 0.20092592592592592
2 0.3046875 0.5662037037037038 0.08541666666666667 0.19907407407407407
2 0.32708333333333334 0.575925925925926 0.11041666666666666 0.22037037037037038
2 0.5546875 0.5745370370370371 0.13645833333333332 0.24537037037037038
2 0.5609375 0.524537037037037 0.06979166666666667 0.16018518518518518
2 0.0375 0.5546296296296297 0.03854166666666667 0.12592592592592594