0 0.15234375 0.5046296296296297 0.0171875 0.040740740740740744
0 0.04140625 0.5032407407407408 0.0203125 0.028703703703703703
0 0.17057291666666666 0.4986111111111111 0.0171875 0.036111111111111115
0 0.31979166666666664 0.49583333333333335 0.020833333333333332 0.04351851851851852
0 0.2989583333333333 0.6236111111111111 0.04583333333333333 0.07314814814814816
0 0.34791666666666665 0.6268518518518519 0.046875 0.08703703703703704
0 0.340625 0.49444444444444446 0.020833333333333332 0.0462962962962963
0 0.3020833333333333 0.4916666666666667 0.020833333333333332 0.044444444444444446
0 0.51171875 0.48379629629629634 0.022395833333333334 0.04166666666666667
0 0.5611979166666666 0.46851851851851856 0.0140625 0.03518518518518519
1 0.57265625 0.4842592592592593 0.01614583333333333 0.02962962962962963
0 0.58515625 0.45972222222222225 0.018229166666666668 0.032407407407407406
0 0.65234375 0.4675925925925926 0.0234375 0.0462962962962963
2 0.5114583333333333 0.562962962962963 0.1125 0.20185185185185187
2 0.3026041666666667 0.5662037037037038 0.08645833333333333 0.19907407407407407
2 0.15338541666666666 0.5750000000000001 0.07447916666666667 0.1962962962962963
2 0.3171875 0.5796296296296296 0.10208333333333333 0.21851851851851853
2 0.6354166666666666 0.5388888888888889 0.078125 0.18888888888888888
2 0.38229166666666664 0.788425925925926 0.23958333333333334 0.42129629629629634
2 0.5609375 0.5240740740740741 0.06979166666666667 0.15925925925925927
2 0.03723958333333333 0.5546296296296297 0.03802083333333333 0.12592592592592594