0 0.04921875 0.5055555555555555 0.0171875 0.04259259259259259
0 0.06901041666666667 0.49722222222222223 0.0171875 0.03333333333333333
0 0.17317708333333334 0.5037037037037038 0.0171875 0.03888888888888889
0 0.18932291666666667 0.49768518518518523 0.021354166666666667 0.03796296296296296
0 0.30390625 0.4912037037037037 0.021354166666666667 0.03981481481481482
0 0.5114583333333333 0.4814814814814815 0.022916666666666665 0.0462962962962963
0 0.6098958333333333 0.4851851851851852 0.028125 0.053703703703703705
0 0.5674479166666666 0.46620370370370373 0.01614583333333333 0.03425925925925926
0 0.5880208333333333 0.4620370370370371 0.015625 0.037037037037037035
1 0.5760416666666667 0.4810185185185185 0.010416666666666666 0.028703703703703703
0 0.04114583333333333 0.5041666666666667 0.0125 0.021296296296296296
2 0.5106770833333333 0.5625 0.1109375 0.20092592592592592
2 0.30052083333333335 0.5662037037037038 0.0875 0.19907407407407407
2 0.054427083333333334 0.5731481481481482 0.06510416666666667 0.17592592592592593
2 0.175 0.5796296296296296 0.08020833333333333 0.1962962962962963
2 0.6036458333333333 0.575462962962963 0.14583333333333334 0.23611111111111113
2 0.5611979166666666 0.5236111111111111 0.0703125 0.15833333333333333
2 0.03723958333333333 0.5546296296296297 0.03802083333333333 0.12592592592592594