0 0.026041666666666668 0.5125000000000001 0.016666666666666666 0.032407407407407406
0 0.04505208333333333 0.5087962962962963 0.0203125 0.03425925925925926
0 0.24270833333333333 0.5074074074074074 0.01875 0.037037037037037035
0 0.30494791666666665 0.48888888888888893 0.018229166666666668 0.031481481481481485
0 0.4979166666666667 0.4810185185185185 0.019791666666666666 0.03425925925925926
0 0.5671875 0.46574074074074073 0.014583333333333334 0.02777777777777778
0 0.5888020833333333 0.4601851851851852 0.0140625 0.03333333333333333
1 0.57578125 0.4763888888888889 0.009895833333333333 0.025
2 0.4979166666666667 0.563425925925926 0.11354166666666667 0.20092592592592592
2 0.2986979166666667 0.5662037037037038 0.08802083333333333 0.19907407407407407
2 0.03828125 0.576388888888889 0.0734375 0.17500000000000002
2 0.24010416666666667 0.5888888888888889 0.11562499999999999 0.20740740740740743
2 0.5614583333333333 0.5231481481481481 0.07083333333333333 0.1574074074074074
2 0.03697916666666667 0.5546296296296297 0.0375 0.12592592592592594