0 0.2828125 0.6689814814814815 0.036458333333333336 0.08240740740740742
0 0.32395833333333335 0.6893518518518519 0.03854166666666667 0.06944444444444445
0 0.5161458333333333 0.6287037037037038 0.036458333333333336 0.06666666666666667
0 0.7598958333333333 0.6787037037037037 0.042708333333333334 0.08518518518518518
0 0.81640625 0.7101851851851853 0.049479166666666664 0.10185185185185186
0 0.8302083333333333 0.6523148148148148 0.04583333333333333 0.08425925925925926
0 0.87578125 0.5675925925925926 0.04010416666666666 0.07222222222222223
2 0.921875 0.688425925925926 0.14791666666666667 0.2953703703703704
2 0.9020833333333333 0.8111111111111111 0.19479166666666667 0.37592592592592594
2 0.8466145833333333 0.8175925925925926 0.2765625 0.3611111111111111
2 0.5541666666666667 0.7583333333333334 0.1875 0.3314814814814815
2 0.3625 0.8185185185185185 0.21562499999999998 0.3611111111111111