0 0.1828125 0.6310185185185185 0.03125 0.0712962962962963
0 0.26979166666666665 0.6194444444444445 0.026041666666666668 0.04814814814814815
1 0.2677083333333333 0.6537037037037037 0.027083333333333334 0.06296296296296297
1 0.33229166666666665 0.6652777777777779 0.036458333333333336 0.08055555555555556
1 0.3046875 0.6699074074074074 0.027083333333333334 0.05462962962962963
0 0.9372395833333333 0.6199074074074075 0.043229166666666666 0.0787037037037037
1 0.9796874999999999 0.6898148148148149 0.03854166666666667 0.08888888888888889
2 0.9046875 0.7824074074074074 0.11875 0.4
2 0.2747395833333333 0.7287037037037037 0.06822916666666666 0.26481481481481484
2 0.3567708333333333 0.8074074074074075 0.21875 0.38333333333333336
2 0.19583333333333333 0.7689814814814815 0.13958333333333334 0.33981481481481485