0 0.20729166666666665 0.6245370370370371 0.034375 0.05648148148148149
0 0.24401041666666667 0.6953703703703704 0.04114583333333333 0.07592592592592592
1 0.9445312499999999 0.6162037037037037 0.033854166666666664 0.0712962962962963
1 0.60859375 0.5513888888888889 0.009895833333333333 0.02314814814814815
1 0.61875 0.5518518518518519 0.009375 0.022222222222222223
1 0.6333333333333333 0.5527777777777778 0.014583333333333334 0.024074074074074074
1 0.6716145833333333 0.5453703703703704 0.018229166666666668 0.037037037037037035
1 0.6903645833333333 0.5481481481481482 0.0203125 0.03333333333333333
2 0.60859375 0.600462962962963 0.0765625 0.13796296296296298
2 0.6658854166666667 0.6055555555555556 0.08697916666666666 0.1537037037037037
2 0.19427083333333334 0.7467592592592592 0.07083333333333333 0.2953703703703704
2 0.26901041666666664 0.825462962962963 0.1953125 0.3453703703703704