0 0.17135416666666667 0.6347222222222223 0.03125 0.05277777777777778
0 0.20052083333333334 0.6416666666666667 0.030208333333333334 0.05555555555555556
0 0.19947916666666665 0.7097222222222223 0.04479166666666667 0.08055555555555556
0 0.2552083333333333 0.7092592592592593 0.04583333333333333 0.07592592592592592
0 0.39088541666666665 0.6143518518518519 0.03697916666666667 0.0638888888888889
0 0.41640625 0.6148148148148148 0.03697916666666667 0.06296296296296297
1 0.2359375 0.5699074074074074 0.011458333333333333 0.028703703703703703
1 0.24713541666666666 0.5731481481481482 0.0109375 0.02592592592592593
1 0.26640625 0.5712962962962963 0.008854166666666666 0.020370370370370372
1 0.27630208333333334 0.5699074074074074 0.011979166666666666 0.021296296296296296
2 0.2703125 0.6129629629629629 0.052083333333333336 0.11481481481481481
2 0.23619791666666667 0.6199074074074075 0.05572916666666666 0.125
2 0.440625 0.7347222222222223 0.16666666666666666 0.30462962962962964
2 0.18854166666666666 0.7648148148148148 0.096875 0.31851851851851853
2 0.27578125 0.8333333333333334 0.22239583333333332 0.32962962962962966