0 0.13125 0.5949074074074074 0.020833333333333332 0.04722222222222222
0 0.11302083333333333 0.5962962962962963 0.017708333333333333 0.04259259259259259
0 0.14244791666666667 0.5717592592592593 0.01614583333333333 0.026851851851851852
0 0.653125 0.5601851851851852 0.021875 0.05
0 0.6963541666666666 0.5597222222222222 0.026041666666666668 0.049074074074074076
1 0.6729166666666666 0.5782407407407407 0.017708333333333333 0.030555555555555558
1 0.8932291666666666 0.538425925925926 0.015625 0.03981481481481482
1 0.9130208333333333 0.5347222222222222 0.01875 0.036111111111111115
2 0.1390625 0.6231481481481481 0.05520833333333333 0.12037037037037038
2 0.88515625 0.5986111111111111 0.11302083333333333 0.17314814814814816
2 0.7192708333333333 0.6601851851851852 0.1625 0.25
2 0.14713541666666666 0.6837962962962963 0.1015625 0.22685185185185186