1 0.06796875 0.6236111111111111 0.021354166666666667 0.04537037037037037
0 0.08854166666666667 0.6175925925925926 0.025 0.05
0 0.18229166666666666 0.6449074074074075 0.021875 0.058333333333333334
1 0.2171875 0.6365740740740741 0.022916666666666665 0.06018518518518519
1 0.23802083333333332 0.674537037037037 0.03229166666666666 0.05648148148148149
1 0.3653645833333333 0.5638888888888889 0.0109375 0.024074074074074074
1 0.3809895833333333 0.5638888888888889 0.011979166666666666 0.024074074074074074
1 0.73828125 0.7773148148148148 0.03802083333333333 0.10462962962962963
0 0.6169270833333333 0.7180555555555556 0.050520833333333334 0.10277777777777779
0 0.696875 0.725925925925926 0.06458333333333333 0.10370370370370371
0 0.028906249999999998 0.5750000000000001 0.013020833333333334 0.02777777777777778
2 0.36354166666666665 0.6143518518518519 0.06875 0.13796296296296298
2 0.7213541666666666 0.8351851851851853 0.3020833333333333 0.3277777777777778
2 0.23776041666666667 0.7587962962962963 0.15572916666666667 0.2972222222222222
2 0.10130208333333333 0.7106481481481481 0.11302083333333333 0.23611111111111113