0 0.05546875 0.6685185185185185 0.022395833333333334 0.06851851851851852
1 0.08463541666666667 0.6731481481481482 0.0328125 0.06851851851851852
1 0.17994791666666665 0.5773148148148148 0.011979166666666666 0.026851851851851852
1 0.19713541666666667 0.5703703703703704 0.013020833333333334 0.020370370370370372
1 0.3770833333333333 0.5597222222222222 0.009375 0.02314814814814815
1 0.35885416666666664 0.5615740740740741 0.010416666666666666 0.02314814814814815
0 0.32734375 0.6171296296296297 0.03177083333333333 0.062037037037037036
1 0.45468749999999997 0.6509259259259259 0.03125 0.06481481481481481
1 0.5028645833333333 0.663425925925926 0.03697916666666667 0.06574074074074074
1 0.7380208333333333 0.5717592592592593 0.021875 0.04537037037037037
1 0.7604166666666666 0.5736111111111112 0.019791666666666666 0.04722222222222222
0 0.7830729166666667 0.5532407407407408 0.030729166666666665 0.06018518518518519
0 0.9166666666666666 0.5814814814814815 0.03333333333333333 0.06666666666666667
0 0.9677083333333333 0.5819444444444445 0.0375 0.07685185185185185
2 0.36223958333333334 0.6134259259259259 0.05260416666666667 0.13796296296296298
2 0.8041666666666667 0.6662037037037037 0.178125 0.27685185185185185
2 0.9367187499999999 0.7199074074074074 0.12552083333333333 0.34351851851851856
2 0.5338541666666666 0.8083333333333333 0.21666666666666667 0.3814814814814815
2 0.3536458333333333 0.7453703703703703 0.16041666666666665 0.3277777777777778
2 0.10234375 0.8175925925925926 0.15677083333333333 0.362962962962963
2 0.18020833333333333 0.6171296296296297 0.05625 0.12314814814814816