0 0.73828125 0.4949074074074074 0.018229166666666668 0.032407407407407406
0 0.7598958333333333 0.48842592592592593 0.014583333333333334 0.03796296296296296
1 0.4036458333333333 0.6319444444444444 0.053125 0.0787037037037037
0 0.3893229166666667 0.48750000000000004 0.018229166666666668 0.030555555555555558
0 0.14296875 0.4949074074074074 0.015104166666666667 0.026851851851851852
0 0.12734375 0.4953703703703704 0.0140625 0.03333333333333333
0 0.01015625 0.5745370370370371 0.021354166666666667 0.05277777777777778
2 0.12734375 0.5407407407407407 0.0546875 0.11851851851851852
2 0.39166666666666666 0.5472222222222223 0.07604166666666666 0.1462962962962963
2 0.7341145833333333 0.5532407407407408 0.09635416666666667 0.1638888888888889
2 0.43776041666666665 0.7939814814814815 0.2505208333333333 0.4101851851851852