0 0.22760416666666666 0.37453703703703706 0.013541666666666667 0.032407407407407406
0 0.20364583333333333 0.47222222222222227 0.03125 0.05925925925925926
0 0.19947916666666665 0.4203703703703704 0.02395833333333333 0.053703703703703705
0 0.6255208333333333 0.4486111111111111 0.03125 0.06574074074074074
0 0.6541666666666667 0.4615740740740741 0.036458333333333336 0.07314814814814816
1 0.6833333333333333 0.4189814814814815 0.03229166666666666 0.05648148148148149
1 0.71484375 0.4398148148148148 0.028645833333333332 0.05555555555555556
0 0.8856770833333333 0.537962962962963 0.059895833333333336 0.10925925925925926
1 0.8078124999999999 0.5583333333333333 0.03125 0.07592592592592592
1 0.8356770833333333 0.5768518518518518 0.03177083333333333 0.07222222222222223
2 0.22369791666666666 0.4277777777777778 0.05677083333333333 0.1277777777777778
2 0.7223958333333333 0.5375 0.16875 0.31203703703703706
2 0.68828125 0.6055555555555556 0.21197916666666666 0.37592592592592594
2 0.8721354166666666 0.7314814814814815 0.2546875 0.49444444444444446
2 0.2140625 0.5023148148148149 0.134375 0.28425925925925927
2 0.22838541666666667 0.6273148148148149 0.17447916666666666 0.3675925925925926