0 0.0203125 0.4430555555555556 0.030208333333333334 0.058333333333333334
0 0.06484375 0.48703703703703705 0.034895833333333334 0.06851851851851852
0 0.09869791666666666 0.48703703703703705 0.03802083333333333 0.07037037037037037
0 0.3341145833333333 0.48333333333333334 0.04010416666666666 0.05925925925925926
0 0.37265625 0.45972222222222225 0.04114583333333333 0.08055555555555556
0 0.6963541666666666 0.5856481481481481 0.05520833333333333 0.11018518518518519
0 0.74453125 0.4518518518518519 0.04739583333333333 0.07407407407407407
2 0.7611979166666667 0.5981481481481482 0.21197916666666666 0.35555555555555557
2 0.39348958333333334 0.6231481481481481 0.19635416666666666 0.38333333333333336
2 0.7453125 0.7625000000000001 0.3385416666666667 0.47314814814814815
2 0.11927083333333333 0.6550925925925927 0.18333333333333332 0.3990740740740741