0 0.0921875 0.55 0.03958333333333333 0.08518518518518518
0 0.13255208333333332 0.5541666666666667 0.043229166666666666 0.08611111111111111
0 0.13854166666666667 0.4064814814814815 0.02395833333333333 0.053703703703703705
0 0.165625 0.4134259259259259 0.026041666666666668 0.049074074074074076
0 0.20052083333333334 0.4175925925925926 0.025 0.05
1 0.22005208333333334 0.45972222222222225 0.024479166666666666 0.04166666666666667
0 0.2604166666666667 0.47500000000000003 0.035416666666666666 0.07407407407407407
0 0.29296875 0.4814814814814815 0.028645833333333332 0.061111111111111116
0 0.32786458333333335 0.45925925925925926 0.03802083333333333 0.06666666666666667
0 0.5190104166666667 0.3819444444444445 0.0171875 0.032407407407407406
0 0.7520833333333333 0.5203703703703704 0.06354166666666666 0.10555555555555556
0 0.83203125 0.5240740740740741 0.0546875 0.1
0 0.86953125 0.49444444444444446 0.0421875 0.08518518518518518
2 0.51484375 0.43703703703703706 0.07135416666666666 0.13703703703703704
2 0.9234375 0.6666666666666667 0.15208333333333332 0.4222222222222222
2 0.8458333333333333 0.7393518518518519 0.3072916666666667 0.5194444444444445
2 0.15677083333333333 0.49722222222222223 0.065625 0.22222222222222224
2 0.19427083333333334 0.5032407407407408 0.08125 0.20462962962962963
2 0.3567708333333333 0.5986111111111111 0.16041666666666665 0.33055555555555555
2 0.2875 0.6342592592592593 0.18229166666666666 0.3851851851851852
2 0.17369791666666667 0.7550925925925926 0.23177083333333334 0.487962962962963