0 0.09270833333333334 0.6439814814814815 0.041666666666666664 0.08981481481481482
0 0.3263020833333333 0.6046296296296296 0.0453125 0.07407407407407407
0 0.65859375 0.4916666666666667 0.030729166666666665 0.044444444444444446
0 0.9098958333333333 0.46990740740740744 0.02395833333333333 0.04722222222222222
0 0.7338541666666667 0.6217592592592592 0.057291666666666664 0.09907407407407408
0 0.7567708333333333 0.5708333333333333 0.04375 0.08796296296296297
0 0.8036458333333333 0.6268518518518519 0.07291666666666667 0.11666666666666667
2 0.6572916666666666 0.563425925925926 0.10833333333333334 0.18981481481481483
2 0.8997395833333334 0.5606481481481481 0.13489583333333333 0.22685185185185186
2 0.75234375 0.7199074074074074 0.16302083333333334 0.3787037037037037
2 0.85 0.7837962962962963 0.2989583333333333 0.4305555555555556
2 0.36484375 0.7592592592592593 0.20052083333333334 0.4
2 0.14401041666666667 0.7958333333333334 0.14322916666666666 0.4064814814814815