1 0.06380208333333333 0.5101851851851852 0.022395833333333334 0.03518518518518519
0 0.11067708333333333 0.5819444444444445 0.027604166666666666 0.058333333333333334
0 0.14635416666666667 0.5828703703703704 0.028125 0.0638888888888889
0 0.17109375 0.5074074074074074 0.018229166666666668 0.044444444444444446
0 0.22708333333333333 0.5064814814814815 0.017708333333333333 0.0462962962962963
0 0.24895833333333334 0.49259259259259264 0.010416666666666666 0.024074074074074074
0 0.23984375 0.4981481481481482 0.0109375 0.02592592592592593
0 0.19375 0.5027777777777778 0.0125 0.02592592592592593
1 0.2643229166666667 0.500925925925926 0.011979166666666666 0.022222222222222223
2 0.06536458333333334 0.575925925925926 0.0640625 0.16296296296296298
2 0.17213541666666665 0.5782407407407407 0.06927083333333334 0.1675925925925926
2 0.22734374999999998 0.5750000000000001 0.08072916666666667 0.18333333333333335
2 0.15494791666666666 0.6967592592592593 0.1296875 0.2990740740740741