1 0.06458333333333333 0.5166666666666667 0.021875 0.03518518518518519
0 0.3177083333333333 0.576388888888889 0.03125 0.05648148148148149
0 0.27109375 0.49722222222222223 0.013020833333333334 0.024074074074074074
0 0.22604166666666667 0.5060185185185185 0.015625 0.036111111111111115
0 0.17213541666666665 0.5157407407407407 0.015104166666666667 0.03518518518518519
0 0.15286458333333333 0.500925925925926 0.008854166666666666 0.020370370370370372
0 0.196875 0.4986111111111111 0.010416666666666666 0.015740740740740743
0 0.21119791666666665 0.5064814814814815 0.009895833333333333 0.018518518518518517
0 0.25807291666666665 0.500462962962963 0.0109375 0.025
0 0.3138020833333333 0.4902777777777778 0.013020833333333334 0.026851851851851852
2 0.06510416666666667 0.575925925925926 0.06458333333333333 0.16296296296296298
2 0.17265625 0.5782407407407407 0.06927083333333334 0.1675925925925926
2 0.22734374999999998 0.575462962962963 0.08072916666666667 0.18425925925925926
2 0.3377604166666667 0.7018518518518518 0.16197916666666667 0.31666666666666665
2 0.30052083333333335 0.5435185185185185 0.04791666666666666 0.14074074074074075