0 0.06666666666666667 0.5671296296296297 0.03125 0.04722222222222222
0 0.06536458333333334 0.513425925925926 0.018229166666666668 0.036111111111111115
0 0.13255208333333332 0.6050925925925926 0.030729166666666665 0.062037037037037036
0 0.16067708333333333 0.538425925925926 0.0265625 0.05092592592592593
0 0.17291666666666666 0.5087962962962963 0.01875 0.032407407407407406
0 0.12239583333333333 0.5064814814814815 0.015625 0.037037037037037035
0 0.228125 0.5037037037037038 0.022916666666666665 0.037037037037037035
0 0.35260416666666666 0.5583333333333333 0.03333333333333333 0.06296296296296297
0 0.42526041666666664 0.5402777777777777 0.024479166666666666 0.05277777777777778
0 0.45338541666666665 0.549074074074074 0.0265625 0.05555555555555556
0 0.5286458333333334 0.6722222222222223 0.051041666666666666 0.09814814814814815
0 0.59765625 0.649537037037037 0.05364583333333333 0.09722222222222222
2 0.06536458333333334 0.575925925925926 0.0640625 0.16296296296296298
2 0.17265625 0.5782407407407407 0.06927083333333334 0.1675925925925926
2 0.22708333333333333 0.576388888888889 0.08020833333333333 0.18611111111111112
2 0.47291666666666665 0.6523148148148148 0.13125 0.28055555555555556
2 0.6489583333333333 0.7962962962962963 0.3 0.40555555555555556
2 0.36328125 0.6898148148148149 0.15989583333333332 0.32962962962962966
2 0.18958333333333333 0.637962962962963 0.09375 0.24074074074074076
2 0.15625 0.7342592592592593 0.14791666666666667 0.34074074074074073
2 0.06354166666666666 0.6657407407407407 0.08125 0.26481481481481484