0 0.06380208333333333 0.5078703703703704 0.0234375 0.03796296296296296
0 0.16484375 0.5157407407407407 0.022395833333333334 0.037037037037037035
0 0.22526041666666666 0.5046296296296297 0.019270833333333334 0.03333333333333333
0 0.29635416666666664 0.4916666666666667 0.015625 0.03333333333333333
0 0.8859374999999999 0.46851851851851856 0.015625 0.02962962962962963
0 0.90859375 0.46944444444444444 0.0171875 0.037037037037037035
0 0.7411458333333333 0.6486111111111111 0.06041666666666667 0.10833333333333334
0 0.5796875 0.5810185185185185 0.05416666666666667 0.0787037037037037
0 0.5143229166666666 0.55 0.0296875 0.06666666666666667
0 0.48541666666666666 0.5458333333333334 0.035416666666666666 0.06574074074074074
0 0.3221354166666667 0.4953703703703704 0.0109375 0.020370370370370372
0 0.33567708333333335 0.49583333333333335 0.0109375 0.025
0 0.3455729166666667 0.4967592592592593 0.013020833333333334 0.021296296296296296
2 0.06588541666666667 0.5768518518518518 0.0640625 0.16296296296296298
2 0.17317708333333334 0.5782407407407407 0.06927083333333334 0.1675925925925926
2 0.22708333333333333 0.576388888888889 0.08020833333333333 0.18611111111111112
2 0.890625 0.5263888888888889 0.08020833333333333 0.1564814814814815
2 0.7848958333333333 0.7976851851851852 0.325 0.40092592592592596
2 0.6046875 0.7236111111111111 0.19791666666666666 0.36203703703703705
2 0.50234375 0.6638888888888889 0.11822916666666666 0.29814814814814816