0 0.02421875 0.4962962962962963 0.034895833333333334 0.07222222222222223
0 0.06744791666666666 0.5171296296296296 0.04010416666666666 0.07685185185185185
0 0.039322916666666666 0.41712962962962963 0.028645833333333332 0.05277777777777778
0 0.07526041666666666 0.4236111111111111 0.025520833333333333 0.05648148148148149
0 0.14869791666666665 0.46342592592592596 0.025520833333333333 0.06759259259259259
0 0.18463541666666666 0.45555555555555555 0.0296875 0.05
0 0.3536458333333333 0.47500000000000003 0.042708333333333334 0.07592592592592592
0 0.5091145833333334 0.43472222222222223 0.027604166666666666 0.05648148148148149
0 0.6541666666666667 0.575925925925926 0.059375 0.11666666666666667
0 0.6645833333333333 0.4949074074074074 0.04895833333333333 0.10648148148148148
1 0.7036458333333333 0.5041666666666667 0.041666666666666664 0.0787037037037037
2 0.7395833333333334 0.6865740740740741 0.2739583333333333 0.47314814814814815
2 0.6997395833333333 0.7546296296296297 0.3494791666666667 0.48703703703703705
2 0.5341145833333333 0.5675925925925926 0.17239583333333333 0.3314814814814815
2 0.3651041666666667 0.6351851851851852 0.19375 0.40185185185185185
2 0.20104166666666667 0.576388888888889 0.14479166666666665 0.30462962962962964
2 0.09557291666666666 0.6916666666666667 0.19010416666666666 0.46481481481481485
2 0.07864583333333333 0.5050925925925926 0.11562499999999999 0.23240740740740742