0 0.028906249999999998 0.4375 0.028645833333333332 0.04722222222222222
0 0.0078125 0.44027777777777777 0.015625 0.05277777777777778
0 0.5192708333333333 0.48240740740740745 0.04375 0.1
0 0.5684895833333333 0.49722222222222223 0.044270833333333336 0.08888888888888889
0 0.5986979166666666 0.3805555555555556 0.0171875 0.03333333333333333
0 0.75625 0.38333333333333336 0.01875 0.03518518518518519
0 0.7723958333333333 0.3791666666666667 0.01875 0.03796296296296296
0 0.9708333333333333 0.5550925925925926 0.05625 0.125
2 0.5934895833333333 0.44537037037037036 0.0890625 0.16111111111111112
2 0.75546875 0.44212962962962965 0.09114583333333333 0.1564814814814815
2 0.9182291666666667 0.750925925925926 0.1625 0.49444444444444446
2 0.59609375 0.6578703703703704 0.23802083333333332 0.4416666666666667
2 0.05651041666666667 0.5458333333333334 0.1109375 0.275