0 0.03411458333333333 0.5796296296296296 0.0109375 0.016666666666666666
0 0.2559895833333333 0.5662037037037038 0.0140625 0.028703703703703703
0 0.26875 0.5643518518518519 0.015625 0.030555555555555558
0 0.3380208333333333 0.5615740740740741 0.013541666666666667 0.02314814814814815
1 0.36041666666666666 0.5587962962962963 0.011458333333333333 0.021296296296296296
1 0.34765625 0.5726851851851852 0.008854166666666666 0.025
0 0.4479166666666667 0.5555555555555556 0.021875 0.037037037037037035
1 0.7817708333333333 0.7680555555555556 0.06979166666666667 0.10833333333333334
1 0.8518229166666667 0.8027777777777778 0.0609375 0.12407407407407407
1 0.9177083333333333 0.7875 0.078125 0.1527777777777778
1 0.8177083333333334 0.5416666666666667 0.017708333333333333 0.053703703703703705
1 0.8395833333333333 0.5527777777777778 0.029166666666666667 0.04259259259259259
2 0.2559895833333333 0.6333333333333333 0.07864583333333333 0.16666666666666669
2 0.44869791666666664 0.6296296296296297 0.09322916666666667 0.1851851851851852
2 0.34348958333333335 0.6175925925925926 0.06510416666666667 0.13703703703703704
2 0.81328125 0.6273148148148149 0.1328125 0.21574074074074076