1 0.25625 0.5717592592592593 0.014583333333333334 0.026851851851851852
0 0.03411458333333333 0.5810185185185185 0.0109375 0.021296296296296296
0 0.02421875 0.5814814814814815 0.008854166666666666 0.016666666666666666
0 0.0140625 0.5884259259259259 0.009375 0.021296296296296296
0 0.3411458333333333 0.5685185185185185 0.0125 0.022222222222222223
1 0.3502604166666667 0.5689814814814815 0.008854166666666666 0.028703703703703703
0 0.3703125 0.5666666666666667 0.017708333333333333 0.02962962962962963
0 0.3893229166666667 0.5680555555555555 0.0109375 0.02314814814814815
0 0.52265625 0.549537037037037 0.0140625 0.028703703703703703
1 0.5049479166666666 0.5574074074074075 0.0140625 0.031481481481481485
2 0.25390625 0.6194444444444445 0.04010416666666666 0.1277777777777778
2 0.3403645833333333 0.6175925925925926 0.06510416666666667 0.1277777777777778
2 0.38385416666666666 0.6143518518518519 0.04583333333333333 0.13055555555555556
2 0.49583333333333335 0.625 0.10104166666666667 0.1851851851851852
2 0.8039062499999999 0.6027777777777777 0.09114583333333333 0.17222222222222222