1 0.20625 0.7356481481481482 0.03854166666666667 0.06574074074074074
1 0.6239583333333333 0.5467592592592593 0.01875 0.032407407407407406
1 0.6859375 0.5370370370370371 0.017708333333333333 0.02777777777777778
1 0.7028645833333333 0.5314814814814816 0.015104166666666667 0.037037037037037035
1 0.11119791666666666 0.5819444444444445 0.009895833333333333 0.017592592592592594
1 0.09244791666666667 0.5828703703703704 0.011979166666666666 0.017592592592592594
1 0.08541666666666667 0.600462962962963 0.008333333333333333 0.017592592592592594
1 0.10182291666666667 0.5884259259259259 0.0078125 0.015740740740740743
2 0.6223958333333334 0.6041666666666667 0.08958333333333333 0.1527777777777778
2 0.51640625 0.6050925925925926 0.0796875 0.14537037037037037
2 0.6880208333333333 0.5916666666666667 0.07916666666666666 0.1425925925925926
2 0.09296875 0.6263888888888889 0.058854166666666666 0.11203703703703705
2 0.24036458333333333 0.8449074074074074 0.12760416666666666 0.2898148148148148