1 0.096875 0.5828703703703704 0.013541666666666667 0.02314814814814815
0 0.1125 0.587037037037037 0.008333333333333333 0.020370370370370372
1 0.13880208333333333 0.5731481481481482 0.009895833333333333 0.02592592592592593
1 0.14791666666666667 0.5800925925925926 0.013541666666666667 0.025
1 0.23958333333333334 0.5689814814814815 0.010416666666666666 0.028703703703703703
1 0.2515625 0.5652777777777778 0.0125 0.02314814814814815
1 0.8453125 0.5300925925925926 0.017708333333333333 0.030555555555555558
1 0.86328125 0.5236111111111111 0.01614583333333333 0.030555555555555558
1 0.89609375 0.5314814814814816 0.0203125 0.03518518518518519
1 0.9106770833333333 0.5361111111111111 0.015104166666666667 0.02962962962962963
1 0.9260416666666667 0.5277777777777778 0.019791666666666666 0.03888888888888889
2 0.13723958333333333 0.6231481481481481 0.07760416666666667 0.13148148148148148
2 0.23411458333333332 0.6157407407407408 0.07447916666666667 0.12592592592592594
2 0.09375 0.6263888888888889 0.059375 0.11203703703703705
2 0.84375 0.6 0.1125 0.18333333333333335
2 0.9132812499999999 0.5967592592592593 0.06614583333333333 0.16944444444444445