1 0.09661458333333334 0.5787037037037037 0.009895833333333333 0.018518518518518517
1 0.10182291666666667 0.5949074074074074 0.008854166666666666 0.019444444444444445
1 0.11354166666666667 0.5847222222222223 0.013541666666666667 0.025
1 0.28463541666666664 0.5578703703703703 0.0140625 0.030555555555555558
1 0.27265625 0.5615740740740741 0.013020833333333334 0.025
1 0.4197916666666667 0.5597222222222222 0.015625 0.030555555555555558
1 0.4302083333333333 0.5643518518518519 0.0125 0.017592592592592594
1 0.44296874999999997 0.5564814814814815 0.0140625 0.02777777777777778
1 0.40859375 0.5884259259259259 0.011979166666666666 0.02314814814814815
2 0.09375 0.6263888888888889 0.059375 0.11203703703703705
2 0.27447916666666666 0.6138888888888889 0.071875 0.1425925925925926
2 0.41380208333333335 0.611574074074074 0.08072916666666667 0.14166666666666666