0 0.28984375 0.5550925925925926 0.018229166666666668 0.03796296296296296
0 0.5247395833333334 0.5541666666666667 0.019270833333333334 0.03425925925925926
1 0.5580729166666667 0.5583333333333333 0.018229166666666668 0.037037037037037035
1 0.5372395833333333 0.5773148148148148 0.013020833333333334 0.026851851851851852
0 0.7270833333333333 0.5356481481481482 0.028125 0.03981481481481482
0 0.8315104166666667 0.5333333333333333 0.024479166666666666 0.044444444444444446
0 0.8552083333333333 0.5351851851851852 0.022916666666666665 0.04814814814814815
0 0.9721354166666667 0.5324074074074074 0.019270833333333334 0.05
0 0.99296875 0.5259259259259259 0.011979166666666666 0.03888888888888889
2 0.28411458333333334 0.6148148148148148 0.0671875 0.1425925925925926
2 0.715625 0.6129629629629629 0.11979166666666667 0.19814814814814816
2 0.8510416666666667 0.6152777777777778 0.13645833333333332 0.21203703703703705
2 0.5309895833333333 0.625462962962963 0.0984375 0.17500000000000002
2 0.9546875 0.587962962962963 0.08958333333333333 0.15925925925925927