0 0.20781249999999998 0.5685185185185185 0.015625 0.031481481481481485
0 0.2890625 0.5666666666666667 0.016666666666666666 0.02962962962962963
0 0.3078125 0.5648148148148149 0.013541666666666667 0.02962962962962963
0 0.36302083333333335 0.5592592592592592 0.017708333333333333 0.031481481481481485
1 0.4901041666666667 0.5597222222222222 0.0125 0.032407407407407406
1 0.49895833333333334 0.5583333333333333 0.015625 0.02962962962962963
1 0.5924479166666666 0.5527777777777778 0.0203125 0.044444444444444446
1 0.63359375 0.5462962962962963 0.01614583333333333 0.037037037037037035
1 0.6463541666666667 0.5472222222222223 0.013541666666666667 0.031481481481481485
1 0.66015625 0.5481481481481482 0.015104166666666667 0.03333333333333333
2 0.20416666666666666 0.6324074074074074 0.07083333333333333 0.15185185185185185
2 0.359375 0.6208333333333333 0.08229166666666667 0.16018518518518518
2 0.28802083333333334 0.6194444444444445 0.07083333333333333 0.14074074074074075
2 0.4888020833333333 0.6171296296296297 0.08072916666666667 0.1564814814814815
2 0.6458333333333334 0.6138888888888889 0.09895833333333333 0.1814814814814815
2 0.5877604166666667 0.638425925925926 0.12239583333333333 0.225