0 0.24322916666666666 0.3814814814814815 0.017708333333333333 0.031481481481481485
0 0.32838541666666665 0.3842592592592593 0.015104166666666667 0.037037037037037035
0 0.044270833333333336 0.3740740740740741 0.013541666666666667 0.03333333333333333
1 0.3455729166666667 0.3902777777777778 0.0203125 0.03425925925925926
0 0.5940104166666667 0.3861111111111111 0.019270833333333334 0.03518518518518519
0 0.6130208333333333 0.38703703703703707 0.021875 0.040740740740740744
0 0.7294270833333333 0.38333333333333336 0.019270833333333334 0.04259259259259259
2 0.24270833333333333 0.4342592592592593 0.0625 0.12592592592592594
2 0.32265625 0.46481481481481485 0.1046875 0.19074074074074074
2 0.58828125 0.45092592592592595 0.0890625 0.16111111111111112
2 0.72265625 0.4532407407407408 0.10572916666666667 0.17314814814814816