0 0.042708333333333334 0.3861111111111111 0.017708333333333333 0.04259259259259259
1 0.058854166666666666 0.3842592592592593 0.026041666666666668 0.0462962962962963
0 0.4627604166666667 0.5569444444444445 0.059895833333333336 0.08796296296296297
0 0.5903645833333333 0.38287037037037036 0.025520833333333333 0.03796296296296296
0 0.4731770833333333 0.38101851851851853 0.01614583333333333 0.025
0 0.459375 0.38472222222222224 0.016666666666666666 0.030555555555555558
0 0.2421875 0.38101851851851853 0.014583333333333334 0.025
2 0.240625 0.4324074074074074 0.0625 0.1277777777777778
2 0.03802083333333333 0.4425925925925926 0.07708333333333334 0.16481481481481483
2 0.50625 0.75 0.28854166666666664 0.4981481481481482
2 0.5807291666666666 0.44722222222222224 0.09166666666666666 0.16296296296296298