0 0.6908854166666667 0.537962962962963 0.011979166666666666 0.02777777777777778
1 0.7075520833333333 0.538425925925926 0.0140625 0.028703703703703703
0 0.6416666666666666 0.5583333333333333 0.022916666666666665 0.044444444444444446
0 0.32526041666666666 0.5657407407407408 0.0171875 0.03333333333333333
0 0.24270833333333333 0.5750000000000001 0.019791666666666666 0.03333333333333333
0 0.2671875 0.5703703703703704 0.014583333333333334 0.02777777777777778
0 0.28072916666666664 0.5601851851851852 0.013541666666666667 0.024074074074074074
2 0.2713541666666667 0.6125 0.05520833333333333 0.12685185185185185
2 0.6807291666666666 0.6023148148148149 0.08958333333333333 0.14537037037037037
2 0.24505208333333334 0.6453703703703704 0.07552083333333333 0.1685185185185185
2 0.3286458333333333 0.6458333333333334 0.10520833333333333 0.19722222222222224
2 0.63515625 0.6449074074074075 0.1296875 0.21574074074074076