0 0.46796875 0.7875 0.0515625 0.09537037037037037
0 0.5065104166666666 0.8138888888888889 0.050520833333333334 0.0962962962962963
0 0.69609375 0.5425925925925926 0.0140625 0.02962962962962963
0 0.7955729166666666 0.5439814814814815 0.015104166666666667 0.028703703703703703
0 0.43463541666666666 0.5666666666666667 0.024479166666666666 0.037037037037037035
0 0.3768229166666667 0.5592592592592592 0.01614583333333333 0.02962962962962963
0 0.32526041666666666 0.5648148148148149 0.0203125 0.03518518518518519
0 0.30755208333333334 0.5611111111111111 0.013020833333333334 0.024074074074074074
0 0.24088541666666666 0.575462962962963 0.019270833333333334 0.030555555555555558
0 0.19791666666666666 0.563425925925926 0.0125 0.019444444444444445
0 0.17994791666666665 0.5675925925925926 0.011979166666666666 0.020370370370370372
2 0.18072916666666666 0.6152777777777778 0.051041666666666666 0.11944444444444445
2 0.37734375 0.6134259259259259 0.058854166666666666 0.13611111111111113
2 0.309375 0.6245370370370371 0.06458333333333333 0.1398148148148148
2 0.69375 0.6125 0.09791666666666667 0.1564814814814815
2 0.7875 0.5976851851851852 0.08229166666666667 0.1564814814814815
2 0.5458333333333333 0.8708333333333333 0.21770833333333334 0.2564814814814815
2 0.24505208333333334 0.6453703703703704 0.07552083333333333 0.1685185185185185