0 0.5596354166666666 0.7680555555555556 0.0453125 0.09907407407407408
0 0.51875 0.5518518518518519 0.016666666666666666 0.031481481481481485
0 0.4088541666666667 0.6282407407407408 0.03125 0.06018518518518519
0 0.2973958333333333 0.6699074074074074 0.0375 0.06759259259259259
0 0.21901041666666665 0.65 0.03177083333333333 0.05925925925925926
0 0.01953125 0.638888888888889 0.024479166666666666 0.053703703703703705
2 0.6005208333333333 0.8550925925925926 0.21354166666666666 0.287962962962963
2 0.51640625 0.6083333333333334 0.08177083333333333 0.15185185185185185
2 0.04921875 0.7555555555555555 0.0953125 0.2888888888888889
2 0.4270833333333333 0.75 0.16145833333333334 0.312962962962963
2 0.32369791666666664 0.8175925925925926 0.19114583333333332 0.362962962962963
2 0.21666666666666667 0.7680555555555556 0.10520833333333333 0.2990740740740741