1 0.9833333333333333 0.5217592592592593 0.017708333333333333 0.03425925925925926
1 0.9682291666666667 0.5611111111111111 0.010416666666666666 0.02592592592592593
0 0.4197916666666667 0.5523148148148148 0.010416666666666666 0.015740740740740743
0 0.41015625 0.5574074074074075 0.0109375 0.022222222222222223
0 0.13411458333333334 0.576388888888889 0.013020833333333334 0.019444444444444445
0 0.09296875 0.5745370370370371 0.0109375 0.019444444444444445
0 0.022395833333333334 0.5884259259259259 0.009375 0.017592592592592594
0 0.04895833333333333 0.5847222222222223 0.009375 0.019444444444444445
0 0.05755208333333333 0.5796296296296296 0.011979166666666666 0.020370370370370372
2 0.02005208333333333 0.6351851851851852 0.034895833333333334 0.11481481481481481
2 0.05520833333333333 0.6231481481481481 0.04375 0.11296296296296297
2 0.09244791666666667 0.6194444444444445 0.0390625 0.11851851851851852
2 0.13567708333333334 0.6087962962962963 0.04114583333333333 0.08981481481481482
2 0.3169270833333333 0.6416666666666667 0.0953125 0.1851851851851852
2 0.40781249999999997 0.6064814814814815 0.06458333333333333 0.12407407407407407
2 0.9611979166666667 0.5902777777777778 0.0765625 0.1638888888888889