0 0.39427083333333335 0.5527777777777778 0.014583333333333334 0.02777777777777778
1 0.0046875 0.6282407407407408 0.010416666666666666 0.030555555555555558
0 0.09296875 0.5782407407407407 0.0109375 0.019444444444444445
0 0.044270833333333336 0.5787037037037037 0.010416666666666666 0.018518518518518517
0 0.029166666666666667 0.5805555555555556 0.008333333333333333 0.016666666666666666
0 0.015885416666666666 0.5893518518518519 0.0078125 0.021296296296296296
0 0.06041666666666667 0.5787037037037037 0.008333333333333333 0.016666666666666666
1 0.3755208333333333 0.5583333333333333 0.008333333333333333 0.018518518518518517
2 0.015625 0.6324074074074074 0.029166666666666667 0.11111111111111112
2 0.042708333333333334 0.6282407407407408 0.042708333333333334 0.12314814814814816
2 0.08958333333333333 0.6222222222222222 0.04583333333333333 0.11111111111111112
2 0.37109375 0.6074074074074074 0.05260416666666667 0.1277777777777778
2 0.3911458333333333 0.6125 0.07083333333333333 0.14722222222222223