1 0.5911458333333334 0.674537037037037 0.035416666666666666 0.07685185185185185
0 0.8098958333333334 0.5370370370370371 0.014583333333333334 0.03518518518518519
0 0.8359375 0.5310185185185186 0.016666666666666666 0.03425925925925926
1 0.8916666666666666 0.5291666666666667 0.014583333333333334 0.030555555555555558
1 0.9106770833333333 0.5194444444444445 0.0140625 0.02777777777777778
1 0.9026041666666667 0.5333333333333333 0.010416666666666666 0.022222222222222223
0 0.47734375 0.5546296296296297 0.013020833333333334 0.02962962962962963
0 0.4653645833333333 0.5564814814814815 0.0140625 0.02962962962962963
0 0.12395833333333334 0.5736111111111112 0.0125 0.026851851851851852
1 0.09166666666666666 0.5805555555555556 0.009375 0.018518518518518517
1 0.084375 0.5777777777777778 0.008333333333333333 0.016666666666666666
0 0.04505208333333333 0.5777777777777778 0.009895833333333333 0.018518518518518517
0 0.03828125 0.5842592592592593 0.008854166666666666 0.016666666666666666
0 0.01614583333333333 0.5893518518518519 0.009375 0.017592592592592594
1 0.014322916666666666 0.5768518518518518 0.008854166666666666 0.016666666666666666
2 0.015364583333333333 0.6305555555555555 0.027604166666666666 0.11481481481481481
2 0.04244791666666667 0.6282407407407408 0.04114583333333333 0.12314814814814816
2 0.08255208333333333 0.6171296296296297 0.0359375 0.09907407407407408
2 0.125 0.6212962962962963 0.05 0.12592592592592594
2 0.4700520833333333 0.6148148148148148 0.07760416666666667 0.15
2 0.6421875 0.813425925925926 0.278125 0.36944444444444446
2 0.80625 0.6018518518518519 0.10416666666666667 0.17777777777777778
2 0.8895833333333333 0.5916666666666667 0.07395833333333333 0.17407407407407408