0 0.2734375 0.6791666666666667 0.03229166666666666 0.08055555555555556
0 0.23124999999999998 0.575462962962963 0.011458333333333333 0.02314814814814815
0 0.24765625 0.5722222222222223 0.0140625 0.02777777777777778
0 0.42109375 0.5569444444444445 0.0171875 0.03425925925925926
1 0.59609375 0.5449074074074074 0.009895833333333333 0.028703703703703703
1 0.6088541666666667 0.55 0.013541666666666667 0.022222222222222223
1 0.778125 0.5421296296296296 0.0125 0.028703703703703703
1 0.79921875 0.5361111111111111 0.015104166666666667 0.02777777777777778
1 0.7885416666666667 0.5722222222222223 0.008333333333333333 0.018518518518518517
2 0.2296875 0.6217592592592592 0.06041666666666667 0.13055555555555556
2 0.41692708333333334 0.6185185185185186 0.09114583333333333 0.16666666666666669
2 0.5953125 0.600925925925926 0.07708333333333334 0.1388888888888889
2 0.77578125 0.5995370370370371 0.09635416666666667 0.15462962962962964
2 0.31015625 0.8203703703703704 0.19635416666666666 0.3574074074074074