1 0.4630208333333333 0.5625 0.0125 0.021296296296296296
1 0.4796875 0.5587962962962963 0.010416666666666666 0.021296296296296296
1 0.4708333333333333 0.5856481481481481 0.008333333333333333 0.017592592592592594
1 0.340625 0.5615740740740741 0.011458333333333333 0.019444444444444445
1 0.35104166666666664 0.5662037037037038 0.008333333333333333 0.015740740740740743
0 0.07864583333333333 0.576388888888889 0.013541666666666667 0.028703703703703703
1 0.9494791666666667 0.5314814814814816 0.022916666666666665 0.04814814814814815
1 0.98046875 0.5319444444444444 0.0234375 0.05092592592592593
2 0.0734375 0.6351851851851852 0.07083333333333333 0.1425925925925926
2 0.33984375 0.6111111111111112 0.0609375 0.12037037037037038
2 0.4640625 0.6111111111111112 0.07291666666666667 0.13333333333333333
2 0.9268229166666666 0.6236111111111111 0.13072916666666667 0.23055555555555557