0 0.61328125 0.6851851851851852 0.0453125 0.08703703703703704
0 0.66875 0.6856481481481482 0.042708333333333334 0.09537037037037037
0 0.6591145833333333 0.5435185185185185 0.0171875 0.03333333333333333
0 0.6856770833333333 0.5435185185185185 0.0171875 0.037037037037037035
0 0.6747395833333333 0.5462962962962963 0.015104166666666667 0.04259259259259259
1 0.45338541666666665 0.5625 0.01614583333333333 0.036111111111111115
1 0.4341145833333333 0.5611111111111111 0.0171875 0.03333333333333333
1 0.42864583333333334 0.5805555555555556 0.013541666666666667 0.02777777777777778
1 0.26145833333333335 0.5717592592592593 0.009375 0.017592592592592594
1 0.24765625 0.5703703703703704 0.009895833333333333 0.018518518518518517
1 0.16458333333333333 0.5777777777777778 0.008333333333333333 0.014814814814814815
1 0.15494791666666666 0.5731481481481482 0.009895833333333333 0.022222222222222223
2 0.24401041666666667 0.6157407407407408 0.0609375 0.11666666666666667
2 0.42682291666666666 0.6333333333333333 0.10052083333333334 0.1851851851851852
2 0.7174479166666666 0.8175925925925926 0.2890625 0.362962962962963
2 0.6640625 0.6111111111111112 0.09791666666666667 0.17407407407407408