0 0.40234375 0.6902777777777778 0.034895833333333334 0.07685185185185185
0 0.25755208333333335 0.6560185185185186 0.0265625 0.058333333333333334
0 0.13359375 0.5736111111111112 0.011979166666666666 0.02314814814814815
0 0.14895833333333333 0.5740740740740741 0.011458333333333333 0.024074074074074074
0 0.42526041666666664 0.5513888888888889 0.015104166666666667 0.025
1 0.89140625 0.5412037037037037 0.013020833333333334 0.028703703703703703
0 0.9401041666666666 0.5370370370370371 0.014583333333333334 0.031481481481481485
2 0.4395833333333333 0.8240740740740741 0.21770833333333334 0.35000000000000003
2 0.41822916666666665 0.611574074074074 0.07604166666666666 0.15092592592592594
2 0.28463541666666664 0.7856481481481482 0.17552083333333332 0.3138888888888889
2 0.7567708333333333 0.6078703703703704 0.07083333333333333 0.16944444444444445
2 0.9328124999999999 0.6074074074074074 0.11458333333333333 0.1814814814814815
2 0.86953125 0.6018518518518519 0.07864583333333333 0.15185185185185185
2 0.13020833333333334 0.6199074074074075 0.057291666666666664 0.12314814814814816