1 0.029166666666666667 0.4851851851851852 0.026041666666666668 0.05740740740740741
0 0.0375 0.4449074074074074 0.028125 0.06018518518518519
0 0.28229166666666666 0.5259259259259259 0.03854166666666667 0.08333333333333334
0 0.36744791666666665 0.44027777777777777 0.025520833333333333 0.05092592592592593
0 0.3182291666666667 0.39212962962962966 0.015625 0.04537037037037037
1 0.29765625 0.3939814814814815 0.018229166666666668 0.03981481481481482
0 0.88515625 0.5296296296296297 0.05677083333333333 0.10555555555555556
2 0.87890625 0.7310185185185185 0.24114583333333334 0.4953703703703704
2 0.7263020833333333 0.4518518518518519 0.0953125 0.16481481481481483
2 0.3950520833333333 0.5532407407407408 0.1390625 0.287962962962963
2 0.3140625 0.7078703703703704 0.23124999999999998 0.4620370370370371
2 0.31223958333333335 0.46064814814814814 0.08072916666666667 0.1953703703703704
2 0.07578125 0.5722222222222223 0.10677083333333333 0.32222222222222224
2 0.05546875 0.6370370370370371 0.1109375 0.3666666666666667