0 0.265625 0.5027777777777778 0.035416666666666666 0.06666666666666667
0 0.31197916666666664 0.4916666666666667 0.03229166666666666 0.07962962962962963
0 0.6872395833333333 0.5976851851851852 0.06197916666666667 0.11574074074074074
0 0.8169270833333333 0.6541666666666667 0.07239583333333333 0.13611111111111113
0 0.6203125 0.38703703703703707 0.010416666666666666 0.024074074074074074
0 0.6341145833333334 0.3925925925925926 0.0140625 0.02592592592592593
0 0.79375 0.3893518518518519 0.014583333333333334 0.03425925925925926
0 0.8138020833333334 0.38657407407407407 0.015104166666666667 0.026851851851851852
2 0.6143229166666666 0.44027777777777777 0.07864583333333333 0.1398148148148148
2 0.7875 0.4481481481481482 0.10208333333333333 0.16666666666666669
2 0.7908854166666667 0.7685185185185186 0.32760416666666664 0.46111111111111114
2 0.33671875 0.6458333333333334 0.1953125 0.38981481481481484