0 0.5513020833333333 0.5023148148148149 0.03697916666666667 0.075
0 0.1421875 0.5157407407407407 0.04479166666666667 0.08333333333333334
0 0.00703125 0.42129629629629634 0.013020833333333334 0.0462962962962963
0 0.32395833333333335 0.3819444444444445 0.008333333333333333 0.019444444444444445
0 0.334375 0.3851851851851852 0.010416666666666666 0.022222222222222223
0 0.41171874999999997 0.3819444444444445 0.011979166666666666 0.02314814814814815
0 0.42526041666666664 0.3800925925925926 0.011979166666666666 0.021296296296296296
0 0.46640624999999997 0.3902777777777778 0.0109375 0.021296296296296296
0 0.47994791666666664 0.38287037037037036 0.0109375 0.02314814814814815
2 0.3208333333333333 0.4287037037037037 0.06145833333333333 0.12037037037037038
2 0.4046875 0.4324074074074074 0.06875 0.13333333333333333
2 0.46953125 0.4416666666666667 0.07760416666666667 0.15
2 0.58828125 0.6657407407407407 0.22864583333333333 0.41481481481481486
2 0.16979166666666667 0.674074074074074 0.175 0.412962962962963
2 0.037760416666666664 0.5157407407407407 0.0765625 0.2611111111111111