0 0.97265625 0.4324074074074074 0.019270833333333334 0.03518518518518519
0 0.8526041666666666 0.44722222222222224 0.017708333333333333 0.03518518518518519
0 0.8325520833333333 0.44537037037037036 0.021354166666666667 0.03888888888888889
0 0.8018229166666666 0.44953703703703707 0.019270833333333334 0.03796296296296296
0 0.7046875 0.46111111111111114 0.016666666666666666 0.031481481481481485
0 0.6736979166666667 0.46111111111111114 0.0171875 0.031481481481481485
0 0.6580729166666667 0.46342592592592596 0.015104166666666667 0.028703703703703703
0 0.64296875 0.46296296296296297 0.015104166666666667 0.02777777777777778
0 0.5953125 0.45833333333333337 0.016666666666666666 0.02777777777777778
0 0.43046875 0.47175925925925927 0.0171875 0.028703703703703703
0 0.41822916666666665 0.47500000000000003 0.014583333333333334 0.02777777777777778
0 0.36822916666666666 0.48055555555555557 0.011458333333333333 0.024074074074074074
0 0.35651041666666666 0.475462962962963 0.011979166666666666 0.025
0 0.34270833333333334 0.47962962962962963 0.013541666666666667 0.02592592592592593
0 0.32916666666666666 0.4791666666666667 0.013541666666666667 0.026851851851851852
0 0.31328125 0.48333333333333334 0.013020833333333334 0.024074074074074074
0 0.27109375 0.48240740740740745 0.015104166666666667 0.02592592592592593
0 0.3 0.4851851851851852 0.013541666666666667 0.02592592592592593
0 0.24869791666666666 0.4861111111111111 0.009895833333333333 0.020370370370370372
0 0.20989583333333334 0.48564814814814816 0.011458333333333333 0.017592592592592594
0 0.178125 0.48888888888888893 0.014583333333333334 0.024074074074074074
0 0.14505208333333333 0.49722222222222223 0.011979166666666666 0.022222222222222223
0 0.16484375 0.4953703703703704 0.009895833333333333 0.016666666666666666
0 0.19505208333333332 0.49259259259259264 0.011979166666666666 0.02592592592592593
0 0.13463541666666667 0.49259259259259264 0.011979166666666666 0.018518518518518517
2 0.14375 0.5513888888888889 0.06041666666666667 0.14166666666666666
2 0.2677083333333333 0.5375 0.06354166666666666 0.1287037037037037
2 0.33229166666666665 0.5375 0.07395833333333333 0.15092592592592594
2 0.4127604166666667 0.5310185185185186 0.06822916666666666 0.14166666666666666
2 0.1875 0.5430555555555556 0.04895833333333333 0.14537037037037037
2 0.6671875 0.5277777777777778 0.09270833333333334 0.17222222222222222
2 0.8270833333333333 0.5175925925925926 0.1125 0.19074074074074074
2 0.9523437499999999 0.5078703703703704 0.0921875 0.18981481481481483
2 0.7177083333333333 0.5199074074074074 0.06770833333333333 0.16018518518518518
2 0.78359375 0.5166666666666667 0.07552083333333333 0.17592592592592593