0 0.9723958333333333 0.4324074074074074 0.021875 0.04259259259259259
0 0.8520833333333333 0.44907407407407407 0.017708333333333333 0.03333333333333333
0 0.8328125 0.4412037037037037 0.016666666666666666 0.032407407407407406
0 0.803125 0.4486111111111111 0.014583333333333334 0.032407407407407406
0 0.7057291666666666 0.4601851851851852 0.015625 0.031481481481481485
0 0.6705729166666666 0.45925925925925926 0.01614583333333333 0.03333333333333333
0 0.5973958333333333 0.4587962962962963 0.015625 0.030555555555555558
0 0.45729166666666665 0.4703703703703704 0.015625 0.02962962962962963
0 0.4419270833333333 0.47175925925925927 0.0140625 0.030555555555555558
0 0.4276041666666667 0.47361111111111115 0.014583333333333334 0.030555555555555558
0 0.41302083333333334 0.4759259259259259 0.011458333333333333 0.022222222222222223
0 0.3671875 0.4791666666666667 0.010416666666666666 0.025
0 0.35546875 0.47685185185185186 0.0109375 0.020370370370370372
0 0.34348958333333335 0.47870370370370374 0.013020833333333334 0.022222222222222223
0 0.3307291666666667 0.47731481481481486 0.013541666666666667 0.025
0 0.31276041666666665 0.48055555555555557 0.011979166666666666 0.022222222222222223
0 0.30052083333333335 0.4865740740740741 0.011458333333333333 0.025
0 0.27057291666666666 0.4847222222222222 0.011979166666666666 0.021296296296296296
0 0.24609375 0.487962962962963 0.0109375 0.022222222222222223
0 0.19427083333333334 0.49259259259259264 0.010416666666666666 0.024074074074074074
0 0.17942708333333332 0.48935185185185187 0.011979166666666666 0.025
0 0.1671875 0.4939814814814815 0.010416666666666666 0.021296296296296296
0 0.14583333333333334 0.4949074074074074 0.0125 0.02314814814814815
0 0.1359375 0.4939814814814815 0.010416666666666666 0.025
2 0.14375 0.5513888888888889 0.06041666666666667 0.14166666666666666
2 0.2674479166666667 0.5375 0.06302083333333333 0.1287037037037037
2 0.33203125 0.5375 0.0734375 0.15092592592592594
2 0.4125 0.5314814814814816 0.06770833333333333 0.1425925925925926
2 0.18697916666666667 0.5435185185185185 0.04895833333333333 0.1462962962962963
2 0.6661458333333333 0.5287037037037037 0.09270833333333334 0.17222222222222222
2 0.82578125 0.5175925925925926 0.10989583333333333 0.19074074074074074
2 0.94765625 0.5078703703703704 0.08697916666666666 0.18981481481481483
2 0.715625 0.5199074074074074 0.071875 0.16018518518518518
2 0.7817708333333333 0.5166666666666667 0.07916666666666666 0.17592592592592593