0 0.9713541666666666 0.4375 0.019791666666666666 0.04166666666666667
0 0.9888020833333333 0.4412037037037037 0.01614583333333333 0.030555555555555558
0 0.8526041666666666 0.44907407407407407 0.014583333333333334 0.037037037037037035
0 0.8328125 0.44351851851851853 0.016666666666666666 0.03888888888888889
0 0.8153645833333333 0.44537037037037036 0.01614583333333333 0.03888888888888889
0 0.8015625 0.4486111111111111 0.014583333333333334 0.036111111111111115
0 0.7041666666666666 0.4620370370370371 0.016666666666666666 0.02962962962962963
0 0.6614583333333334 0.4625 0.016666666666666666 0.036111111111111115
0 0.5973958333333333 0.46111111111111114 0.015625 0.031481481481481485
0 0.4276041666666667 0.4763888888888889 0.013541666666666667 0.026851851851851852
0 0.41822916666666665 0.475462962962963 0.010416666666666666 0.02314814814814815
0 0.37421875 0.47731481481481486 0.0109375 0.02314814814814815
0 0.3559895833333333 0.47685185185185186 0.0109375 0.02777777777777778
0 0.33046875 0.475462962962963 0.0109375 0.02314814814814815
0 0.31979166666666664 0.48240740740740745 0.011458333333333333 0.024074074074074074
0 0.34348958333333335 0.4791666666666667 0.009895833333333333 0.025
0 0.30078125 0.48842592592592593 0.011979166666666666 0.026851851851851852
0 0.27057291666666666 0.4842592592592593 0.011979166666666666 0.024074074074074074
0 0.24739583333333334 0.48935185185185187 0.011458333333333333 0.021296296296296296
0 0.14609375 0.4953703703703704 0.011979166666666666 0.022222222222222223
0 0.16640625 0.49259259259259264 0.008854166666666666 0.018518518518518517
0 0.17760416666666667 0.4898148148148148 0.0125 0.024074074074074074
0 0.19244791666666666 0.4939814814814815 0.0109375 0.021296296296296296
0 0.13333333333333333 0.4916666666666667 0.010416666666666666 0.020370370370370372
2 0.14322916666666666 0.5518518518518519 0.06041666666666667 0.1425925925925926
2 0.2669270833333333 0.5375 0.06302083333333333 0.1287037037037037
2 0.33177083333333335 0.5375 0.07395833333333333 0.15092592592592594
2 0.4122395833333333 0.5319444444444444 0.0671875 0.14351851851851852
2 0.353125 0.538425925925926 0.08854166666666667 0.16203703703703703
2 0.18619791666666666 0.5435185185185185 0.049479166666666664 0.1462962962962963
2 0.6604166666666667 0.5287037037037037 0.09479166666666666 0.17222222222222222
2 0.8244791666666667 0.5175925925925926 0.10729166666666666 0.19074074074074074
2 0.94296875 0.5074074074074074 0.08177083333333333 0.18888888888888888
2 0.9598958333333333 0.5162037037037037 0.07916666666666666 0.19907407407407407
2 0.7138020833333333 0.5199074074074074 0.07552083333333333 0.16018518518518518
2 0.7796875 0.5171296296296296 0.08333333333333333 0.17685185185185187