0 0.790625 0.44907407407407407 0.013541666666666667 0.031481481481481485
0 0.8299479166666667 0.4439814814814815 0.01614583333333333 0.030555555555555558
0 0.8515625 0.4476851851851852 0.017708333333333333 0.036111111111111115
0 0.9041666666666667 0.43472222222222223 0.01875 0.030555555555555558
0 0.7044270833333334 0.46111111111111114 0.015104166666666667 0.03518518518518519
0 0.6546875 0.4615740740740741 0.01875 0.03425925925925926
0 0.615625 0.46064814814814814 0.0125 0.025
0 0.5963541666666666 0.45833333333333337 0.014583333333333334 0.02592592592592593
0 0.42864583333333334 0.47453703703703703 0.0125 0.025
0 0.4158854166666667 0.4777777777777778 0.013020833333333334 0.02777777777777778
0 0.36666666666666664 0.4777777777777778 0.0125 0.024074074074074074
0 0.3559895833333333 0.4791666666666667 0.0140625 0.028703703703703703
0 0.34401041666666665 0.48055555555555557 0.0109375 0.02592592592592593
0 0.33125 0.4777777777777778 0.014583333333333334 0.02592592592592593
0 0.3138020833333333 0.4865740740740741 0.0109375 0.028703703703703703
0 0.3013020833333333 0.4861111111111111 0.013020833333333334 0.022222222222222223
0 0.2716145833333333 0.4842592592592593 0.01614583333333333 0.024074074074074074
0 0.2596354166666667 0.4847222222222222 0.011979166666666666 0.025
0 0.24583333333333332 0.48750000000000004 0.014583333333333334 0.02314814814814815
0 0.19296875 0.4912037037037037 0.0109375 0.019444444444444445
0 0.17916666666666667 0.48935185185185187 0.011458333333333333 0.026851851851851852
0 0.16588541666666667 0.49259259259259264 0.0078125 0.018518518518518517
0 0.14635416666666667 0.49768518518518523 0.011458333333333333 0.02314814814814815
0 0.13307291666666665 0.49583333333333335 0.011979166666666666 0.028703703703703703
2 0.14322916666666666 0.5518518518518519 0.06041666666666667 0.1425925925925926
2 0.26666666666666666 0.5375 0.06354166666666666 0.1287037037037037
2 0.33151041666666664 0.5375 0.0734375 0.15092592592592594
2 0.4122395833333333 0.5319444444444444 0.0671875 0.14351851851851852
2 0.25703125 0.5458333333333334 0.08072916666666667 0.15462962962962964
2 0.18541666666666667 0.5435185185185185 0.04895833333333333 0.1462962962962963
2 0.6526041666666667 0.5268518518518519 0.0875 0.17037037037037037
2 0.8231770833333333 0.5171296296296296 0.1046875 0.18981481481481483
2 0.7114583333333333 0.5199074074074074 0.08020833333333333 0.16018518518518518
2 0.7778645833333333 0.5171296296296296 0.08697916666666666 0.17685185185185187