0 0.7895833333333333 0.44953703703703707 0.015625 0.04166666666666667
0 0.8312499999999999 0.4481481481481482 0.01875 0.037037037037037035
0 0.8507812499999999 0.44907407407407407 0.015104166666666667 0.037037037037037035
0 0.7046875 0.4615740740740741 0.0125 0.03425925925925926
0 0.6934895833333333 0.4513888888888889 0.0140625 0.032407407407407406
0 0.6216145833333333 0.46481481481481485 0.013020833333333334 0.02777777777777778
0 0.5973958333333333 0.46296296296296297 0.013541666666666667 0.031481481481481485
0 0.46458333333333335 0.4712962962962963 0.014583333333333334 0.02777777777777778
0 0.48203124999999997 0.4689814814814815 0.0109375 0.021296296296296296
0 0.43046875 0.4740740740740741 0.011979166666666666 0.02592592592592593
0 0.4192708333333333 0.4740740740740741 0.014583333333333334 0.024074074074074074
0 0.36614583333333334 0.47962962962962963 0.010416666666666666 0.024074074074074074
0 0.35520833333333335 0.4759259259259259 0.011458333333333333 0.024074074074074074
0 0.34348958333333335 0.4791666666666667 0.011979166666666666 0.025
0 0.32916666666666666 0.475462962962963 0.013541666666666667 0.025
0 0.3140625 0.4828703703703704 0.011458333333333333 0.025
0 0.30078125 0.48703703703703705 0.011979166666666666 0.02592592592592593
0 0.27057291666666666 0.48379629629629634 0.009895833333333333 0.021296296296296296
0 0.24635416666666665 0.48750000000000004 0.010416666666666666 0.02314814814814815
0 0.22734374999999998 0.4898148148148148 0.0109375 0.02592592592592593
0 0.21927083333333333 0.48842592592592593 0.011458333333333333 0.025
0 0.19401041666666666 0.4930555555555556 0.009895833333333333 0.021296296296296296
0 0.17734375 0.4898148148148148 0.0140625 0.02777777777777778
0 0.16458333333333333 0.49259259259259264 0.010416666666666666 0.022222222222222223
0 0.14635416666666667 0.4935185185185185 0.0125 0.022222222222222223
0 0.13567708333333334 0.4939814814814815 0.0109375 0.021296296296296296
0 0.20260416666666667 0.4930555555555556 0.008333333333333333 0.019444444444444445
2 0.14322916666666666 0.5518518518518519 0.06041666666666667 0.1425925925925926
2 0.26640625 0.5375 0.06302083333333333 0.1287037037037037
2 0.33125 0.5375 0.07395833333333333 0.15092592592592594
2 0.4119791666666667 0.5324074074074074 0.06666666666666667 0.14444444444444446
2 0.22213541666666667 0.5476851851851852 0.0765625 0.14537037037037037
2 0.18463541666666666 0.5435185185185185 0.049479166666666664 0.1462962962962963
2 0.63203125 0.5268518518518519 0.06302083333333333 0.1685185185185185
2 0.821875 0.5171296296296296 0.10208333333333333 0.18981481481481483
2 0.7036458333333333 0.5203703703703704 0.09375 0.15925925925925927
2 0.7747395833333334 0.5171296296296296 0.08802083333333333 0.17685185185185187