0 0.8265625 0.4476851851851852 0.013541666666666667 0.036111111111111115
0 0.8494791666666667 0.44907407407407407 0.013541666666666667 0.031481481481481485
0 0.7880208333333333 0.44907407407407407 0.014583333333333334 0.02962962962962963
0 0.7013020833333333 0.4615740740740741 0.013020833333333334 0.025
0 0.43203125 0.47453703703703703 0.0109375 0.026851851851851852
0 0.41822916666666665 0.4763888888888889 0.011458333333333333 0.026851851851851852
0 0.36015625 0.4847222222222222 0.013020833333333334 0.028703703703703703
0 0.3442708333333333 0.4777777777777778 0.0125 0.024074074074074074
0 0.3263020833333333 0.47731481481481486 0.013020833333333334 0.030555555555555558
0 0.3130208333333333 0.48333333333333334 0.011458333333333333 0.024074074074074074
0 0.3015625 0.48750000000000004 0.014583333333333334 0.028703703703703703
0 0.2708333333333333 0.48379629629629634 0.0125 0.025
0 0.24687499999999998 0.4902777777777778 0.010416666666666666 0.02314814814814815
0 0.22942708333333334 0.4912037037037037 0.011979166666666666 0.026851851851851852
0 0.22109375 0.4865740740740741 0.0109375 0.025
0 0.1765625 0.4898148148148148 0.010416666666666666 0.022222222222222223
0 0.18802083333333333 0.4912037037037037 0.009375 0.021296296296296296
0 0.19635416666666666 0.49259259259259264 0.0125 0.024074074074074074
0 0.1640625 0.4935185185185185 0.010416666666666666 0.020370370370370372
0 0.14270833333333333 0.4939814814814815 0.011458333333333333 0.02314814814814815
0 0.13411458333333334 0.4953703703703704 0.008854166666666666 0.018518518518518517
1 0.12135416666666667 0.4981481481481482 0.009375 0.022222222222222223
2 0.13802083333333334 0.5513888888888889 0.06041666666666667 0.14166666666666666
2 0.26588541666666665 0.5375 0.06302083333333333 0.1287037037037037
2 0.32421875 0.5370370370370371 0.07447916666666667 0.15185185185185185
2 0.41171874999999997 0.5324074074074074 0.06614583333333333 0.14444444444444446
2 0.22213541666666667 0.5481481481481482 0.0765625 0.1462962962962963
2 0.18411458333333333 0.5439814814814815 0.049479166666666664 0.14537037037037037
2 0.6921875 0.5217592592592593 0.09166666666666666 0.1564814814814815
2 0.76796875 0.5171296296296296 0.08177083333333333 0.17685185185185187