0 0.07786458333333333 0.375462962962963 0.0109375 0.02314814814814815
0 0.17708333333333334 0.3805555555555556 0.011458333333333333 0.02962962962962963
0 0.19166666666666665 0.37777777777777777 0.0125 0.02592592592592593
0 0.5549479166666667 0.3888888888888889 0.015104166666666667 0.02777777777777778
0 0.6044270833333333 0.3976851851851852 0.021354166666666667 0.04166666666666667
0 0.6377604166666666 0.4064814814814815 0.021354166666666667 0.044444444444444446
2 0.07421875 0.4199074074074074 0.04739583333333333 0.1175925925925926
2 0.17604166666666665 0.4240740740740741 0.059375 0.12962962962962962
2 0.5494791666666666 0.4518518518518519 0.08333333333333333 0.15555555555555556
2 0.55625 0.44537037037037036 0.04791666666666666 0.1537037037037037
2 0.5984375 0.4791666666666667 0.125 0.2175925925925926