0 0.7184895833333333 0.39212962962962966 0.0171875 0.030555555555555558
0 0.3515625 0.3861111111111111 0.010416666666666666 0.024074074074074074
0 0.27291666666666664 0.38101851851851853 0.010416666666666666 0.02314814814814815
0 0.19010416666666666 0.3902777777777778 0.016666666666666666 0.030555555555555558
0 0.171875 0.3875 0.014583333333333334 0.028703703703703703
0 0.012239583333333333 0.37777777777777777 0.0078125 0.018518518518518517
0 0.0033854166666666668 0.3768518518518519 0.0067708333333333336 0.018518518518518517
2 0.34739583333333335 0.437962962962963 0.06666666666666667 0.1388888888888889
2 0.278125 0.4305555555555556 0.04479166666666667 0.13333333333333333
2 0.16927083333333334 0.45231481481481484 0.08229166666666667 0.17685185185185187
2 0.71796875 0.45046296296296295 0.07760416666666667 0.15833333333333333