0 0.7372395833333333 0.44722222222222224 0.01614583333333333 0.03518518518518519
0 0.7606770833333333 0.45 0.015104166666666667 0.03518518518518519
0 0.7138020833333333 0.45416666666666666 0.013020833333333334 0.032407407407407406
0 0.6205729166666667 0.46342592592592596 0.013020833333333334 0.025
0 0.5153645833333333 0.46805555555555556 0.011979166666666666 0.02314814814814815
0 0.5005208333333333 0.46990740740740744 0.013541666666666667 0.028703703703703703
0 0.2171875 0.4986111111111111 0.01875 0.03425925925925926
0 0.20677083333333332 0.5023148148148149 0.010416666666666666 0.03425925925925926
0 0.2838541666666667 0.48935185185185187 0.009375 0.025
0 0.296875 0.4842592592592593 0.010416666666666666 0.02962962962962963
0 0.24583333333333332 0.48194444444444445 0.014583333333333334 0.025
0 0.19010416666666666 0.49212962962962964 0.009375 0.026851851851851852
0 0.15416666666666667 0.4939814814814815 0.013541666666666667 0.030555555555555558
0 0.14114583333333333 0.49259259259259264 0.0125 0.031481481481481485
0 0.11328125 0.4930555555555556 0.011979166666666666 0.025
0 0.13229166666666667 0.4939814814814815 0.010416666666666666 0.025
0 0.06302083333333333 0.49953703703703706 0.010416666666666666 0.025
0 0.09348958333333333 0.49768518518518523 0.011979166666666666 0.026851851851851852
2 0.20755208333333333 0.5643518518518519 0.08385416666666666 0.17685185185185187
2 0.06302083333333333 0.5555555555555556 0.06354166666666666 0.13518518518518519
2 0.13723958333333333 0.5481481481481482 0.0765625 0.1462962962962963
2 0.21953124999999998 0.5398148148148149 0.0734375 0.14444444444444446
2 0.61875 0.5259259259259259 0.08645833333333333 0.15555555555555556
2 0.5114583333333333 0.525 0.08125 0.15185185185185185
2 0.69453125 0.5203703703703704 0.0734375 0.16666666666666669
2 0.7276041666666666 0.5226851851851853 0.09895833333333333 0.18425925925925926