0 0.5776041666666667 0.46296296296296297 0.014583333333333334 0.037037037037037035
0 0.59765625 0.4615740740740741 0.018229166666666668 0.036111111111111115
0 0.5375 0.4712962962962963 0.013541666666666667 0.02777777777777778
0 0.4466145833333333 0.4675925925925926 0.013020833333333334 0.03333333333333333
0 0.35130208333333335 0.4777777777777778 0.009895833333333333 0.022222222222222223
0 0.3359375 0.4777777777777778 0.009375 0.020370370370370372
0 0.29583333333333334 0.4842592592592593 0.0125 0.020370370370370372
0 0.28671875 0.47824074074074074 0.0078125 0.02314814814814815
0 0.15234375 0.4939814814814815 0.013020833333333334 0.021296296296296296
0 0.12083333333333333 0.4939814814814815 0.011458333333333333 0.019444444444444445
0 0.10807291666666667 0.49074074074074076 0.0140625 0.024074074074074074
0 0.13463541666666667 0.5027777777777778 0.0109375 0.02592592592592593
0 0.04791666666666666 0.4990740740740741 0.011458333333333333 0.02592592592592593
0 0.06276041666666667 0.5018518518518519 0.0109375 0.018518518518518517
0 0.023697916666666666 0.4986111111111111 0.013020833333333334 0.026851851851851852
0 0.01328125 0.5027777777777778 0.013020833333333334 0.02962962962962963
2 0.023697916666666666 0.5523148148148148 0.0453125 0.14351851851851852
2 0.10572916666666667 0.5467592592592593 0.06458333333333333 0.14166666666666666
2 0.5270833333333333 0.525462962962963 0.06145833333333333 0.14537037037037037
2 0.4427083333333333 0.5287037037037037 0.07708333333333334 0.1462962962962963
2 0.3341145833333333 0.5347222222222222 0.0671875 0.14166666666666666
2 0.57265625 0.5268518518518519 0.09635416666666667 0.17037037037037037
2 0.059375 0.549074074074074 0.04791666666666666 0.12407407407407407