0 0.03697916666666667 0.5351851851851852 0.026041666666666668 0.05740740740740741
0 0.19348958333333333 0.4902777777777778 0.011979166666666666 0.028703703703703703
0 0.20338541666666665 0.4865740740740741 0.009895833333333333 0.02314814814814815
0 0.33671875 0.47731481481481486 0.011979166666666666 0.02314814814814815
0 0.3723958333333333 0.4740740740740741 0.014583333333333334 0.02777777777777778
0 0.38385416666666666 0.4726851851851852 0.014583333333333334 0.030555555555555558
0 0.4106770833333333 0.48055555555555557 0.009895833333333333 0.018518518518518517
0 0.44296874999999997 0.47222222222222227 0.013020833333333334 0.02777777777777778
2 0.05625 0.6337962962962963 0.1 0.24351851851851852
2 0.3255208333333333 0.5356481481481482 0.05416666666666667 0.14166666666666666
2 0.19895833333333332 0.5407407407407407 0.04895833333333333 0.13148148148148148
2 0.3703125 0.5356481481481482 0.075 0.1564814814814815
2 0.44427083333333334 0.5324074074074074 0.06875 0.15185185185185185