0 0.37916666666666665 0.6324074074074074 0.03854166666666667 0.07407407407407407
1 0.3143229166666667 0.5342592592592593 0.01614583333333333 0.05
0 0.028385416666666666 0.5694444444444444 0.0265625 0.05185185185185186
0 0.12083333333333333 0.4990740740740741 0.01875 0.03518518518518519
0 0.06328125 0.4990740740740741 0.013020833333333334 0.024074074074074074
0 0.0049479166666666664 0.5050925925925926 0.008854166666666666 0.019444444444444445
0 0.07916666666666666 0.5023148148148149 0.010416666666666666 0.021296296296296296
2 0.31744791666666666 0.6412037037037037 0.09635416666666667 0.2657407407407408
2 0.42578125 0.7916666666666667 0.23906249999999998 0.412962962962963
2 0.13255208333333332 0.5782407407407407 0.0921875 0.20277777777777778
2 0.06145833333333333 0.6962962962962963 0.12083333333333333 0.3148148148148148
2 0.06302083333333333 0.549074074074074 0.052083333333333336 0.12037037037037038