0 0.01953125 0.4236111111111111 0.019270833333333334 0.04537037037037037
0 0.04348958333333333 0.44722222222222224 0.0203125 0.044444444444444446
0 0.08151041666666667 0.45416666666666666 0.0234375 0.05277777777777778
0 0.18098958333333334 0.39814814814814814 0.019270833333333334 0.040740740740740744
0 0.2046875 0.425 0.022916666666666665 0.04814814814814815
0 0.23567708333333334 0.4305555555555556 0.022395833333333334 0.05185185185185186
0 0.4080729166666667 0.48703703703703705 0.03177083333333333 0.07222222222222223
0 0.5171875 0.5185185185185185 0.034375 0.07777777777777778
0 0.6432291666666666 0.4902777777777778 0.03229166666666666 0.075
0 0.7192708333333333 0.46296296296296297 0.028125 0.061111111111111116
0 0.7559895833333333 0.4486111111111111 0.027604166666666666 0.06574074074074074
2 0.79453125 0.4476851851851852 0.09427083333333333 0.1564814814814815
2 0.79140625 0.5962962962962963 0.21302083333333333 0.35555555555555557
2 0.6638020833333333 0.65 0.22447916666666667 0.39814814814814814
2 0.40625 0.6333333333333333 0.178125 0.37222222222222223
2 0.5424479166666667 0.7134259259259259 0.2578125 0.46574074074074073
2 0.18333333333333332 0.4777777777777778 0.07604166666666666 0.20185185185185187
2 0.2484375 0.5356481481481482 0.13541666666666666 0.28055555555555556
2 0.096875 0.5791666666666667 0.13541666666666666 0.3138888888888889