1 0.39166666666666666 0.5662037037037038 0.016666666666666666 0.032407407407407406
1 0.5049479166666666 0.5574074074074075 0.008854166666666666 0.024074074074074074
1 0.515625 0.5643518518518519 0.011458333333333333 0.026851851851851852
1 0.5307291666666667 0.562962962962963 0.0125 0.022222222222222223
1 0.5442708333333334 0.5615740740740741 0.010416666666666666 0.025
1 0.55859375 0.5513888888888889 0.009895833333333333 0.028703703703703703
1 0.57421875 0.5518518518518519 0.0140625 0.02777777777777778
0 0.06432291666666666 0.5787037037037037 0.008854166666666666 0.024074074074074074
2 0.38984375 0.6476851851851853 0.10052083333333334 0.1953703703703704
2 0.06041666666666667 0.6324074074074074 0.05625 0.12407407407407407
2 0.5033854166666667 0.6240740740740741 0.0921875 0.16666666666666669
2 0.5643229166666667 0.6129629629629629 0.05677083333333333 0.15925925925925927