0 0.6880208333333333 0.5560185185185186 0.02395833333333333 0.03796296296296296
0 0.7169270833333333 0.5467592592592593 0.0203125 0.04166666666666667
1 0.57734375 0.5467592592592593 0.0140625 0.028703703703703703
0 0.5614583333333333 0.5532407407407408 0.016666666666666666 0.032407407407407406
1 0.5440104166666666 0.5592592592592592 0.0109375 0.024074074074074074
1 0.5322916666666666 0.5592592592592592 0.011458333333333333 0.022222222222222223
1 0.5153645833333333 0.5625 0.013020833333333334 0.02314814814814815
0 0.49296875 0.5546296296296297 0.0109375 0.02962962962962963
1 0.50546875 0.5615740740740741 0.0171875 0.028703703703703703
0 0.059895833333333336 0.5777777777777778 0.011458333333333333 0.024074074074074074
0 0.1328125 0.575462962962963 0.013541666666666667 0.025
0 0.11875 0.5814814814814815 0.009375 0.014814814814814815
2 0.69296875 0.6402777777777778 0.13489583333333333 0.225
2 0.06041666666666667 0.6328703703703704 0.05625 0.125
2 0.5033854166666667 0.6240740740740741 0.0921875 0.16666666666666669
2 0.56484375 0.6129629629629629 0.057812499999999996 0.15925925925925927
2 0.4888020833333333 0.6111111111111112 0.0765625 0.1462962962962963
2 0.86015625 0.5995370370370371 0.10572916666666667 0.17314814814814816