0 0.061197916666666664 0.5796296296296296 0.009895833333333333 0.018518518518518517
1 0.078125 0.5898148148148148 0.010416666666666666 0.018518518518518517
0 0.125 0.5773148148148148 0.010416666666666666 0.025
0 0.11432291666666666 0.5819444444444445 0.011979166666666666 0.021296296296296296
0 0.23645833333333333 0.5791666666666667 0.016666666666666666 0.036111111111111115
0 0.25390625 0.5731481481481482 0.01614583333333333 0.031481481481481485
0 0.3609375 0.5625 0.010416666666666666 0.025
0 0.37578125 0.5666666666666667 0.011979166666666666 0.02777777777777778
1 0.5067708333333333 0.5597222222222222 0.008333333333333333 0.017592592592592594
1 0.5166666666666666 0.5606481481481481 0.014583333333333334 0.030555555555555558
1 0.53203125 0.5601851851851852 0.013020833333333334 0.022222222222222223
1 0.5447916666666667 0.5597222222222222 0.013541666666666667 0.026851851851851852
0 0.5619791666666667 0.5518518518518519 0.015625 0.02962962962962963
1 0.5783854166666667 0.5523148148148148 0.0140625 0.028703703703703703
2 0.2359375 0.6467592592592593 0.08541666666666667 0.1824074074074074
2 0.06041666666666667 0.6328703703703704 0.05625 0.125
2 0.503125 0.6240740740740741 0.09270833333333334 0.16666666666666669
2 0.5651041666666666 0.6134259259259259 0.058333333333333334 0.16018518518518518
2 0.35494791666666664 0.6162037037037037 0.07239583333333333 0.13796296296296298
2 0.56953125 0.6055555555555556 0.07239583333333333 0.15