1 0.5075520833333333 0.5587962962962963 0.0109375 0.025
1 0.5174479166666667 0.5592592592592592 0.013020833333333334 0.02777777777777778
1 0.5315104166666667 0.5597222222222222 0.011979166666666666 0.025
1 0.5434895833333333 0.5606481481481481 0.0140625 0.026851851851851852
0 0.5609375 0.5513888888888889 0.016666666666666666 0.030555555555555558
1 0.5765625 0.55 0.0125 0.02592592592592593
0 0.41822916666666665 0.5611111111111111 0.011458333333333333 0.02592592592592593
0 0.40234375 0.5574074074074075 0.013020833333333334 0.024074074074074074
0 0.28229166666666666 0.5712962962962963 0.0125 0.024074074074074074
0 0.265625 0.5657407407407408 0.010416666666666666 0.020370370370370372
0 0.009114583333333334 0.5875 0.013020833333333334 0.026851851851851852
0 0.062239583333333334 0.5810185185185185 0.011979166666666666 0.021296296296296296
1 0.0796875 0.5884259259259259 0.009375 0.015740740740740743
0 0.11302083333333333 0.5819444444444445 0.010416666666666666 0.017592592592592594
0 0.12161458333333333 0.5796296296296296 0.0109375 0.022222222222222223
2 0.06041666666666667 0.6328703703703704 0.05625 0.125
2 0.503125 0.6240740740740741 0.09270833333333334 0.16666666666666669
2 0.5653645833333333 0.6129629629629629 0.058854166666666666 0.16111111111111112
2 0.39791666666666664 0.6129629629629629 0.07291666666666667 0.14074074074074075