1 0.5057291666666667 0.5574074074074075 0.009375 0.02592592592592593
1 0.5171875 0.5615740740740741 0.0125 0.028703703703703703
1 0.53203125 0.5611111111111111 0.011979166666666666 0.024074074074074074
1 0.5434895833333333 0.5597222222222222 0.0109375 0.026851851851851852
0 0.5591145833333333 0.5527777777777778 0.013020833333333334 0.02962962962962963
1 0.5755208333333334 0.5518518518518519 0.0125 0.02777777777777778
0 0.2791666666666667 0.5657407407407408 0.0125 0.022222222222222223
0 0.29270833333333335 0.5675925925925926 0.009375 0.020370370370370372
0 0.061197916666666664 0.5787037037037037 0.009895833333333333 0.022222222222222223
1 0.07864583333333333 0.5884259259259259 0.010416666666666666 0.01388888888888889
0 0.11302083333333333 0.5805555555555556 0.010416666666666666 0.018518518518518517
0 0.12161458333333333 0.5773148148148148 0.009895833333333333 0.021296296296296296
2 0.06015625 0.6328703703703704 0.05677083333333333 0.125
2 0.503125 0.6240740740740741 0.09270833333333334 0.16666666666666669
2 0.565625 0.6129629629629629 0.058333333333333334 0.16111111111111112
2 0.2838541666666667 0.6162037037037037 0.04791666666666666 0.12685185185185185
2 0.7450520833333333 0.6032407407407407 0.1015625 0.16574074074074074