0 0.14244791666666667 0.55 0.025520833333333333 0.0462962962962963
0 0.25078125 0.6458333333333334 0.0328125 0.07314814814814816
0 0.25546875 0.5115740740740741 0.015104166666666667 0.03796296296296296
0 0.27317708333333335 0.5226851851851853 0.0203125 0.03796296296296296
0 0.3421875 0.5513888888888889 0.02395833333333333 0.05277777777777778
0 0.365625 0.5750000000000001 0.025 0.05740740740740741
0 0.3796875 0.5541666666666667 0.021875 0.04722222222222222
0 0.396875 0.5435185185185185 0.022916666666666665 0.05
0 0.56796875 0.5365740740740741 0.0265625 0.05092592592592593
2 0.5877604166666667 0.6467592592592593 0.16510416666666666 0.28425925925925927
2 0.4 0.7189814814814816 0.18333333333333332 0.3527777777777778
2 0.28619791666666666 0.7990740740740742 0.21927083333333333 0.3962962962962963
2 0.39557291666666666 0.6689814814814815 0.1578125 0.2916666666666667
2 0.15989583333333332 0.6638888888888889 0.12604166666666666 0.2796296296296296
2 0.2765625 0.6 0.09270833333333334 0.21851851851851853