0 0.6466145833333333 0.49074074074074076 0.013020833333333334 0.02777777777777778
0 0.65703125 0.48703703703703705 0.0140625 0.03333333333333333
0 0.9859375 0.6245370370370371 0.026041666666666668 0.06944444444444445
0 0.06328125 0.6046296296296296 0.030729166666666665 0.05555555555555556
0 0.09661458333333334 0.6111111111111112 0.034895833333333334 0.07222222222222223
0 0.22005208333333334 0.587962962962963 0.0296875 0.06296296296296297
0 0.10677083333333333 0.5027777777777778 0.017708333333333333 0.037037037037037035
0 0.12578125 0.5083333333333333 0.0171875 0.040740740740740744
2 0.6424479166666667 0.5509259259259259 0.09010416666666667 0.15555555555555556
2 0.13697916666666665 0.5800925925925926 0.09895833333333333 0.20277777777777778
2 0.23177083333333334 0.7046296296296296 0.146875 0.3037037037037037
2 0.12604166666666666 0.763888888888889 0.1875 0.3925925925925926