0 0.2872395833333333 0.637962962962963 0.022395833333333334 0.044444444444444446
0 0.31484375 0.6337962962962963 0.0203125 0.04166666666666667
0 0.3502604166666667 0.7018518518518518 0.0296875 0.06666666666666667
0 0.4432291666666667 0.6893518518518519 0.029166666666666667 0.06574074074074074
0 0.46875 0.600462962962963 0.021875 0.04722222222222222
0 0.64609375 0.6337962962962963 0.025520833333333333 0.05092592592592593
0 0.6888020833333334 0.6268518518518519 0.0328125 0.06851851851851852
2 0.7276041666666666 0.7740740740740741 0.22916666666666666 0.37222222222222223
2 0.5018229166666667 0.8203703703703704 0.18072916666666666 0.3574074074074074
2 0.37838541666666664 0.8291666666666667 0.22135416666666666 0.33981481481481485
2 0.4770833333333333 0.7050925925925926 0.15104166666666666 0.2675925925925926
2 0.3229166666666667 0.7407407407407408 0.12291666666666666 0.26666666666666666