0 0.45729166666666665 0.7027777777777778 0.03958333333333333 0.07407407407407407
0 0.5921875 0.7453703703703703 0.04791666666666666 0.0962962962962963
0 0.6666666666666666 0.662962962962963 0.035416666666666666 0.07222222222222223
0 0.6755208333333333 0.7486111111111111 0.058333333333333334 0.10833333333333334
0 0.7356770833333334 0.5416666666666667 0.011979166666666666 0.02777777777777778
0 0.75703125 0.5393518518518519 0.0203125 0.032407407407407406
0 0.5411458333333333 0.549537037037037 0.014583333333333334 0.028703703703703703
2 0.53671875 0.6074074074074074 0.07760416666666667 0.15185185185185185
2 0.72578125 0.6050925925925926 0.09635416666666667 0.1712962962962963
2 0.7330729166666666 0.8092592592592593 0.1890625 0.37962962962962965
2 0.6893229166666667 0.8458333333333333 0.27760416666666665 0.30648148148148147
2 0.46796875 0.8287037037037037 0.19322916666666667 0.34074074074074073