1 0.11666666666666667 0.5777777777777778 0.014583333333333334 0.03518518518518519
0 0.13880208333333333 0.5967592592592593 0.018229166666666668 0.03796296296296296
0 0.15286458333333333 0.6027777777777777 0.013020833333333334 0.040740740740740744
0 0.01328125 0.6208333333333333 0.0203125 0.03981481481481482
0 0.7890625 0.7101851851851853 0.041666666666666664 0.07962962962962963
0 0.56796875 0.5476851851851852 0.0109375 0.021296296296296296
0 0.55625 0.5541666666666667 0.013541666666666667 0.026851851851851852
2 0.11171874999999999 0.6157407407407408 0.043229166666666666 0.11481481481481481
2 0.26510416666666664 0.612037037037037 0.05625 0.12962962962962962
2 0.5486979166666667 0.600925925925926 0.08385416666666666 0.13703703703703704
2 0.8231770833333333 0.8305555555555556 0.3171875 0.337037037037037
2 0.165625 0.6814814814814815 0.10208333333333333 0.20925925925925926
2 0.10781249999999999 0.65 0.05520833333333333 0.18703703703703706