0 0.5294270833333333 0.4912037037037037 0.011979166666666666 0.025
0 0.5455729166666666 0.4967592592592593 0.0171875 0.03981481481481482
0 0.571875 0.4962962962962963 0.017708333333333333 0.03888888888888889
0 0.6692708333333334 0.5055555555555555 0.015625 0.03518518518518519
0 0.6916666666666667 0.5074074074074074 0.01875 0.0462962962962963
0 0.8143229166666667 0.49768518518518523 0.0203125 0.04537037037037037
0 0.7385416666666667 0.4935185185185185 0.0125 0.02777777777777778
0 0.7255208333333333 0.4930555555555556 0.0125 0.028703703703703703
0 0.7166666666666667 0.487962962962963 0.010416666666666666 0.02777777777777778
2 0.8091145833333333 0.5962962962962963 0.1515625 0.25
2 0.5489583333333333 0.5810185185185185 0.11875 0.2175925925925926
2 0.6674479166666667 0.5939814814814816 0.13072916666666667 0.22870370370370371