0 0.5151041666666667 0.48240740740740745 0.020833333333333332 0.040740740740740744
0 0.5622395833333333 0.47175925925925927 0.015104166666666667 0.036111111111111115
0 0.5921875 0.4708333333333333 0.017708333333333333 0.030555555555555558
0 0.6153645833333333 0.4689814814814815 0.0171875 0.03425925925925926
0 0.7846354166666667 0.5018518518518519 0.0328125 0.061111111111111116
0 0.8263020833333333 0.49074074074074076 0.028645833333333332 0.05925925925925926
0 0.6091145833333333 0.5935185185185186 0.04739583333333333 0.08518518518518518
0 0.6614583333333334 0.6208333333333333 0.042708333333333334 0.0787037037037037
2 0.51171875 0.563425925925926 0.11302083333333333 0.2064814814814815
2 0.59140625 0.5476851851851852 0.09635416666666667 0.19907407407407407
2 0.7151041666666667 0.7708333333333334 0.30833333333333335 0.45462962962962966
2 0.7825520833333334 0.6328703703703704 0.15677083333333333 0.34351851851851856