0 0.12369791666666667 0.5074074074074074 0.0171875 0.03518518518518519
0 0.14348958333333334 0.4939814814814815 0.013020833333333334 0.026851851851851852
0 0.5138020833333333 0.4810185185185185 0.0171875 0.032407407407407406
0 0.5921875 0.47175925925925927 0.016666666666666666 0.032407407407407406
0 0.6127604166666667 0.4708333333333333 0.0171875 0.028703703703703703
0 0.68125 0.4712962962962963 0.02395833333333333 0.03888888888888889
0 0.62734375 0.45925925925925926 0.015104166666666667 0.024074074074074074
0 0.9591145833333333 0.45 0.028645833333333332 0.05
2 0.51171875 0.563425925925926 0.11197916666666667 0.2064814814814815
2 0.5903645833333333 0.5486111111111112 0.09635416666666667 0.20092592592592592
2 0.12421875 0.5750000000000001 0.0828125 0.1925925925925926
2 0.6778645833333333 0.5638888888888889 0.14947916666666666 0.23148148148148148
2 0.934375 0.549537037037037 0.13020833333333334 0.25833333333333336