0 0.14583333333333334 0.5486111111111112 0.025 0.05462962962962963
0 0.45390625 0.48564814814814816 0.0171875 0.03796296296296296
0 0.5145833333333333 0.4810185185185185 0.017708333333333333 0.036111111111111115
0 0.5908854166666666 0.47314814814814815 0.01614583333333333 0.03333333333333333
0 0.6138020833333333 0.4726851851851852 0.015104166666666667 0.032407407407407406
0 0.725 0.45972222222222225 0.019791666666666666 0.04166666666666667
2 0.51171875 0.563425925925926 0.11197916666666667 0.2064814814814815
2 0.590625 0.5486111111111112 0.096875 0.20092592592592592
2 0.45677083333333335 0.5689814814814815 0.11770833333333333 0.21574074074074076
2 0.7205729166666667 0.5537037037037037 0.1359375 0.23148148148148148
2 0.16458333333333333 0.6671296296296296 0.13854166666666667 0.2953703703703704