0 0.058333333333333334 0.6129629629629629 0.03229166666666666 0.06481481481481481
0 0.09401041666666667 0.5018518518518519 0.01614583333333333 0.031481481481481485
0 0.12760416666666666 0.512962962962963 0.016666666666666666 0.03518518518518519
1 0.23932291666666666 0.5273148148148148 0.01614583333333333 0.036111111111111115
0 0.21979166666666666 0.5101851851851852 0.022916666666666665 0.03888888888888889
0 0.26510416666666664 0.5486111111111112 0.025 0.04722222222222222
0 0.26927083333333335 0.4949074074074074 0.016666666666666666 0.036111111111111115
0 0.2875 0.5 0.019791666666666666 0.037037037037037035
0 0.5817708333333333 0.5444444444444445 0.030208333333333334 0.05740740740740741
0 0.7190104166666667 0.5990740740740741 0.04114583333333333 0.08333333333333334
0 0.7809895833333333 0.6532407407407408 0.050520833333333334 0.10462962962962963
2 0.8268229166666666 0.7972222222222223 0.3286458333333333 0.40370370370370373
2 0.7377604166666667 0.7731481481481481 0.22343749999999998 0.4351851851851852
2 0.6109375 0.6763888888888889 0.190625 0.3416666666666667
2 0.278125 0.6583333333333333 0.14479166666666665 0.26851851851851855
2 0.21614583333333334 0.6282407407407408 0.06458333333333333 0.23240740740740742
2 0.30390625 0.5745370370370371 0.10052083333333334 0.1953703703703704
2 0.08932291666666667 0.7546296296296297 0.14322916666666666 0.3685185185185185
2 0.13984375 0.5916666666666667 0.0890625 0.19814814814814816
2 0.08984375 0.5717592592592593 0.05260416666666667 0.17685185185185187