0 0.07630208333333333 0.549074074074074 0.019270833333333334 0.044444444444444446
0 0.011197916666666667 0.5523148148148148 0.022395833333333334 0.03981481481481482
0 0.24609375 0.5087962962962963 0.0140625 0.04166666666666667
0 0.43984375 0.5324074074074074 0.025520833333333333 0.0462962962962963
0 0.71328125 0.5453703703703704 0.030729166666666665 0.06666666666666667
0 0.7888020833333333 0.45601851851851855 0.0140625 0.026851851851851852
0 0.8153645833333333 0.4481481481481482 0.01614583333333333 0.03518518518518519
2 0.7833333333333333 0.5111111111111112 0.1 0.17037037037037037
2 0.74453125 0.7037037037037037 0.2359375 0.3962962962962963
2 0.4700520833333333 0.6486111111111111 0.15677083333333333 0.28240740740740744
2 0.02395833333333333 0.5750000000000001 0.04895833333333333 0.11296296296296297
2 0.25859375 0.600462962962963 0.1140625 0.23981481481481481
2 0.10208333333333333 0.6569444444444444 0.11145833333333333 0.27685185185185185