1 0.01484375 0.6180555555555556 0.01614583333333333 0.03796296296296296
0 0.026302083333333334 0.5884259259259259 0.015104166666666667 0.032407407407407406
0 0.050520833333333334 0.5925925925925926 0.013541666666666667 0.031481481481481485
0 0.06484375 0.6277777777777778 0.019270833333333334 0.044444444444444446
0 0.09947916666666666 0.6333333333333333 0.01875 0.04814814814814815
0 0.08541666666666667 0.6189814814814815 0.020833333333333332 0.03981481481481482
1 0.2833333333333333 0.5888888888888889 0.016666666666666666 0.03333333333333333
1 0.7833333333333333 0.5689814814814815 0.021875 0.04722222222222222
1 0.8341145833333333 0.5736111111111112 0.0234375 0.05648148148148149
0 0.98125 0.6111111111111112 0.035416666666666666 0.07962962962962963
2 0.86015625 0.7055555555555556 0.2046875 0.3314814814814815
2 0.29583333333333334 0.6717592592592593 0.11666666666666667 0.2212962962962963
2 0.10572916666666667 0.7314814814814815 0.13333333333333333 0.27222222222222225
2 0.027604166666666666 0.6981481481481482 0.05416666666666667 0.20555555555555557