0 0.7877604166666666 0.5523148148148148 0.024479166666666666 0.049074074074074076
0 0.8153645833333333 0.5856481481481481 0.018229166666666668 0.04166666666666667
0 0.8455729166666667 0.5560185185185186 0.0265625 0.049074074074074076
1 0.8841145833333334 0.5425925925925926 0.013020833333333334 0.022222222222222223
1 0.9044270833333333 0.5370370370370371 0.0140625 0.031481481481481485
0 0.3755208333333333 0.6430555555555556 0.026041666666666668 0.06018518518518519
0 0.34609375 0.6314814814814815 0.025520833333333333 0.05
1 0.2869791666666667 0.5981481481481482 0.013541666666666667 0.02962962962962963
1 0.26640625 0.5935185185185186 0.018229166666666668 0.03518518518518519
1 0.046875 0.7050925925925926 0.025 0.06018518518518519
0 0.03619791666666666 0.576388888888889 0.005729166666666666 0.017592592592592594
2 0.8528645833333334 0.663425925925926 0.18489583333333334 0.27870370370370373
2 0.4010416666666667 0.7773148148148148 0.19375 0.3490740740740741
2 0.2869791666666667 0.6833333333333333 0.08958333333333333 0.23148148148148148
2 0.8815104166666666 0.6050925925925926 0.10781249999999999 0.17685185185185187
2 0.07578125 0.8319444444444445 0.1515625 0.33425925925925926