0 0.015625 0.7236111111111111 0.030208333333333334 0.06944444444444445
1 0.26640625 0.5712962962962963 0.008854166666666666 0.022222222222222223
1 0.27734375 0.5685185185185185 0.011979166666666666 0.020370370370370372
0 0.34270833333333334 0.6245370370370371 0.026041666666666668 0.05462962962962963
0 0.36953125 0.6208333333333333 0.027604166666666666 0.05092592592592593
0 0.3875 0.6810185185185186 0.025 0.05277777777777778
0 0.4830729166666667 0.5745370370370371 0.0234375 0.05092592592592593
1 0.49895833333333334 0.6189814814814815 0.0125 0.030555555555555558
1 0.7341145833333333 0.6449074074074075 0.030729166666666665 0.06018518518518519
1 0.7877604166666666 0.6430555555555556 0.033854166666666664 0.06018518518518519
1 0.7989583333333333 0.5351851851851852 0.014583333333333334 0.02962962962962963
0 0.8273437499999999 0.5370370370370371 0.0140625 0.02592592592592593
0 0.859375 0.5328703703703704 0.013541666666666667 0.028703703703703703
2 0.26484375 0.6199074074074075 0.057812499999999996 0.12314814814814816
2 0.8278645833333333 0.8 0.2911458333333333 0.39814814814814814
2 0.5083333333333333 0.6759259259259259 0.15104166666666666 0.25925925925925924
2 0.7796875 0.5902777777777778 0.06666666666666667 0.14351851851851852
2 0.8296875 0.5916666666666667 0.09479166666666666 0.15555555555555556
2 0.4005208333333333 0.7546296296296297 0.17708333333333334 0.3351851851851852
2 0.06302083333333333 0.8393518518518519 0.12604166666666666 0.3194444444444445