0 0.40911458333333334 0.6393518518518518 0.0265625 0.058333333333333334
0 0.44479166666666664 0.6425925925925926 0.027083333333333334 0.06296296296296297
0 0.5192708333333333 0.5504629629629629 0.009375 0.02314814814814815
0 0.5299479166666666 0.5462962962962963 0.008854166666666666 0.022222222222222223
0 0.64609375 0.5402777777777777 0.013020833333333334 0.026851851851851852
0 0.665625 0.5462962962962963 0.014583333333333334 0.02962962962962963
1 0.8033854166666666 0.737037037037037 0.0421875 0.08703703703703704
0 0.87890625 0.7236111111111111 0.0546875 0.10648148148148148
2 0.5169270833333334 0.6027777777777777 0.07239583333333333 0.1425925925925926
2 0.6424479166666667 0.6055555555555556 0.09114583333333333 0.15925925925925927
2 0.87734375 0.8287037037037037 0.24427083333333333 0.34074074074074073
2 0.48046875 0.7907407407407407 0.20572916666666666 0.37592592592592594