1 0.1765625 0.5305555555555556 0.015625 0.03518518518518519
0 0.20390624999999998 0.5287037037037037 0.019270833333333334 0.04814814814814815
0 0.37864583333333335 0.6143518518518519 0.03333333333333333 0.06574074074074074
0 0.41953124999999997 0.5875 0.030729166666666665 0.05092592592592593
0 0.9731770833333333 0.4689814814814815 0.021354166666666667 0.049074074074074076
0 0.8265625 0.5972222222222222 0.05 0.10185185185185186
0 0.40260416666666665 0.487962962962963 0.011458333333333333 0.024074074074074074
0 0.38776041666666666 0.4939814814814815 0.008854166666666666 0.02314814814814815
0 0.3802083333333333 0.4986111111111111 0.008333333333333333 0.019444444444444445
0 0.13776041666666666 0.5074074074074074 0.009895833333333333 0.020370370370370372
2 0.8572916666666667 0.7768518518518519 0.284375 0.4425925925925926
2 0.4263020833333333 0.7875 0.23385416666666667 0.42314814814814816
2 0.47109375 0.7208333333333333 0.13802083333333334 0.32685185185185184
2 0.21328125 0.6180555555555556 0.11197916666666667 0.23611111111111113
2 0.9361979166666666 0.5726851851851852 0.1265625 0.2601851851851852
2 0.38567708333333334 0.5444444444444445 0.07135416666666666 0.14074074074074075