0 0.2520833333333333 0.5527777777777778 0.025 0.05185185185185186
0 0.33098958333333334 0.4939814814814815 0.008854166666666666 0.019444444444444445
0 0.25546875 0.49768518518518523 0.009895833333333333 0.021296296296296296
0 0.24505208333333334 0.4981481481481482 0.009895833333333333 0.016666666666666666
0 0.08958333333333333 0.5319444444444444 0.01875 0.03796296296296296
0 0.17630208333333333 0.5078703703703704 0.0140625 0.030555555555555558
0 0.20677083333333332 0.5023148148148149 0.010416666666666666 0.021296296296296296
0 0.21692708333333333 0.5097222222222222 0.0078125 0.015740740740740743
2 0.27630208333333334 0.6592592592592593 0.1328125 0.27592592592592596
2 0.17135416666666667 0.5750000000000001 0.07708333333333334 0.17592592592592593
2 0.10338541666666666 0.6166666666666667 0.1015625 0.21851851851851853
2 0.24427083333333333 0.5481481481481482 0.058333333333333334 0.13148148148148148
2 0.6572916666666666 0.5407407407407407 0.084375 0.1537037037037037
2 0.7276041666666666 0.5430555555555556 0.08333333333333333 0.16574074074074074