0 0.184375 0.6523148148148148 0.025 0.05462962962962963
0 0.20651041666666667 0.6564814814814816 0.027604166666666666 0.06296296296296297
1 0.33046875 0.575925925925926 0.019270833333333334 0.040740740740740744
0 0.35546875 0.5703703703703704 0.022395833333333334 0.03888888888888889
0 0.5859375 0.6759259259259259 0.036458333333333336 0.07407407407407407
1 0.9088541666666666 0.5842592592592593 0.025 0.04814814814814815
1 0.9515625 0.5828703703703704 0.027083333333333334 0.05092592592592593
2 0.9338541666666667 0.712962962962963 0.13125 0.32407407407407407
2 0.63359375 0.8185185185185185 0.2515625 0.3611111111111111
2 0.3611979166666667 0.6527777777777778 0.10781249999999999 0.20185185185185187
2 0.23255208333333333 0.7972222222222223 0.1953125 0.3425925925925926