0 0.22317708333333333 0.5625 0.013020833333333334 0.026851851851851852
0 0.13072916666666667 0.6583333333333333 0.028125 0.05
0 0.27630208333333334 0.6166666666666667 0.0234375 0.040740740740740744
0 0.3091145833333333 0.6236111111111111 0.025520833333333333 0.04722222222222222
0 0.41302083333333334 0.5606481481481481 0.015625 0.03425925925925926
0 0.9197916666666667 0.6467592592592593 0.036458333333333336 0.07314814814814816
0 0.5778645833333333 0.6402777777777778 0.034895833333333334 0.062037037037037036
0 0.525 0.7134259259259259 0.03333333333333333 0.07685185185185185
2 0.22317708333333333 0.6148148148148148 0.058854166666666666 0.11851851851851852
2 0.40598958333333335 0.6134259259259259 0.07135416666666666 0.13796296296296298
2 0.9361979166666666 0.8050925925925926 0.1265625 0.38796296296296295
2 0.6072916666666667 0.7935185185185185 0.20208333333333334 0.37222222222222223
2 0.5453125 0.8319444444444445 0.2760416666666667 0.33425925925925926
2 0.31875 0.7319444444444445 0.15208333333333332 0.2898148148148148
2 0.15104166666666666 0.7805555555555556 0.15416666666666667 0.3055555555555556