0 0.009635416666666667 0.6564814814814816 0.0203125 0.04814814814814815
0 0.03984375 0.6583333333333333 0.0234375 0.05
0 0.9125 0.6680555555555556 0.03958333333333333 0.08796296296296297
0 0.5635416666666666 0.6481481481481481 0.03333333333333333 0.061111111111111116
0 0.2046875 0.5703703703703704 0.008333333333333333 0.020370370370370372
0 0.21666666666666667 0.5694444444444444 0.010416666666666666 0.018518518518518517
0 0.030208333333333334 0.5773148148148148 0.008333333333333333 0.025
2 0.028125 0.6199074074074075 0.04895833333333333 0.10833333333333334
2 0.20130208333333333 0.6162037037037037 0.05677083333333333 0.11388888888888889
2 0.9036458333333334 0.8111111111111111 0.19166666666666665 0.37592592592592594
2 0.5854166666666667 0.8041666666666667 0.21770833333333334 0.3842592592592593
2 0.06953125 0.7837962962962963 0.14010416666666667 0.30462962962962964