0 0.07786458333333333 0.6944444444444444 0.034895833333333334 0.06481481481481481
0 0.10989583333333333 0.7143518518518519 0.03333333333333333 0.0712962962962963
0 0.6640625 0.6851851851851852 0.042708333333333334 0.08888888888888889
0 0.7419270833333333 0.6865740740740741 0.03802083333333333 0.08055555555555556
1 0.7052083333333333 0.7532407407407408 0.03125 0.058333333333333334
0 0.11380208333333333 0.5726851851851852 0.013020833333333334 0.025
1 0.16197916666666667 0.5671296296296297 0.008333333333333333 0.028703703703703703
1 0.17578125 0.5680555555555555 0.011979166666666666 0.021296296296296296
2 0.1296875 0.8268518518518518 0.184375 0.3425925925925926
2 0.11119791666666666 0.6175925925925926 0.05260416666666667 0.11481481481481481
2 0.16041666666666665 0.6143518518518519 0.052083333333333336 0.1287037037037037
2 0.76328125 0.8194444444444445 0.2994791666666667 0.3592592592592593