1 0.3067708333333333 0.6111111111111112 0.020833333333333332 0.03888888888888889
1 0.34140625 0.5962962962962963 0.018229166666666668 0.03888888888888889
1 0.409375 0.5555555555555556 0.011458333333333333 0.020370370370370372
0 0.42682291666666666 0.5564814814814815 0.009895833333333333 0.02592592592592593
0 0.5455729166666666 0.5472222222222223 0.013020833333333334 0.02592592592592593
1 0.5565104166666667 0.5337962962962963 0.009895833333333333 0.019444444444444445
0 0.6059895833333333 0.5472222222222223 0.013020833333333334 0.02592592592592593
0 0.2916666666666667 0.5671296296296297 0.011458333333333333 0.015740740740740743
0 0.21901041666666665 0.5851851851851853 0.0140625 0.02962962962962963
1 0.1546875 0.6398148148148148 0.01875 0.05
1 0.12604166666666666 0.6407407407407407 0.019791666666666666 0.04259259259259259
0 0.10416666666666667 0.6430555555555556 0.016666666666666666 0.03796296296296296
0 0.19921875 0.5800925925925926 0.01614583333333333 0.030555555555555558
0 0.16145833333333334 0.5675925925925926 0.010416666666666666 0.024074074074074074
0 0.14947916666666666 0.576388888888889 0.011458333333333333 0.02314814814814815
0 0.12682291666666667 0.5773148148148148 0.0109375 0.021296296296296296
0 0.11197916666666667 0.5837962962962964 0.010416666666666666 0.021296296296296296
1 0.01328125 0.5814814814814815 0.011979166666666666 0.020370370370370372
2 0.16041666666666665 0.7620370370370371 0.14270833333333333 0.3074074074074074
2 0.35911458333333335 0.7041666666666667 0.1359375 0.2657407407407408
2 0.10911458333333333 0.6226851851851852 0.05572916666666666 0.11203703703703705
2 0.016927083333333332 0.6328703703703704 0.034895833333333334 0.13611111111111113
2 0.15364583333333334 0.5847222222222223 0.03229166666666666 0.062037037037037036
2 0.2903645833333333 0.6129629629629629 0.057812499999999996 0.12222222222222223
2 0.42916666666666664 0.6074074074074074 0.053125 0.13148148148148148
2 0.19401041666666666 0.65 0.08177083333333333 0.17222222222222222
2 0.4075520833333333 0.6157407407407408 0.07760416666666667 0.1537037037037037
2 0.53984375 0.6097222222222223 0.07864583333333333 0.14351851851851852
2 0.6067708333333334 0.600462962962963 0.07291666666666667 0.14166666666666666