0 0.06614583333333333 0.500462962962963 0.009375 0.017592592592592594
0 0.13020833333333334 0.4967592592592593 0.009375 0.019444444444444445
0 0.14322916666666666 0.500462962962963 0.009375 0.017592592592592594
0 0.15390625 0.49259259259259264 0.009895833333333333 0.018518518518518517
0 0.52421875 0.5189814814814815 0.025520833333333333 0.04722222222222222
0 0.61796875 0.4550925925925926 0.011979166666666666 0.025
0 0.5734375 0.5527777777777778 0.028125 0.05555555555555556
0 0.7604166666666666 0.5782407407407407 0.042708333333333334 0.075
2 0.81484375 0.7675925925925926 0.28802083333333334 0.46111111111111114
2 0.50859375 0.6402777777777778 0.0859375 0.30462962962962964
2 0.6041666666666666 0.6981481481481482 0.19479166666666667 0.3666666666666667
2 0.6135416666666667 0.5273148148148148 0.08958333333333333 0.1712962962962963
2 0.15598958333333332 0.5333333333333333 0.034895833333333334 0.10370370370370371
2 0.0640625 0.5444444444444445 0.05416666666666667 0.11481481481481481
2 0.128125 0.5393518518518519 0.051041666666666666 0.11574074074074074