1 0.0125 0.6583333333333333 0.022916666666666665 0.05
0 0.10625 0.6171296296296297 0.022916666666666665 0.04537037037037037
0 0.12291666666666666 0.625462962962963 0.021875 0.049074074074074076
1 0.16458333333333333 0.6662037037037037 0.02395833333333333 0.05092592592592593
1 0.19765625 0.6675925925925926 0.03177083333333333 0.061111111111111116
1 0.21171874999999998 0.7240740740740741 0.0234375 0.04259259259259259
0 0.5442708333333334 0.6324074074074074 0.03125 0.061111111111111116
0 0.8572916666666667 0.7412037037037037 0.04479166666666667 0.08425925925925926
0 0.9153645833333334 0.7199074074074074 0.0546875 0.11203703703703705
1 0.6671875 0.5458333333333334 0.010416666666666666 0.02314814814814815
1 0.6796875 0.5550925925925926 0.010416666666666666 0.017592592592592594
2 0.8942708333333333 0.8273148148148148 0.21041666666666667 0.34351851851851856
2 0.5776041666666667 0.7842592592592593 0.21770833333333334 0.3685185185185185
2 0.23489583333333333 0.8166666666666667 0.18958333333333333 0.3648148148148148
2 0.11328125 0.7324074074074074 0.07447916666666667 0.2796296296296296
2 0.04973958333333333 0.7851851851851852 0.0984375 0.3055555555555556
2 0.6708333333333333 0.6027777777777777 0.09166666666666666 0.14074074074074075