0 0.42135416666666664 0.6939814814814815 0.03229166666666666 0.06574074074074074
0 0.4591145833333333 0.6694444444444445 0.0328125 0.05555555555555556
1 0.5078125 0.7347222222222223 0.019791666666666666 0.05462962962962963
1 0.055989583333333336 0.7074074074074075 0.024479166666666666 0.05555555555555556
1 0.084375 0.7115740740740741 0.030208333333333334 0.06574074074074074
1 0.11484375 0.6546296296296297 0.018229166666666668 0.044444444444444446
0 0.15338541666666666 0.587037037037037 0.015104166666666667 0.031481481481481485
0 0.07578125 0.6421296296296296 0.0234375 0.04722222222222222
2 0.5080729166666667 0.8171296296296297 0.23489583333333333 0.36388888888888893
2 0.16588541666666667 0.6555555555555556 0.06927083333333334 0.17962962962962964
2 0.11796875 0.8287037037037037 0.18697916666666667 0.34074074074074073
2 0.12916666666666665 0.7703703703703704 0.14270833333333333 0.312962962962963