1 0.34609375 0.5606481481481481 0.013020833333333334 0.025
1 0.36666666666666664 0.5620370370370371 0.009375 0.020370370370370372
1 0.46979166666666666 0.5560185185185186 0.009375 0.017592592592592594
1 0.48359375 0.5532407407407408 0.008854166666666666 0.017592592592592594
1 0.6434895833333333 0.5555555555555556 0.015104166666666667 0.02962962962962963
1 0.6669270833333333 0.549074074074074 0.01614583333333333 0.02962962962962963
1 0.8841145833333334 0.5782407407407407 0.015104166666666667 0.028703703703703703
1 0.9135416666666667 0.5370370370370371 0.017708333333333333 0.03518518518518519
1 0.9513020833333333 0.5370370370370371 0.0171875 0.03518518518518519
2 0.34401041666666665 0.6203703703703703 0.08802083333333333 0.15185185185185185
2 0.4692708333333333 0.612037037037037 0.07395833333333333 0.1425925925925926
2 0.63125 0.6402777777777778 0.13645833333333332 0.23055555555555557
2 0.9020833333333333 0.6425925925925926 0.171875 0.2611111111111111