0 0.17734375 0.5791666666666667 0.013020833333333334 0.02314814814814815
1 0.26796875 0.5875 0.019270833333333334 0.03425925925925926
0 0.40260416666666665 0.6166666666666667 0.020833333333333332 0.04259259259259259
0 0.42291666666666666 0.6282407407407408 0.028125 0.05092592592592593
1 0.46640624999999997 0.5972222222222222 0.019270833333333334 0.037037037037037035
1 0.4979166666666667 0.6018518518518519 0.019791666666666666 0.044444444444444446
0 0.7677083333333333 0.6194444444444445 0.03125 0.06851851851851852
0 0.8046875 0.6824074074074075 0.03854166666666667 0.06851851851851852
0 0.8716145833333333 0.6708333333333334 0.0421875 0.07314814814814816
0 0.8640625 0.7444444444444445 0.04583333333333333 0.08703703703703704
0 0.9375 0.7601851851851852 0.06458333333333333 0.10185185185185186
1 0.8283854166666667 0.7490740740740741 0.025520833333333333 0.05740740740740741
2 0.7283854166666667 0.7814814814814816 0.13177083333333334 0.40370370370370373
2 0.8395833333333333 0.8111111111111111 0.15625 0.37592592592592594
2 0.5203125 0.7203703703703704 0.16354166666666667 0.3
2 0.44505208333333335 0.7564814814814815 0.17135416666666667 0.33333333333333337
2 0.2921875 0.6958333333333334 0.159375 0.26944444444444443
2 0.17447916666666666 0.6398148148148148 0.07291666666666667 0.1574074074074074