0 0.4947916666666667 0.5583333333333333 0.01875 0.03518518518518519
0 0.15885416666666666 0.675 0.026041666666666668 0.053703703703703705
0 0.11848958333333333 0.6662037037037037 0.0265625 0.05092592592592593
0 0.20364583333333333 0.6074074074074074 0.021875 0.03333333333333333
0 0.221875 0.625925925925926 0.017708333333333333 0.037037037037037035
0 0.23854166666666665 0.5680555555555555 0.008333333333333333 0.015740740740740743
0 0.22447916666666667 0.5736111111111112 0.008333333333333333 0.015740740740740743
1 0.03854166666666667 0.6138888888888889 0.010416666666666666 0.02592592592592593
1 0.04973958333333333 0.6134259259259259 0.0109375 0.025
1 0.06796875 0.6435185185185185 0.013020833333333334 0.02777777777777778
0 0.022916666666666665 0.5875 0.009375 0.021296296296296296
2 0.24375 0.7152777777777778 0.13229166666666667 0.26203703703703707
2 0.17682291666666666 0.813425925925926 0.18802083333333333 0.3675925925925926
2 0.06015625 0.6958333333333334 0.07864583333333333 0.2064814814814815
2 0.018489583333333334 0.6435185185185185 0.034895833333333334 0.1425925925925926
2 0.22213541666666667 0.6171296296296297 0.05677083333333333 0.1212962962962963
2 0.4739583333333333 0.6305555555555555 0.07604166666666666 0.1851851851851852