0 0.12291666666666666 0.6453703703703704 0.028125 0.05
0 0.6606770833333333 0.6842592592592592 0.028645833333333332 0.06296296296296297
0 0.6942708333333333 0.6967592592592593 0.036458333333333336 0.08240740740740742
0 0.8578125 0.6537037037037037 0.03229166666666666 0.06851851851851852
0 0.9161458333333333 0.6712962962962963 0.03229166666666666 0.061111111111111116
0 0.184375 0.5731481481481482 0.013541666666666667 0.02592592592592593
0 0.23151041666666666 0.5726851851851852 0.0109375 0.021296296296296296
0 0.04583333333333333 0.575925925925926 0.00625 0.012962962962962964
0 0.0390625 0.576388888888889 0.00625 0.01388888888888889
2 0.91171875 0.8064814814814815 0.17552083333333332 0.3851851851851852
2 0.7489583333333333 0.8194444444444445 0.2677083333333333 0.3592592592592593
2 0.13854166666666667 0.7722222222222223 0.140625 0.3092592592592593
2 0.18151041666666667 0.6361111111111112 0.07447916666666667 0.1574074074074074
2 0.23697916666666666 0.6199074074074075 0.041666666666666664 0.12314814814814816
2 0.03828125 0.6134259259259259 0.0359375 0.09351851851851853
2 0.5765625 0.6129629629629629 0.06041666666666667 0.15555555555555556