0 0.03802083333333333 0.6226851851851852 0.026041666666666668 0.04537037037037037
0 0.91171875 0.6759259259259259 0.0359375 0.06666666666666667
1 0.6544270833333333 0.7291666666666667 0.03802083333333333 0.09537037037037037
1 0.3984375 0.6935185185185185 0.03229166666666666 0.06296296296296297
0 0.33619791666666665 0.674537037037037 0.027604166666666666 0.05462962962962963
0 0.3403645833333333 0.625462962962963 0.022395833333333334 0.04722222222222222
0 0.10572916666666667 0.6518518518518519 0.021875 0.04814814814814815
2 0.9067708333333333 0.8166666666666667 0.18541666666666667 0.3648148148148148
2 0.33567708333333335 0.6902777777777778 0.10052083333333334 0.18796296296296297
2 0.32447916666666665 0.7990740740740742 0.11770833333333333 0.32222222222222224
2 0.12552083333333333 0.7620370370370371 0.13229166666666667 0.2740740740740741
2 0.04973958333333333 0.6870370370370371 0.0671875 0.18703703703703706