0 0.05182291666666666 0.5768518518518518 0.0078125 0.014814814814814815
1 0.06067708333333333 0.5814814814814815 0.0078125 0.014814814814814815
0 0.11484375 0.5819444444444445 0.008854166666666666 0.017592592592592594
0 0.12552083333333333 0.5782407407407407 0.008333333333333333 0.015740740740740743
0 0.2635416666666667 0.5638888888888889 0.010416666666666666 0.022222222222222223
1 0.3611979166666667 0.5583333333333333 0.009895833333333333 0.020370370370370372
1 0.371875 0.5597222222222222 0.009375 0.019444444444444445
1 0.4947916666666667 0.5435185185185185 0.011458333333333333 0.02777777777777778
2 0.05286458333333333 0.6217592592592592 0.0453125 0.11574074074074074
2 0.1171875 0.6203703703703703 0.04583333333333333 0.11111111111111112
2 0.26197916666666665 0.612037037037037 0.046875 0.11851851851851852
2 0.365625 0.6092592592592593 0.06041666666666667 0.12962962962962962
2 0.49557291666666664 0.6087962962962963 0.0796875 0.16203703703703703
2 0.8130208333333333 0.600925925925926 0.103125 0.1685185185185185