0 0.9494791666666667 0.5268518518518519 0.017708333333333333 0.037037037037037035
0 0.4671875 0.5592592592592592 0.009375 0.018518518518518517
0 0.45390625 0.5555555555555556 0.0109375 0.024074074074074074
1 0.26328125 0.5606481481481481 0.009895833333333333 0.019444444444444445
1 0.18880208333333334 0.5694444444444444 0.0067708333333333336 0.014814814814814815
1 0.1828125 0.5675925925925926 0.008333333333333333 0.016666666666666666
0 0.10963541666666667 0.5768518518518518 0.008854166666666666 0.016666666666666666
0 0.029427083333333333 0.5833333333333334 0.0067708333333333336 0.014814814814814815
0 0.018229166666666668 0.5884259259259259 0.007291666666666667 0.01388888888888889
0 0.00234375 0.5842592592592593 0.005729166666666666 0.014814814814814815
2 0.024479166666666666 0.6236111111111111 0.036458333333333336 0.10277777777777779
2 0.10963541666666667 0.6143518518518519 0.0421875 0.10277777777777779
2 0.1859375 0.6129629629629629 0.046875 0.11481481481481481
2 0.2604166666666667 0.6138888888888889 0.05625 0.1425925925925926
2 0.45260416666666664 0.6092592592592593 0.071875 0.14074074074074075
2 0.55234375 0.6041666666666667 0.0703125 0.13796296296296298
2 0.9403645833333333 0.600462962962963 0.11822916666666666 0.18425925925925926