0 0.024479166666666666 0.5824074074074075 0.008333333333333333 0.014814814814814815
1 0.04192708333333333 0.5814814814814815 0.0078125 0.012962962962962964
1 0.13020833333333334 0.5717592592592593 0.010416666666666666 0.019444444444444445
0 0.56484375 0.5481481481481482 0.013020833333333334 0.02962962962962963
1 0.86015625 0.5342592592592593 0.0140625 0.03333333333333333
0 0.8877604166666666 0.5361111111111111 0.01614583333333333 0.02777777777777778
1 0.8731770833333333 0.5398148148148149 0.008854166666666666 0.022222222222222223
2 0.039322916666666666 0.6180555555555556 0.03697916666666667 0.10092592592592593
2 0.13177083333333334 0.6180555555555556 0.046875 0.1287037037037037
2 0.25026041666666665 0.6134259259259259 0.0390625 0.1175925925925926
2 0.30885416666666665 0.6129629629629629 0.051041666666666666 0.12037037037037038
2 0.5638020833333334 0.6023148148148149 0.0828125 0.14537037037037037
2 0.8497395833333333 0.6023148148148149 0.11197916666666667 0.1824074074074074