0 0.24036458333333333 0.5652777777777778 0.009895833333333333 0.01388888888888889
0 0.4356770833333333 0.6351851851851852 0.0265625 0.053703703703703705
0 0.5359375 0.6569444444444444 0.036458333333333336 0.062037037037037036
0 0.4518229166666667 0.5564814814814815 0.0140625 0.02592592592592593
0 0.9309895833333334 0.55 0.018229166666666668 0.03518518518518519
0 0.9536458333333333 0.5337962962962963 0.013541666666666667 0.032407407407407406
2 0.5794270833333334 0.8083333333333333 0.23697916666666666 0.3814814814814815
2 0.4322916666666667 0.7592592592592593 0.13958333333333334 0.3092592592592593
2 0.23619791666666667 0.6092592592592593 0.05364583333333333 0.11111111111111112
2 0.44817708333333334 0.6175925925925926 0.0828125 0.1574074074074074
2 0.9197916666666667 0.6148148148148148 0.12708333333333333 0.2