0 0.5575520833333333 0.5550925925925926 0.011979166666666666 0.025
0 0.5697916666666667 0.5504629629629629 0.011458333333333333 0.02314814814814815
0 0.37473958333333335 0.5643518518518519 0.0109375 0.028703703703703703
0 0.35651041666666666 0.5643518518518519 0.0109375 0.02314814814814815
1 0.2755208333333333 0.5546296296296297 0.009375 0.018518518518518517
0 0.2640625 0.5606481481481481 0.008333333333333333 0.017592592592592594
0 0.21354166666666666 0.6523148148148148 0.022916666666666665 0.04722222222222222
0 0.18229166666666666 0.65 0.020833333333333332 0.04259259259259259
0 0.20052083333333334 0.5620370370370371 0.008333333333333333 0.018518518518518517
0 0.19270833333333334 0.5731481481481482 0.009375 0.018518518518518517
2 0.24010416666666667 0.7902777777777779 0.16458333333333333 0.33611111111111114
2 0.19270833333333334 0.587037037037037 0.04375 0.07592592592592592
2 0.2591145833333333 0.6129629629629629 0.06510416666666667 0.14074074074074075
2 0.375 0.6416666666666667 0.09895833333333333 0.19444444444444445
2 0.3403645833333333 0.6203703703703703 0.05364583333333333 0.14444444444444446
2 0.5533854166666666 0.6125 0.09114583333333333 0.16203703703703703