0 0.8364583333333333 0.7787037037037038 0.057291666666666664 0.10740740740740741
0 0.7268229166666667 0.5416666666666667 0.0140625 0.02777777777777778
0 0.565625 0.5583333333333333 0.015625 0.02962962962962963
0 0.2890625 0.5611111111111111 0.009375 0.016666666666666666
0 0.27421875 0.5648148148148149 0.0109375 0.020370370370370372
0 0.24348958333333334 0.5689814814814815 0.011979166666666666 0.025
0 0.15911458333333334 0.5722222222222223 0.0109375 0.020370370370370372
2 0.8346354166666666 0.8611111111111112 0.27239583333333334 0.2740740740740741
2 0.24453125 0.6416666666666667 0.08385416666666666 0.17777777777777778
2 0.28151041666666665 0.6125 0.04010416666666666 0.13425925925925927
2 0.72265625 0.6046296296296296 0.09322916666666667 0.1574074074074074
2 0.5653645833333333 0.6194444444444445 0.09114583333333333 0.16111111111111112