1 0.3625 0.6027777777777777 0.02395833333333333 0.053703703703703705
1 0.37604166666666666 0.6226851851851852 0.01875 0.04537037037037037
1 0.4015625 0.600462962962963 0.02395833333333333 0.058333333333333334
0 0.6885416666666666 0.4569444444444445 0.013541666666666667 0.021296296296296296
0 0.6502604166666667 0.4550925925925926 0.011979166666666666 0.02314814814814815
0 0.22760416666666666 0.4898148148148148 0.011458333333333333 0.020370370370370372
0 0.10885416666666667 0.500925925925926 0.010416666666666666 0.020370370370370372
0 0.09765625 0.49722222222222223 0.0109375 0.020370370370370372
2 0.10494791666666667 0.5435185185185185 0.057812499999999996 0.10925925925925926
2 0.09895833333333333 0.5458333333333334 0.057291666666666664 0.1212962962962963
2 0.22630208333333332 0.537962962962963 0.05364583333333333 0.12037037037037038
2 0.6388020833333333 0.513425925925926 0.06822916666666666 0.14537037037037037
2 0.6864583333333333 0.5185185185185185 0.0875 0.1537037037037037
2 0.4328125 0.7601851851851852 0.22083333333333333 0.3962962962962963