1 0.44869791666666664 0.6620370370370371 0.025520833333333333 0.05555555555555556
1 0.5036458333333333 0.6481481481481481 0.029166666666666667 0.05740740740740741
1 0.4809895833333333 0.674074074074074 0.019270833333333334 0.0462962962962963
1 0.5052083333333334 0.5699074074074074 0.015625 0.03796296296296296
1 0.52109375 0.575925925925926 0.01614583333333333 0.037037037037037035
0 0.5544270833333333 0.549537037037037 0.013020833333333334 0.021296296296296296
0 0.5731770833333333 0.5425925925925926 0.013020833333333334 0.020370370370370372
0 0.6739583333333333 0.5444444444444445 0.010416666666666666 0.022222222222222223
0 0.31484375 0.5643518518518519 0.009895833333333333 0.021296296296296296
1 0.32890625 0.575462962962963 0.0078125 0.017592592592592594
0 0.07760416666666667 0.6148148148148148 0.015625 0.04259259259259259
0 0.05911458333333333 0.6189814814814815 0.01614583333333333 0.03425925925925926
1 0.09270833333333334 0.5819444444444445 0.008333333333333333 0.019444444444444445
0 0.02578125 0.5837962962962964 0.011979166666666666 0.019444444444444445
2 0.5481770833333334 0.6712962962962963 0.1296875 0.25
2 0.5286458333333334 0.8037037037037037 0.225 0.3907407407407408
2 0.08541666666666667 0.725 0.11770833333333333 0.2740740740740741
2 0.023177083333333334 0.6296296296296297 0.0453125 0.12222222222222223
2 0.08671875 0.625462962962963 0.05260416666666667 0.11388888888888889
2 0.31145833333333334 0.6189814814814815 0.06666666666666667 0.13240740740740742
2 0.54609375 0.6046296296296296 0.08489583333333334 0.1574074074074074
2 0.67265625 0.5962962962962963 0.07864583333333333 0.13703703703703704