0 0.14322916666666666 0.575462962962963 0.009375 0.017592592592592594
0 0.15598958333333332 0.5689814814814815 0.011979166666666666 0.019444444444444445
0 0.34609375 0.5625 0.009895833333333333 0.017592592592592594
0 0.5221354166666666 0.549074074074074 0.013020833333333334 0.022222222222222223
1 0.5361979166666666 0.5486111111111112 0.0109375 0.021296296296296296
1 0.9231770833333334 0.7310185185185185 0.04114583333333333 0.08240740740740742
1 0.9822916666666667 0.7708333333333334 0.029166666666666667 0.10092592592592593
0 0.8296875 0.5375 0.014583333333333334 0.030555555555555558
1 0.8484375 0.5314814814814816 0.013541666666666667 0.02592592592592593
2 0.14140625 0.6194444444444445 0.058854166666666666 0.12592592592592594
2 0.34270833333333334 0.6069444444444445 0.05416666666666667 0.11574074074074074
2 0.51875 0.6074074074074074 0.078125 0.14814814814814814
2 0.8236979166666667 0.5935185185185186 0.09947916666666666 0.16111111111111112