1 0.8239583333333333 0.5407407407407407 0.019791666666666666 0.03518518518518519
1 0.8559895833333333 0.5324074074074074 0.0171875 0.02962962962962963
0 0.5205729166666666 0.549537037037037 0.0140625 0.025
0 0.1109375 0.5884259259259259 0.010416666666666666 0.019444444444444445
0 0.09973958333333333 0.5819444444444445 0.009895833333333333 0.02314814814814815
1 0.0640625 0.5796296296296296 0.008333333333333333 0.012962962962962964
0 0.057291666666666664 0.5851851851851853 0.008333333333333333 0.012962962962962964
1 0.01953125 0.5819444444444445 0.0067708333333333336 0.01388888888888889
2 0.2 0.611574074074074 0.046875 0.10648148148148148
2 0.8216145833333334 0.6180555555555556 0.13802083333333334 0.22870370370370371
2 0.515625 0.6171296296296297 0.09270833333333334 0.1675925925925926
2 0.09427083333333333 0.6435185185185185 0.06979166666666667 0.15925925925925927