0 0.9559895833333333 0.5291666666666667 0.019270833333333334 0.032407407407407406
1 0.9205729166666666 0.5222222222222223 0.0109375 0.022222222222222223
1 0.8937499999999999 0.5300925925925926 0.013541666666666667 0.026851851851851852
1 0.9091145833333333 0.5449074074074074 0.011979166666666666 0.019444444444444445
1 0.8794270833333333 0.5532407407407408 0.0109375 0.02314814814814815
1 0.4830729166666667 0.5504629629629629 0.013020833333333334 0.02314814814814815
1 0.4705729166666667 0.5550925925925926 0.011979166666666666 0.02314814814814815
0 0.34010416666666665 0.5606481481481481 0.008333333333333333 0.015740740740740743
1 0.328125 0.5662037037037038 0.011458333333333333 0.019444444444444445
0 0.18671875 0.5796296296296296 0.008854166666666666 0.020370370370370372
0 0.17942708333333332 0.575462962962963 0.0109375 0.019444444444444445
2 0.17760416666666667 0.6203703703703703 0.046875 0.11851851851851852
2 0.3380208333333333 0.6083333333333334 0.058333333333333334 0.12222222222222223
2 0.46640624999999997 0.6134259259259259 0.06927083333333334 0.15462962962962964
2 0.9416666666666667 0.6087962962962963 0.11562499999999999 0.19907407407407407
2 0.8841145833333334 0.5907407407407408 0.1015625 0.16296296296296298