1 0.13125 0.5773148148148148 0.0125 0.019444444444444445
1 0.16380208333333332 0.575925925925926 0.011979166666666666 0.020370370370370372
1 0.17708333333333334 0.5689814814814815 0.008333333333333333 0.01388888888888889
1 0.2682291666666667 0.563425925925926 0.010416666666666666 0.017592592592592594
1 0.2765625 0.5782407407407407 0.007291666666666667 0.01388888888888889
1 0.28515625 0.5680555555555555 0.008854166666666666 0.017592592592592594
0 0.9067708333333333 0.5203703703703704 0.013541666666666667 0.02962962962962963
1 0.8841145833333334 0.5287037037037037 0.009895833333333333 0.018518518518518517
0 0.8781249999999999 0.5236111111111111 0.013541666666666667 0.02314814814814815
0 0.7828125 0.5356481481481482 0.014583333333333334 0.032407407407407406
0 0.7625 0.5425925925925926 0.015625 0.03518518518518519
1 0.5895833333333333 0.5731481481481482 0.011458333333333333 0.020370370370370372
0 0.5932291666666667 0.5523148148148148 0.0125 0.025
0 0.5734375 0.5523148148148148 0.013541666666666667 0.025
1 0.49973958333333335 0.5541666666666667 0.009895833333333333 0.017592592592592594
1 0.49140625 0.5546296296296297 0.009895833333333333 0.020370370370370372
2 0.16770833333333332 0.6162037037037037 0.03958333333333333 0.1175925925925926
2 0.27239583333333334 0.6106481481481482 0.05625 0.1175925925925926
2 0.48802083333333335 0.6050925925925926 0.071875 0.13425925925925927
2 0.75703125 0.6087962962962963 0.1171875 0.18796296296296297
2 0.5666666666666667 0.6143518518518519 0.090625 0.1638888888888889
2 0.8731770833333333 0.5861111111111111 0.1015625 0.16296296296296298