0 0.9588541666666667 0.5361111111111111 0.014583333333333334 0.03333333333333333
0 0.9809895833333333 0.5222222222222223 0.0171875 0.02962962962962963
1 0.23906249999999998 0.6796296296296297 0.026041666666666668 0.05740740740740741
1 0.21562499999999998 0.6777777777777778 0.022916666666666665 0.05185185185185186
0 0.5276041666666667 0.5453703703703704 0.013541666666666667 0.024074074074074074
1 0.51328125 0.5541666666666667 0.011979166666666666 0.026851851851851852
0 0.49244791666666665 0.5518518518518519 0.011979166666666666 0.02592592592592593
0 0.4752604166666667 0.5569444444444445 0.011979166666666666 0.021296296296296296
0 0.40338541666666666 0.5625 0.009895833333333333 0.021296296296296296
0 0.38645833333333335 0.5625 0.0125 0.02314814814814815
1 0.39609375 0.5796296296296296 0.0109375 0.018518518518518517
1 0.3072916666666667 0.5671296296296297 0.010416666666666666 0.021296296296296296
1 0.2986979166666667 0.5643518518518519 0.0078125 0.019444444444444445
1 0.16380208333333332 0.575925925925926 0.0078125 0.018518518518518517
1 0.15026041666666667 0.5768518518518518 0.0078125 0.014814814814814815
1 0.15520833333333334 0.5865740740740741 0.008333333333333333 0.015740740740740743
2 0.2682291666666667 0.8203703703703704 0.18958333333333333 0.3574074074074074
2 0.946875 0.5962962962962963 0.10520833333333333 0.18888888888888888
2 0.15520833333333334 0.6129629629629629 0.03333333333333333 0.10370370370370371
2 0.29609375 0.6101851851851852 0.057812499999999996 0.11851851851851852
2 0.4671875 0.6175925925925926 0.0875 0.16666666666666669
2 0.38385416666666666 0.6194444444444445 0.071875 0.1462962962962963
2 0.521875 0.6 0.040625 0.1388888888888889