1 0.51875 0.5601851851851852 0.011458333333333333 0.024074074074074074
1 0.4979166666666667 0.5615740740740741 0.010416666666666666 0.021296296296296296
1 0.48984374999999997 0.5583333333333333 0.009895833333333333 0.024074074074074074
1 0.45859374999999997 0.5569444444444445 0.0109375 0.025
1 0.5083333333333333 0.5518518518518519 0.011458333333333333 0.020370370370370372
0 0.40520833333333334 0.5592592592592592 0.010416666666666666 0.020370370370370372
0 0.3880208333333333 0.5560185185185186 0.011458333333333333 0.02314814814814815
1 0.3359375 0.5671296296296297 0.011458333333333333 0.017592592592592594
1 0.32265625 0.5615740740740741 0.009895833333333333 0.019444444444444445
0 0.054947916666666666 0.5787037037037037 0.009895833333333333 0.016666666666666666
0 0.04453125 0.5842592592592593 0.009895833333333333 0.016666666666666666
0 0.03203125 0.5875 0.0078125 0.017592592592592594
2 0.0515625 0.6314814814814815 0.059375 0.12962962962962962
2 0.3203125 0.6166666666666667 0.06875 0.13518518518518519
2 0.3833333333333333 0.6138888888888889 0.06979166666666667 0.14444444444444446
2 0.48671875 0.6222222222222222 0.09322916666666667 0.16296296296296298