0 0.49973958333333335 0.5504629629629629 0.009895833333333333 0.021296296296296296
1 0.48776041666666664 0.5509259259259259 0.009895833333333333 0.020370370370370372
0 0.4734375 0.5550925925925926 0.009375 0.02314814814814815
0 0.39765625 0.5583333333333333 0.0140625 0.02592592592592593
0 0.38307291666666665 0.5518518518518519 0.011979166666666666 0.024074074074074074
1 0.3578125 0.5685185185185185 0.010416666666666666 0.018518518518518517
1 0.34348958333333335 0.5675925925925926 0.0109375 0.020370370370370372
1 0.3346354166666667 0.5662037037037038 0.009895833333333333 0.02314814814814815
1 0.3229166666666667 0.5611111111111111 0.010416666666666666 0.020370370370370372
0 0.0546875 0.5787037037037037 0.009375 0.016666666666666666
0 0.04583333333333333 0.5856481481481481 0.009375 0.019444444444444445
0 0.030989583333333334 0.587962962962963 0.008854166666666666 0.018518518518518517
2 0.051041666666666666 0.6314814814814815 0.059375 0.12962962962962962
2 0.31171875 0.6125 0.04635416666666667 0.1287037037037037
2 0.33697916666666666 0.6268518518518519 0.08125 0.14814814814814814
2 0.4986979166666667 0.6092592592592593 0.08177083333333333 0.15185185185185185
2 0.4674479166666667 0.6074074074074074 0.06510416666666667 0.15
2 0.93359375 0.6041666666666667 0.1171875 0.1787037037037037