1 0.97109375 0.5305555555555556 0.015104166666666667 0.02962962962962963
1 0.9455729166666667 0.5296296296296297 0.015104166666666667 0.02777777777777778
1 0.8580729166666666 0.5375 0.0109375 0.026851851851851852
1 0.8333333333333334 0.525 0.015625 0.02777777777777778
1 0.8278645833333333 0.5675925925925926 0.008854166666666666 0.022222222222222223
0 0.5002604166666667 0.5504629629629629 0.011979166666666666 0.025
1 0.45729166666666665 0.5546296296296297 0.0125 0.020370370370370372
1 0.4434895833333333 0.5569444444444445 0.009895833333333333 0.021296296296296296
1 0.4119791666666667 0.5583333333333333 0.0125 0.024074074074074074
0 0.3846354166666667 0.5523148148148148 0.013020833333333334 0.025
1 0.35963541666666665 0.5699074074074074 0.009895833333333333 0.017592592592592594
1 0.34765625 0.5689814814814815 0.009895833333333333 0.017592592592592594
1 0.3385416666666667 0.5703703703703704 0.010416666666666666 0.020370370370370372
1 0.3221354166666667 0.5606481481481481 0.0109375 0.017592592592592594
0 0.05572916666666666 0.5791666666666667 0.0125 0.021296296296296296
0 0.04635416666666667 0.5828703703703704 0.009375 0.017592592592592594
0 0.03307291666666667 0.587962962962963 0.009895833333333333 0.016666666666666666
2 0.051041666666666666 0.6314814814814815 0.059375 0.12962962962962962
2 0.31171875 0.6125 0.04635416666666667 0.1287037037037037
2 0.3375 0.6268518518518519 0.08125 0.14814814814814814
2 0.49635416666666665 0.6092592592592593 0.07916666666666666 0.15185185185185185
2 0.44895833333333335 0.6092592592592593 0.058333333333333334 0.15
2 0.828125 0.5986111111111111 0.10104166666666667 0.1787037037037037
2 0.9372395833333333 0.6041666666666667 0.1171875 0.1787037037037037