0 0.7440104166666667 0.46342592592592596 0.028645833333333332 0.06018518518518519
0 0.7893229166666667 0.500462962962963 0.03697916666666667 0.0787037037037037
0 0.35 0.4861111111111111 0.030208333333333334 0.07037037037037037
0 0.259375 0.46944444444444444 0.028125 0.05925925925925926
0 0.07760416666666667 0.43472222222222223 0.019791666666666666 0.04166666666666667
0 0.0328125 0.45462962962962966 0.029166666666666667 0.053703703703703705
0 0.1859375 0.3856481481481482 0.015625 0.028703703703703703
0 0.20338541666666665 0.3787037037037037 0.011979166666666666 0.02592592592592593
0 0.042708333333333334 0.3740740740740741 0.008333333333333333 0.016666666666666666
0 0.033854166666666664 0.3740740740740741 0.008333333333333333 0.016666666666666666
2 0.18307291666666667 0.4467592592592593 0.0796875 0.1712962962962963
2 0.036458333333333336 0.41064814814814815 0.034375 0.10462962962962963
2 0.8221354166666667 0.6986111111111112 0.2984375 0.487962962962963
2 0.7580729166666667 0.6060185185185185 0.15989583333333332 0.3601851851851852
2 0.38385416666666666 0.6541666666666667 0.21562499999999998 0.425
2 0.25807291666666665 0.5958333333333333 0.12135416666666667 0.3194444444444445
2 0.05703125 0.5745370370370371 0.1109375 0.2916666666666667
2 0.10625 0.5439814814814815 0.10625 0.26944444444444443