1 0.7828125 0.5425925925925926 0.011458333333333333 0.02592592592592593
1 0.8098958333333334 0.5458333333333334 0.011458333333333333 0.026851851851851852
0 0.7299479166666667 0.6509259259259259 0.025520833333333333 0.06851851851851852
0 0.6848958333333334 0.6407407407407407 0.03333333333333333 0.06296296296296297
1 0.796875 0.5648148148148149 0.010416666666666666 0.016666666666666666
0 0.15703125 0.7416666666666667 0.03802083333333333 0.07592592592592592
0 0.09375 0.7518518518518519 0.034375 0.07592592592592592
0 0.19895833333333332 0.6893518518518519 0.030208333333333334 0.06574074074074074
1 0.24583333333333332 0.7050925925925926 0.029166666666666667 0.06018518518518519
0 0.225 0.638888888888889 0.030208333333333334 0.053703703703703705
0 0.26640625 0.650462962962963 0.030729166666666665 0.062037037037037036
0 0.026822916666666665 0.6564814814814816 0.0203125 0.04259259259259259
0 0.00703125 0.6490740740740741 0.0140625 0.044444444444444446
2 0.76328125 0.8032407407407408 0.2630208333333333 0.39166666666666666
2 0.30625 0.7925925925925926 0.19375 0.37592592592592594
2 0.27682291666666664 0.8217592592592593 0.20677083333333332 0.35462962962962963
2 0.16979166666666667 0.8416666666666667 0.21979166666666666 0.3148148148148148
2 0.7828125 0.6064814814814815 0.10104166666666667 0.16296296296296298
2 0.037760416666666664 0.7643518518518518 0.07447916666666667 0.27685185185185185