1 0.125 0.5824074074074075 0.0125 0.020370370370370372
1 0.13828125 0.5837962962962964 0.0078125 0.017592592592592594
1 0.3716145833333333 0.6370370370370371 0.022395833333333334 0.05
0 0.4927083333333333 0.7217592592592593 0.040625 0.08055555555555556
0 0.54453125 0.737962962962963 0.043229166666666666 0.09074074074074075
0 0.7927083333333333 0.5486111111111112 0.02395833333333333 0.04351851851851852
1 0.7674479166666667 0.5652777777777778 0.019270833333333334 0.03425925925925926
1 0.8161458333333333 0.6018518518518519 0.016666666666666666 0.02777777777777778
2 0.13203125 0.6166666666666667 0.04635416666666667 0.1
2 0.825 0.6652777777777779 0.17604166666666665 0.2916666666666667
2 0.5927083333333333 0.837037037037037 0.28229166666666666 0.32407407407407407
2 0.37838541666666664 0.7768518518518519 0.16510416666666666 0.33333333333333337