1 0.9473958333333333 0.5231481481481481 0.016666666666666666 0.03333333333333333
1 0.975 0.5425925925925926 0.014583333333333334 0.02592592592592593
1 0.340625 0.6277777777777778 0.019791666666666666 0.04259259259259259
1 0.31875 0.6277777777777778 0.015625 0.037037037037037035
1 0.3067708333333333 0.6245370370370371 0.015625 0.036111111111111115
0 0.03359375 0.6185185185185186 0.019270833333333334 0.037037037037037035
0 0.0067708333333333336 0.6231481481481481 0.014583333333333334 0.02962962962962963
0 0.07526041666666666 0.5824074074074075 0.0067708333333333336 0.016666666666666666
0 0.08125 0.5777777777777778 0.007291666666666667 0.014814814814814815
2 0.3533854166666667 0.7263888888888889 0.14635416666666667 0.25277777777777777
2 0.04739583333333333 0.712037037037037 0.09166666666666666 0.22962962962962963
2 0.9356770833333333 0.5986111111111111 0.11614583333333334 0.1824074074074074
2 0.07604166666666666 0.6180555555555556 0.036458333333333336 0.10277777777777779