1 0.8471354166666667 0.7481481481481482 0.044270833333333336 0.10370370370370371
1 0.9302083333333333 0.7333333333333334 0.04479166666666667 0.0925925925925926
1 0.6236979166666666 0.6583333333333333 0.034895833333333334 0.06851851851851852
0 0.58828125 0.6689814814814815 0.04010416666666666 0.07314814814814816
1 0.5864583333333333 0.576388888888889 0.020833333333333332 0.04537037037037037
1 0.5575520833333333 0.5824074074074075 0.0203125 0.04814814814814815
0 0.4653645833333333 0.5555555555555556 0.011979166666666666 0.020370370370370372
0 0.44921875 0.5546296296296297 0.0171875 0.022222222222222223
1 0.2661458333333333 0.6050925925925926 0.0125 0.02314814814814815
1 0.2375 0.6166666666666667 0.015625 0.02592592592592593
0 0.039322916666666666 0.7171296296296297 0.0328125 0.0638888888888889
1 0.021875 0.6027777777777777 0.0125 0.02592592592592593
1 0.053385416666666664 0.5782407407407407 0.009895833333333333 0.019444444444444445
1 0.06458333333333333 0.5893518518518519 0.010416666666666666 0.021296296296296296
2 0.8838541666666666 0.837962962962963 0.23124999999999998 0.32037037037037036
2 0.6627604166666666 0.8060185185185186 0.2671875 0.3842592592592593
2 0.6010416666666667 0.6824074074074075 0.15208333333333332 0.26481481481481484
2 0.28020833333333334 0.6865740740740741 0.11145833333333333 0.20462962962962963
2 0.07942708333333333 0.8375 0.15572916666666667 0.3231481481481482
2 0.03984375 0.6722222222222223 0.07552083333333333 0.1814814814814815
2 0.0546875 0.6226851851851852 0.04375 0.11203703703703705
2 0.4419270833333333 0.6106481481481482 0.07760416666666667 0.14537037037037037