0 0.9778645833333334 0.6175925925925926 0.04010416666666666 0.07777777777777778
0 0.46380208333333334 0.5638888888888889 0.0109375 0.022222222222222223
0 0.4518229166666667 0.5583333333333333 0.013020833333333334 0.024074074074074074
1 0.3875 0.5597222222222222 0.010416666666666666 0.017592592592592594
0 0.3296875 0.5611111111111111 0.0125 0.020370370370370372
1 0.3424479166666667 0.575462962962963 0.009895833333333333 0.030555555555555558
1 0.3572916666666667 0.5722222222222223 0.014583333333333334 0.02592592592592593
1 0.028385416666666666 0.5851851851851853 0.0078125 0.014814814814814815
1 0.019270833333333334 0.5810185185185185 0.00625 0.012037037037037037
2 0.027083333333333334 0.6263888888888889 0.04479166666666667 0.10833333333333334
2 0.44869791666666664 0.6152777777777778 0.08072916666666667 0.1564814814814815
2 0.34296875 0.6324074074074074 0.0796875 0.15
2 0.3888020833333333 0.6083333333333334 0.0421875 0.12592592592592594
2 0.33489583333333334 0.6162037037037037 0.05 0.13611111111111113
2 0.9372395833333333 0.7870370370370371 0.12447916666666667 0.4240740740740741