0 0.8677083333333333 0.5296296296296297 0.016666666666666666 0.031481481481481485
0 0.7388020833333333 0.6657407407407407 0.03802083333333333 0.06666666666666667
0 0.67421875 0.6662037037037037 0.03697916666666667 0.06944444444444445
0 0.41354166666666664 0.637962962962963 0.029166666666666667 0.061111111111111116
0 0.37447916666666664 0.6106481481481482 0.026041666666666668 0.05462962962962963
0 0.22864583333333333 0.7037037037037037 0.035416666666666666 0.06666666666666667
0 0.06432291666666666 0.6694444444444445 0.0265625 0.061111111111111116
2 0.26197916666666665 0.6013888888888889 0.04479166666666667 0.08425925925925926
2 0.8640625 0.6041666666666667 0.11458333333333333 0.19166666666666668
2 0.77265625 0.8083333333333333 0.2817708333333333 0.3814814814814815
2 0.4341145833333333 0.7583333333333334 0.18385416666666665 0.362962962962963
2 0.2546875 0.8324074074074075 0.21458333333333332 0.33333333333333337
2 0.08776041666666666 0.8111111111111111 0.12239583333333333 0.3462962962962963