1 0.10677083333333333 0.5828703703703704 0.009375 0.019444444444444445
1 0.11432291666666666 0.587962962962963 0.008854166666666666 0.016666666666666666
1 0.12343749999999999 0.587962962962963 0.009375 0.016666666666666666
0 0.3346354166666667 0.5597222222222222 0.009895833333333333 0.019444444444444445
1 0.22239583333333332 0.637962962962963 0.022916666666666665 0.05185185185185186
0 0.26796875 0.725462962962963 0.0328125 0.07685185185185185
0 0.5674479166666666 0.6134259259259259 0.0265625 0.058333333333333334
0 0.5984375 0.6162037037037037 0.03125 0.062037037037037036
0 0.8190104166666666 0.6490740740740741 0.033854166666666664 0.06851851851851852
1 0.9390625 0.6027777777777777 0.028125 0.061111111111111116
2 0.10781249999999999 0.6273148148148149 0.051041666666666666 0.11574074074074074
2 0.33307291666666666 0.6171296296296297 0.0703125 0.14351851851851852
2 0.93203125 0.7287037037037037 0.13489583333333333 0.32407407407407407
2 0.8640625 0.8046296296296297 0.2708333333333333 0.3888888888888889
2 0.6286458333333333 0.7699074074074075 0.21875 0.375
2 0.2994791666666667 0.8365740740740741 0.2520833333333333 0.325
2 0.19140625 0.7782407407407408 0.10572916666666667 0.34351851851851856