0 0.8916666666666666 0.7476851851851852 0.057291666666666664 0.08055555555555556
0 0.7955729166666666 0.7097222222222223 0.05677083333333333 0.08796296296296297
0 0.8619791666666666 0.6314814814814815 0.03958333333333333 0.05925925925925926
0 0.9091145833333333 0.6412037037037037 0.03802083333333333 0.06574074074074074
1 0.8981770833333333 0.5541666666666667 0.0234375 0.03981481481481482
1 0.9294270833333333 0.5481481481481482 0.027604166666666666 0.05
1 0.36171875 0.6337962962962963 0.021354166666666667 0.04537037037037037
1 0.32786458333333335 0.6601851851851852 0.0171875 0.03518518518518519
1 0.24375 0.6435185185185185 0.02395833333333333 0.0462962962962963
1 0.20572916666666666 0.6592592592592593 0.028125 0.05
1 0.21458333333333332 0.5680555555555555 0.011458333333333333 0.025
1 0.18229166666666666 0.5773148148148148 0.010416666666666666 0.017592592592592594
1 0.1703125 0.575925925925926 0.008333333333333333 0.016666666666666666
1 0.2046875 0.575925925925926 0.008333333333333333 0.016666666666666666
1 0.024739583333333332 0.5810185185185185 0.0067708333333333336 0.012037037037037037
0 0.01875 0.5819444444444445 0.008333333333333333 0.01388888888888889
2 0.17083333333333334 0.6212962962962963 0.059375 0.12222222222222223
2 0.21171874999999998 0.6143518518518519 0.0421875 0.12685185185185185
2 0.9385416666666666 0.6175925925925926 0.121875 0.18703703703703706
2 0.9145833333333333 0.7337962962962963 0.16979166666666667 0.28055555555555556
2 0.87578125 0.825462962962963 0.24739583333333334 0.3472222222222222
2 0.38359375 0.7555555555555555 0.1609375 0.3111111111111111
2 0.265625 0.7875 0.17395833333333333 0.3527777777777778