0 0.019270833333333334 0.587962962962963 0.029166666666666667 0.05185185185185186
0 0.28020833333333334 0.5875 0.029166666666666667 0.0638888888888889
0 0.3776041666666667 0.6453703703703704 0.027083333333333334 0.061111111111111116
0 0.41562499999999997 0.637962962962963 0.03125 0.06481481481481481
0 0.9231770833333334 0.5472222222222223 0.027604166666666666 0.05185185185185186
0 0.9604166666666667 0.5319444444444444 0.027083333333333334 0.05462962962962963
1 0.25416666666666665 0.5694444444444444 0.026041666666666668 0.05555555555555556
1 0.21276041666666667 0.5620370370370371 0.025520833333333333 0.05555555555555556
2 0.9440104166666666 0.6518518518518519 0.1109375 0.3037037037037037
2 0.44479166666666664 0.7976851851851852 0.23229166666666667 0.4027777777777778
2 0.27239583333333334 0.7226851851851852 0.153125 0.3472222222222222
2 0.22395833333333334 0.6759259259259259 0.06979166666666667 0.29814814814814816
2 0.0453125 0.7166666666666667 0.09166666666666666 0.32222222222222224