1 0.33541666666666664 0.5319444444444444 0.025 0.04722222222222222
0 0.36822916666666666 0.5439814814814815 0.030208333333333334 0.05462962962962963
0 0.4205729166666667 0.5986111111111111 0.043229166666666666 0.0712962962962963
0 0.9166666666666666 0.5092592592592593 0.03229166666666666 0.05925925925925926
0 0.9466145833333334 0.5416666666666667 0.028645833333333332 0.061111111111111116
0 0.9841145833333333 0.5226851851851853 0.0296875 0.06759259259259259
0 0.11692708333333333 0.562962962962963 0.021354166666666667 0.05
0 0.13776041666666666 0.537962962962963 0.018229166666666668 0.040740740740740744
0 0.14244791666666667 0.5055555555555555 0.0078125 0.016666666666666666
0 0.15052083333333333 0.5064814814814815 0.00625 0.012962962962962964
0 0.11562499999999999 0.5092592592592593 0.009375 0.016666666666666666
1 0.12239583333333333 0.5231481481481481 0.008333333333333333 0.016666666666666666
2 0.9580729166666666 0.6675925925925926 0.0828125 0.3574074074074074
2 0.9270833333333334 0.6337962962962963 0.08125 0.3138888888888889
2 0.4419270833333333 0.7527777777777778 0.2203125 0.37962962962962965
2 0.3541666666666667 0.6550925925925927 0.1125 0.2972222222222222
2 0.11901041666666666 0.5527777777777778 0.044270833333333336 0.11296296296296297
2 0.16640625 0.637962962962963 0.08489583333333334 0.25
2 0.1390625 0.6925925925925926 0.13958333333333334 0.32037037037037036
2 0.14921875 0.5393518518518519 0.0296875 0.09722222222222222