0 0.7018229166666666 0.47731481481481486 0.015104166666666667 0.028703703703703703
0 0.73203125 0.47685185185185186 0.0140625 0.02777777777777778
0 0.9893229166666666 0.4666666666666667 0.019270833333333334 0.02962962962962963
0 0.09635416666666667 0.5342592592592593 0.016666666666666666 0.037037037037037035
0 0.07473958333333333 0.5319444444444444 0.018229166666666668 0.030555555555555558
0 0.04192708333333333 0.5550925925925926 0.019270833333333334 0.036111111111111115
0 0.019270833333333334 0.5444444444444445 0.020833333333333332 0.03888888888888889
2 0.69765625 0.5402777777777777 0.0953125 0.1638888888888889
2 0.9583333333333334 0.5356481481481482 0.08229166666666667 0.1787037037037037
2 0.10755208333333333 0.6083333333333334 0.0953125 0.20370370370370372
2 0.05546875 0.638888888888889 0.10885416666666667 0.24074074074074076