0 0.2578125 0.5675925925925926 0.02395833333333333 0.044444444444444446
0 0.10104166666666667 0.5606481481481481 0.026041666666666668 0.04537037037037037
0 0.17526041666666667 0.5092592592592593 0.008854166666666666 0.016666666666666666
0 0.184375 0.5055555555555555 0.011458333333333333 0.016666666666666666
0 0.2716145833333333 0.5 0.011979166666666666 0.02777777777777778
0 0.08020833333333333 0.5087962962962963 0.010416666666666666 0.015740740740740743
2 0.17578125 0.5518518518518519 0.0515625 0.11851851851851852
2 0.26796875 0.5504629629629629 0.057812499999999996 0.13055555555555556
2 0.44140625 0.5481481481481482 0.0640625 0.14444444444444446
2 0.27682291666666664 0.6912037037037038 0.1296875 0.30092592592592593
2 0.11328125 0.6587962962962963 0.11927083333333333 0.26944444444444443