0 0.8059895833333334 0.5555555555555556 0.04010416666666666 0.06851851851851852
0 0.96484375 0.6064814814814815 0.0484375 0.08333333333333334
0 0.49374999999999997 0.5620370370370371 0.03854166666666667 0.05925925925925926
0 0.8434895833333333 0.4712962962962963 0.0171875 0.03518518518518519
0 0.51328125 0.4902777777777778 0.015104166666666667 0.02314814814814815
0 0.5028645833333333 0.48842592592592593 0.0109375 0.019444444444444445
0 0.4434895833333333 0.487962962962963 0.0109375 0.022222222222222223
1 0.36328125 0.487962962962963 0.011979166666666666 0.018518518518518517
0 0.35078125 0.5574074074074075 0.022395833333333334 0.040740740740740744
0 0.025 0.5861111111111111 0.026041666666666668 0.044444444444444446
0 0.013020833333333334 0.6240740740740741 0.026041666666666668 0.05925925925925926
2 0.9283854166666666 0.775 0.1421875 0.4481481481481482
2 0.36328125 0.538425925925926 0.0609375 0.13240740740740742
2 0.8299479166666667 0.7023148148148148 0.20885416666666667 0.38981481481481484
2 0.43906249999999997 0.5430555555555556 0.06875 0.14537037037037037
2 0.49609375 0.5481481481481482 0.08385416666666666 0.15
2 0.5213541666666667 0.7074074074074075 0.18645833333333334 0.3648148148148148
2 0.8453125 0.48750000000000004 0.035416666666666666 0.0787037037037037
2 0.3640625 0.674074074074074 0.14270833333333333 0.2925925925925926
2 0.048177083333333336 0.7763888888888889 0.0921875 0.36388888888888893
2 0.05520833333333333 0.6976851851851852 0.09375 0.28240740740740744