0 0.15338541666666666 0.4393518518518519 0.024479166666666666 0.04537037037037037
0 0.18567708333333333 0.4388888888888889 0.025520833333333333 0.0462962962962963
0 0.14817708333333332 0.4175925925925926 0.022395833333333334 0.03518518518518519
0 0.403125 0.5125000000000001 0.03229166666666666 0.06574074074074074
0 0.63203125 0.47500000000000003 0.03177083333333333 0.06296296296296297
0 0.7177083333333333 0.611574074074074 0.03958333333333333 0.09166666666666667
0 0.7864583333333334 0.611574074074074 0.04895833333333333 0.09537037037037037
2 0.1453125 0.42083333333333334 0.053125 0.12685185185185185
2 0.6403645833333333 0.6194444444444445 0.1890625 0.37962962962962965
2 0.43645833333333334 0.6837962962962963 0.22083333333333333 0.41574074074074074
2 0.8143229166666667 0.7763888888888889 0.3484375 0.44537037037037036
2 0.15182291666666667 0.5101851851851852 0.09427083333333333 0.22592592592592595
2 0.2 0.5648148148148149 0.14895833333333333 0.3055555555555556