0 0.5385416666666667 0.5513888888888889 0.011458333333333333 0.025
0 0.5479166666666666 0.5513888888888889 0.0125 0.02314814814814815
0 0.30572916666666666 0.5643518518518519 0.010416666666666666 0.017592592592592594
1 0.29791666666666666 0.5620370370370371 0.009375 0.016666666666666666
0 0.12552083333333333 0.5990740740740741 0.020833333333333332 0.03518518518518519
0 0.09661458333333334 0.5967592592592593 0.0171875 0.030555555555555558
0 0.06276041666666667 0.587037037037037 0.011979166666666666 0.018518518518518517
0 0.053125 0.5907407407407408 0.010416666666666666 0.020370370370370372
0 0.04869791666666667 0.5819444444444445 0.008854166666666666 0.017592592592592594
2 0.048177083333333336 0.6273148148148149 0.05260416666666667 0.11944444444444445
2 0.29583333333333334 0.6092592592592593 0.058333333333333334 0.12592592592592594
2 0.5385416666666667 0.6097222222222223 0.08125 0.15462962962962964
2 0.14114583333333333 0.6856481481481482 0.11458333333333333 0.2212962962962963