1 0.3463541666666667 0.5986111111111111 0.020833333333333332 0.036111111111111115
1 0.3716145833333333 0.6018518518518519 0.0203125 0.04259259259259259
1 0.3919270833333333 0.6402777777777778 0.0171875 0.036111111111111115
1 0.4067708333333333 0.6643518518518519 0.016666666666666666 0.03425925925925926
0 0.24244791666666665 0.5675925925925926 0.009895833333333333 0.024074074074074074
0 0.2328125 0.5689814814814815 0.010416666666666666 0.021296296296296296
0 0.12395833333333334 0.6092592592592593 0.016666666666666666 0.040740740740740744
0 0.10416666666666667 0.611574074074074 0.0125 0.025
0 0.09609375 0.5995370370370371 0.01614583333333333 0.030555555555555558
2 0.09453125 0.6152777777777778 0.04010416666666666 0.11018518518518519
2 0.23177083333333334 0.6194444444444445 0.06770833333333333 0.13148148148148148
2 0.3966145833333333 0.7134259259259259 0.1484375 0.28425925925925927
2 0.13385416666666666 0.6958333333333334 0.121875 0.23425925925925928