0 0.5731770833333333 0.5518518518518519 0.011979166666666666 0.024074074074074074
1 0.5872395833333334 0.5532407407407408 0.009895833333333333 0.017592592592592594
0 0.6002604166666666 0.5439814814814815 0.013020833333333334 0.02314814814814815
0 0.6244791666666667 0.5398148148148149 0.015625 0.024074074074074074
0 0.6486979166666667 0.5435185185185185 0.0140625 0.02592592592592593
1 0.29401041666666666 0.6666666666666667 0.028645833333333332 0.05
1 0.27734375 0.6523148148148148 0.018229166666666668 0.04537037037037037
0 0.014322916666666666 0.6365740740740741 0.022395833333333334 0.04537037037037037
2 0.31015625 0.8106481481481482 0.1921875 0.3768518518518519
2 0.5661458333333333 0.6083333333333334 0.08958333333333333 0.16111111111111112
2 0.6171875 0.6083333333333334 0.10520833333333333 0.17222222222222222
2 0.03958333333333333 0.7462962962962963 0.078125 0.2777777777777778