0 0.55703125 0.5356481481481482 0.0203125 0.03981481481481482
0 0.5966145833333333 0.5375 0.0234375 0.049074074074074076
1 0.5700520833333333 0.5648148148148149 0.018229166666666668 0.031481481481481485
0 0.9213541666666667 0.5958333333333333 0.035416666666666666 0.0712962962962963
0 0.9877604166666667 0.5898148148148148 0.021354166666666667 0.06851851851851852
0 0.3059895833333333 0.5782407407407407 0.025520833333333333 0.05092592592592593
0 0.0171875 0.6143518518518519 0.026041666666666668 0.049074074074074076
1 0.026302083333333334 0.6791666666666667 0.024479166666666666 0.04722222222222222
0 0.062239583333333334 0.5361111111111111 0.0234375 0.04259259259259259
0 0.03802083333333333 0.5388888888888889 0.01875 0.04259259259259259
1 0.06901041666666667 0.5722222222222223 0.01614583333333333 0.031481481481481485
2 0.9388020833333334 0.7736111111111111 0.12135416666666667 0.45092592592592595
2 0.6192708333333333 0.6523148148148148 0.18020833333333333 0.2935185185185185
2 0.33359375 0.7245370370370371 0.1828125 0.3527777777777778
2 0.05416666666666667 0.7694444444444445 0.10833333333333334 0.3888888888888889
2 0.07135416666666666 0.6361111111111112 0.10625 0.24814814814814815