0 0.3216145833333333 0.5916666666666667 0.0296875 0.06296296296296297
0 0.36640625 0.5958333333333333 0.03802083333333333 0.058333333333333334
0 0.3385416666666667 0.524537037037037 0.022916666666666665 0.04351851851851852
0 0.3052083333333333 0.5328703703703704 0.021875 0.04166666666666667
1 0.09036458333333333 0.5560185185185186 0.019270833333333334 0.04166666666666667
1 0.06145833333333333 0.5541666666666667 0.02395833333333333 0.04351851851851852
0 0.05026041666666667 0.5013888888888889 0.008854166666666666 0.017592592592592594
2 0.05182291666666666 0.5444444444444445 0.0484375 0.11111111111111112
2 0.34348958333333335 0.6087962962962963 0.11510416666666666 0.22685185185185186
2 0.4005208333333333 0.7578703703703704 0.21770833333333334 0.4101851851851852
2 0.10520833333333333 0.6657407407407407 0.13229166666666667 0.2777777777777778