0 0.0359375 0.6421296296296296 0.03333333333333333 0.06574074074074074
0 0.08359375 0.5115740740740741 0.009895833333333333 0.021296296296296296
0 0.03411458333333333 0.5143518518518518 0.008854166666666666 0.012037037037037037
1 0.0421875 0.5143518518518518 0.007291666666666667 0.01388888888888889
0 0.31927083333333334 0.4916666666666667 0.011458333333333333 0.020370370370370372
0 0.39401041666666664 0.49212962962962964 0.013020833333333334 0.021296296296296296
0 0.39296875 0.5597222222222222 0.025520833333333333 0.049074074074074076
2 0.03619791666666666 0.5550925925925926 0.0484375 0.11018518518518519
2 0.08541666666666667 0.5578703703703703 0.04479166666666667 0.11018518518518519
2 0.41953124999999997 0.6893518518518519 0.16927083333333334 0.3231481481481482
2 0.31328125 0.5476851851851852 0.0640625 0.13611111111111113
2 0.3924479166666667 0.5467592592592593 0.06302083333333333 0.13425925925925927
2 0.07942708333333333 0.7990740740740742 0.15572916666666667 0.4