0 0.0234375 0.4708333333333333 0.017708333333333333 0.036111111111111115
0 0.042708333333333334 0.4587962962962963 0.025 0.05648148148148149
0 0.08802083333333333 0.42314814814814816 0.022916666666666665 0.0462962962962963
0 0.346875 0.4791666666666667 0.027083333333333334 0.05277777777777778
0 0.38385416666666666 0.48888888888888893 0.03333333333333333 0.05740740740740741
0 0.40182291666666664 0.425 0.0265625 0.05
1 0.43385416666666665 0.4398148148148148 0.022916666666666665 0.05185185185185186
0 0.46458333333333335 0.38657407407407407 0.010416666666666666 0.019444444444444445
0 0.9020833333333333 0.44722222222222224 0.027083333333333334 0.05555555555555556
2 0.46588541666666666 0.437962962962963 0.06614583333333333 0.13148148148148148
2 0.8994791666666666 0.6050925925925926 0.2 0.3824074074074074
2 0.4609375 0.5537037037037037 0.15208333333333332 0.31666666666666665
2 0.40572916666666664 0.637962962962963 0.20104166666666667 0.3888888888888889
2 0.12265625 0.5416666666666667 0.1140625 0.29814814814814816
2 0.06328125 0.5791666666666667 0.12343749999999999 0.30092592592592593