1 0.5403645833333334 0.4935185185185185 0.0296875 0.05925925925925926
1 0.2830729166666667 0.44351851851851853 0.022395833333333334 0.05
0 0.03515625 0.42453703703703705 0.018229166666666668 0.03796296296296296
0 0.06067708333333333 0.4277777777777778 0.01614583333333333 0.037037037037037035
0 0.12395833333333334 0.4175925925925926 0.015625 0.03518518518518519
0 0.14947916666666666 0.4199074074074074 0.017708333333333333 0.03425925925925926
0 0.17994791666666665 0.3791666666666667 0.0078125 0.015740740740740743
2 0.17890625 0.42083333333333334 0.0421875 0.10833333333333334
2 0.5723958333333333 0.6546296296296297 0.22708333333333333 0.3962962962962963
2 0.29296875 0.5731481481481482 0.15260416666666665 0.312962962962963
2 0.1640625 0.5111111111111112 0.11041666666666666 0.23148148148148148
2 0.07942708333333333 0.5342592592592593 0.11822916666666666 0.26481481481481484