1 0.7934895833333333 0.7078703703703704 0.0421875 0.08425925925925926
0 0.5705729166666667 0.6731481481481482 0.0390625 0.07592592592592592
0 0.45208333333333334 0.6458333333333334 0.03125 0.058333333333333334
0 0.4075520833333333 0.6564814814814816 0.0265625 0.05555555555555556
0 0.30494791666666665 0.5888888888888889 0.018229166666666668 0.044444444444444446
0 0.21380208333333334 0.5699074074074074 0.0078125 0.017592592592592594
0 0.15807291666666667 0.6287037037037038 0.018229166666666668 0.03888888888888889
0 0.13463541666666667 0.6356481481481482 0.0171875 0.03981481481481482
0 0.0859375 0.5814814814814815 0.008333333333333333 0.018518518518518517
0 0.07265625 0.5782407407407407 0.009895833333333333 0.019444444444444445
0 0.00703125 0.6851851851851852 0.015104166666666667 0.05185185185185186
0 0.04505208333333333 0.5712962962962963 0.0067708333333333336 0.012962962962962964
0 0.016927083333333332 0.575462962962963 0.0078125 0.015740740740740743
2 0.04114583333333333 0.6129629629629629 0.03229166666666666 0.09814814814814815
2 0.07291666666666667 0.6222222222222222 0.053125 0.11111111111111112
2 0.20807291666666666 0.612037037037037 0.049479166666666664 0.09814814814814815
2 0.4622395833333333 0.7819444444444444 0.17864583333333334 0.33796296296296297
2 0.61796875 0.8157407407407408 0.25364583333333335 0.3666666666666667
2 0.31354166666666666 0.6870370370370371 0.13020833333333334 0.24444444444444446
2 0.17473958333333334 0.7333333333333334 0.13489583333333333 0.25925925925925924
2 0.05260416666666667 0.8268518518518518 0.10625 0.34444444444444444