0 0.020572916666666666 0.6689814814814815 0.0328125 0.0638888888888889
0 0.32135416666666666 0.7236111111111111 0.042708333333333334 0.07314814814814816
0 0.40546875 0.5611111111111111 0.018229166666666668 0.03888888888888889
0 0.48593749999999997 0.625462962962963 0.025 0.05648148148148149
0 0.5153645833333333 0.6157407407407408 0.028645833333333332 0.05555555555555556
0 0.8955729166666666 0.688425925925926 0.044270833333333336 0.08425925925925926
2 0.8864583333333333 0.8203703703703704 0.22604166666666667 0.3574074074074074
2 0.42526041666666664 0.638888888888889 0.11302083333333333 0.20185185185185187
2 0.5359375 0.7421296296296297 0.18229166666666666 0.30648148148148147
2 0.34869791666666666 0.8416666666666667 0.23385416666666667 0.3148148148148148
2 0.05 0.8106481481481482 0.10104166666666667 0.35833333333333334