1 0.16848958333333333 0.5717592592592593 0.0078125 0.019444444444444445
1 0.17760416666666667 0.5694444444444444 0.007291666666666667 0.018518518518518517
0 0.24114583333333334 0.5638888888888889 0.009375 0.016666666666666666
1 0.2513020833333333 0.5657407407407408 0.008854166666666666 0.014814814814814815
0 0.3572916666666667 0.5620370370370371 0.011458333333333333 0.02592592592592593
0 0.3697916666666667 0.563425925925926 0.010416666666666666 0.021296296296296296
0 0.7231770833333333 0.537962962962963 0.013020833333333334 0.02592592592592593
0 0.7432291666666666 0.5375 0.014583333333333334 0.028703703703703703
0 0.8794270833333333 0.5375 0.022395833333333334 0.03981481481481482
0 0.9013020833333333 0.5365740740740741 0.01614583333333333 0.030555555555555558
2 0.1671875 0.6125 0.04479166666666667 0.10833333333333334
2 0.24010416666666667 0.611574074074074 0.05520833333333333 0.1175925925925926
2 0.3559895833333333 0.6194444444444445 0.06614583333333333 0.14444444444444446
2 0.8614583333333333 0.6375000000000001 0.16145833333333334 0.25462962962962965
2 0.7231770833333333 0.6032407407407407 0.10052083333333334 0.17314814814814816
2 0.9255208333333333 0.600925925925926 0.075 0.16296296296296298