0 0.60703125 0.55 0.013020833333333334 0.02592592592592593
0 0.50625 0.5504629629629629 0.013541666666666667 0.026851851851851852
0 0.48932291666666666 0.5523148148148148 0.013020833333333334 0.026851851851851852
0 0.35520833333333335 0.5675925925925926 0.01875 0.031481481481481485
0 0.23671875 0.5703703703703704 0.009895833333333333 0.020370370370370372
0 0.22239583333333332 0.5708333333333333 0.011458333333333333 0.02314814814814815
0 0.128125 0.5745370370370371 0.008333333333333333 0.017592592592592594
1 0.13723958333333333 0.5736111111111112 0.0067708333333333336 0.012037037037037037
2 0.12578125 0.6157407407407408 0.04739583333333333 0.11111111111111112
2 0.21901041666666665 0.6222222222222222 0.0640625 0.13148148148148148
2 0.3497395833333333 0.6439814814814815 0.1046875 0.19722222222222224
2 0.4908854166666667 0.6097222222222223 0.08072916666666667 0.1527777777777778
2 0.6052083333333333 0.6055555555555556 0.08333333333333333 0.14444444444444446