0 0.14869791666666665 0.6240740740740741 0.0234375 0.04814814814814815
0 0.1828125 0.638888888888889 0.027083333333333334 0.0462962962962963
0 0.22369791666666666 0.6101851851851852 0.021354166666666667 0.0462962962962963
0 0.24739583333333334 0.6087962962962963 0.022916666666666665 0.04166666666666667
0 0.4419270833333333 0.5787037037037037 0.018229166666666668 0.040740740740740744
0 0.4692708333333333 0.5800925925925926 0.022916666666666665 0.04351851851851852
1 0.4869791666666667 0.6185185185185186 0.016666666666666666 0.03888888888888889
0 0.66171875 0.5393518518518519 0.013020833333333334 0.026851851851851852
0 0.6739583333333333 0.538425925925926 0.014583333333333334 0.026851851851851852
1 0.8526041666666666 0.5282407407407408 0.016666666666666666 0.028703703703703703
0 0.3364583333333333 0.5601851851851852 0.008333333333333333 0.020370370370370372
0 0.3463541666666667 0.5587962962962963 0.010416666666666666 0.021296296296296296
2 0.3307291666666667 0.6125 0.06041666666666667 0.13425925925925927
2 0.6591145833333333 0.6023148148148149 0.0921875 0.15833333333333333
2 0.48932291666666666 0.6837962962962963 0.14427083333333332 0.25462962962962965
2 0.8484375 0.5953703703703704 0.10729166666666666 0.16296296296296298
2 0.1984375 0.7476851851851852 0.14895833333333333 0.2972222222222222
2 0.2578125 0.7180555555555556 0.14375 0.26944444444444443