0 0.671875 0.7050925925925926 0.03958333333333333 0.08796296296296297
0 0.43776041666666665 0.5893518518518519 0.018229166666666668 0.036111111111111115
1 0.39817708333333335 0.5847222222222223 0.01614583333333333 0.03425925925925926
0 0.3841145833333333 0.6416666666666667 0.022395833333333334 0.05740740740740741
0 0.3403645833333333 0.6333333333333333 0.025520833333333333 0.05185185185185186
0 0.18828125 0.6569444444444444 0.022395833333333334 0.05277777777777778
0 0.1015625 0.5916666666666667 0.019791666666666666 0.037037037037037035
2 0.44895833333333335 0.6777777777777778 0.13645833333333332 0.22592592592592595
2 0.70078125 0.8291666666666667 0.2578125 0.33981481481481485
2 0.40911458333333334 0.7773148148148148 0.18697916666666667 0.3453703703703704
2 0.20260416666666667 0.7726851851851853 0.15104166666666666 0.2916666666666667
2 0.11432291666666666 0.6685185185185185 0.09635416666666667 0.19074074074074074