0 0.08723958333333333 0.6157407407407408 0.018229166666666668 0.04259259259259259
0 0.2622395833333333 0.6439814814814815 0.0234375 0.049074074074074076
1 0.33177083333333335 0.6287037037037038 0.01875 0.044444444444444446
1 0.2171875 0.6587962962962963 0.021875 0.04351851851851852
1 0.23645833333333333 0.6509259259259259 0.021875 0.040740740740740744
1 0.29921875 0.6203703703703703 0.018229166666666668 0.04814814814814815
0 0.31744791666666666 0.5930555555555556 0.018229166666666668 0.036111111111111115
0 0.5072916666666667 0.5523148148148148 0.0125 0.025
0 0.5247395833333334 0.5513888888888889 0.013020833333333334 0.025
0 0.6122395833333333 0.6625 0.028645833333333332 0.0638888888888889
1 0.79140625 0.6083333333333334 0.0234375 0.06851851851851852
1 0.8315104166666667 0.6236111111111111 0.028645833333333332 0.058333333333333334
0 0.8640625 0.6074074074074074 0.027083333333333334 0.053703703703703705
0 0.82109375 0.5337962962962963 0.013020833333333334 0.026851851851851852
0 0.8434895833333333 0.525 0.015104166666666667 0.02777777777777778
0 0.9947916666666666 0.5175925925925926 0.007291666666666667 0.02777777777777778
2 0.5052083333333334 0.6101851851851852 0.07916666666666666 0.1462962962962963
2 0.8796875 0.7837962962962963 0.23958333333333334 0.4305555555555556
2 0.6432291666666666 0.8115740740740741 0.24895833333333334 0.375
2 0.8119791666666667 0.6023148148148149 0.11354166666666667 0.18055555555555555
2 0.28359375 0.7796296296296297 0.1828125 0.3277777777777778
2 0.35625 0.7439814814814815 0.18541666666666667 0.2972222222222222
2 0.3229166666666667 0.6916666666666667 0.11041666666666666 0.23333333333333334
2 0.9666666666666667 0.5865740740740741 0.065625 0.16574074074074074
2 0.09739583333333333 0.7180555555555556 0.11666666666666667 0.25092592592592594