1 0.23697916666666666 0.6023148148148149 0.016666666666666666 0.03425925925925926
1 0.25807291666666665 0.6023148148148149 0.01614583333333333 0.03796296296296296
1 0.3265625 0.5884259259259259 0.015625 0.030555555555555558
1 0.3463541666666667 0.5773148148148148 0.013541666666666667 0.028703703703703703
1 0.58984375 0.5731481481481482 0.01614583333333333 0.02962962962962963
1 0.6213541666666667 0.5648148148148149 0.016666666666666666 0.03333333333333333
1 0.63359375 0.6092592592592593 0.015104166666666667 0.02777777777777778
1 0.6346354166666667 0.5412037037037037 0.015104166666666667 0.025
0 0.6125 0.5444444444444445 0.016666666666666666 0.02777777777777778
2 0.24947916666666667 0.6175925925925926 0.06770833333333333 0.12962962962962962
2 0.6041666666666666 0.6138888888888889 0.09895833333333333 0.17037037037037037
2 0.809375 0.5962962962962963 0.10520833333333333 0.16666666666666669
2 0.3619791666666667 0.6662037037037037 0.11354166666666667 0.2212962962962963
2 0.6411458333333333 0.6657407407407407 0.14583333333333334 0.25
2 0.271875 0.700462962962963 0.12291666666666666 0.24351851851851852