1 0.4596354166666667 0.5800925925925926 0.021354166666666667 0.03981481481481482
1 0.5036458333333333 0.5782407407407407 0.014583333333333334 0.03425925925925926
1 0.4869791666666667 0.5814814814814815 0.01875 0.03518518518518519
1 0.23229166666666667 0.5685185185185185 0.009375 0.018518518518518517
1 0.22161458333333334 0.5703703703703704 0.0078125 0.020370370370370372
1 0.11536458333333333 0.6152777777777778 0.0171875 0.03981481481481482
1 0.08932291666666667 0.6268518518518519 0.01614583333333333 0.037037037037037035
0 0.047135416666666666 0.5787037037037037 0.009895833333333333 0.018518518518518517
1 0.06067708333333333 0.576388888888889 0.008854166666666666 0.015740740740740743
2 0.04375 0.6277777777777778 0.05520833333333333 0.1277777777777778
2 0.21562499999999998 0.6194444444444445 0.06041666666666667 0.12222222222222223
2 0.5203125 0.6814814814814815 0.14895833333333333 0.25
2 0.13046875 0.7277777777777779 0.12343749999999999 0.27037037037037037