1 0.20546875 0.6337962962962963 0.021354166666666667 0.03981481481481482
1 0.07473958333333333 0.5833333333333334 0.008854166666666666 0.016666666666666666
1 0.08619791666666667 0.5740740740740741 0.009895833333333333 0.018518518518518517
1 0.7828125 0.6171296296296297 0.028125 0.058333333333333334
1 0.8075520833333333 0.6407407407407407 0.021354166666666667 0.0462962962962963
1 0.84453125 0.6138888888888889 0.0296875 0.061111111111111116
1 0.8778645833333333 0.6712962962962963 0.030729166666666665 0.05740740740740741
1 0.9494791666666667 0.5277777777777778 0.014583333333333334 0.02962962962962963
1 0.9643229166666667 0.5351851851851852 0.013020833333333334 0.02962962962962963
1 0.9807291666666667 0.5305555555555556 0.013541666666666667 0.02777777777777778
2 0.07161458333333333 0.6226851851851852 0.0546875 0.11388888888888889
2 0.9388020833333334 0.6037037037037037 0.12135416666666667 0.17592592592592593
2 0.8674479166666667 0.7902777777777779 0.2640625 0.4175925925925926
2 0.22109375 0.7671296296296296 0.14739583333333334 0.3212962962962963