0 0.384375 0.4800925925925926 0.029166666666666667 0.06018518518518519
0 0.4903645833333333 0.5055555555555555 0.0296875 0.061111111111111116
0 0.5489583333333333 0.5259259259259259 0.035416666666666666 0.06481481481481481
0 0.5098958333333333 0.3907407407407408 0.0125 0.02592592592592593
0 0.7111979166666667 0.3944444444444445 0.013020833333333334 0.02592592592592593
0 0.7369791666666666 0.38796296296296295 0.011458333333333333 0.022222222222222223
0 0.07578125 0.3768518518518519 0.0109375 0.020370370370370372
2 0.49765624999999997 0.4467592592592593 0.08385416666666666 0.13796296296296298
2 0.6997395833333333 0.45601851851851855 0.09739583333333333 0.16574074074074074
2 0.07526041666666666 0.4217592592592593 0.0484375 0.11203703703703705
2 0.38619791666666664 0.6189814814814815 0.1546875 0.3490740740740741
2 0.5708333333333333 0.7143518518518519 0.275 0.4916666666666667