0 0.05130208333333333 0.4800925925925926 0.033854166666666664 0.05648148148148149
0 0.3807291666666667 0.5416666666666667 0.034375 0.07777777777777778
0 0.6338541666666666 0.5425925925925926 0.03958333333333333 0.07037037037037037
0 0.6776041666666667 0.5152777777777778 0.03854166666666667 0.07685185185185185
0 0.78671875 0.4703703703703704 0.044270833333333336 0.07222222222222223
0 0.4705729166666667 0.4537037037037037 0.030729166666666665 0.061111111111111116
0 0.4309895833333333 0.3875 0.011979166666666666 0.02314814814814815
0 0.41640625 0.3842592592592593 0.011979166666666666 0.024074074074074074
1 0.40182291666666664 0.39675925925925926 0.0109375 0.02314814814814815
1 0.3450520833333333 0.4375 0.0265625 0.05092592592592593
1 0.3776041666666667 0.4532407407407408 0.019791666666666666 0.04166666666666667
0 0.23489583333333333 0.40740740740740744 0.019791666666666666 0.03888888888888889
0 0.21484375 0.4013888888888889 0.019270833333333334 0.03981481481481482
0 0.24713541666666666 0.4 0.018229166666666668 0.037037037037037035
1 0.1515625 0.37777777777777777 0.014583333333333334 0.037037037037037035
0 0.0328125 0.3791666666666667 0.009375 0.017592592592592594
2 0.029166666666666667 0.4222222222222222 0.051041666666666666 0.10555555555555556
2 0.40911458333333334 0.44074074074074077 0.07135416666666666 0.14074074074074075
2 0.8416666666666667 0.6476851851851853 0.23854166666666665 0.44537037037037036
2 0.7200520833333334 0.7208333333333333 0.27447916666666666 0.5064814814814815
2 0.37395833333333334 0.5564814814814815 0.11875 0.28703703703703703
2 0.49609375 0.6046296296296296 0.18177083333333333 0.362962962962963
2 0.41119791666666666 0.7342592592592593 0.2505208333333333 0.48888888888888893
2 0.159375 0.4569444444444445 0.10104166666666667 0.20277777777777778
2 0.26848958333333334 0.48333333333333334 0.0765625 0.21296296296296297
2 0.24895833333333334 0.5092592592592593 0.13020833333333334 0.2518518518518519
2 0.0765625 0.6273148148148149 0.15416666666666667 0.36203703703703705