0 0.9057291666666667 0.5546296296296297 0.03229166666666666 0.061111111111111116
0 0.8606770833333334 0.513425925925926 0.022395833333333334 0.05648148148148149
0 0.2872395833333333 0.5865740740740741 0.025520833333333333 0.04722222222222222
0 0.359375 0.49444444444444446 0.009375 0.016666666666666666
1 0.3450520833333333 0.4935185185185185 0.0078125 0.018518518518518517
0 0.013541666666666667 0.575462962962963 0.022916666666666665 0.04537037037037037
0 0.01953125 0.537962962962963 0.01614583333333333 0.031481481481481485
0 0.053906249999999996 0.512962962962963 0.0078125 0.014814814814814815
0 0.075 0.5074074074074074 0.007291666666666667 0.014814814814814815
0 0.10390624999999999 0.5083333333333333 0.009895833333333333 0.016666666666666666
0 0.03515625 0.49444444444444446 0.0067708333333333336 0.011111111111111112
2 0.051041666666666666 0.5527777777777778 0.04583333333333333 0.1
2 0.10390624999999999 0.5541666666666667 0.05364583333333333 0.11388888888888889
2 0.3575520833333333 0.5467592592592593 0.06614583333333333 0.13240740740740742
2 0.8361979166666667 0.6444444444444445 0.1265625 0.3277777777777778
2 0.9057291666666667 0.7037037037037037 0.1875 0.3592592592592593
2 0.30546875 0.7342592592592593 0.17864583333333334 0.362962962962963