0 0.9341145833333333 0.5717592592592593 0.033854166666666664 0.0712962962962963
0 0.20104166666666667 0.6171296296296297 0.028125 0.06018518518518519
0 0.15572916666666667 0.6199074074074075 0.026041666666666668 0.058333333333333334
0 0.19661458333333334 0.5527777777777778 0.0234375 0.04814814814814815
0 0.47578125 0.4902777777777778 0.009895833333333333 0.019444444444444445
0 0.11328125 0.5060185185185185 0.009895833333333333 0.019444444444444445
2 0.11276041666666667 0.5509259259259259 0.05260416666666667 0.11296296296296297
2 0.4708333333333333 0.5467592592592593 0.07083333333333333 0.13055555555555556
2 0.9091145833333333 0.7472222222222222 0.18072916666666666 0.4388888888888889
2 0.22838541666666667 0.663425925925926 0.11510416666666666 0.27870370370370373
2 0.22734374999999998 0.787962962962963 0.19739583333333333 0.4222222222222222