0 0.8015625 0.625925925925926 0.052083333333333336 0.07777777777777778
0 0.5768229166666666 0.5750000000000001 0.028645833333333332 0.061111111111111116
0 0.5432291666666667 0.5611111111111111 0.021875 0.05
0 0.6080729166666666 0.48240740740740745 0.013020833333333334 0.020370370370370372
0 0.625 0.48055555555555557 0.0125 0.024074074074074074
1 0.1796875 0.6296296296296297 0.026041666666666668 0.04814814814814815
0 0.159375 0.6180555555555556 0.027083333333333334 0.04722222222222222
0 0.2747395833333333 0.4949074074074074 0.011979166666666666 0.02314814814814815
0 0.2903645833333333 0.500925925925926 0.011979166666666666 0.022222222222222223
2 0.2700520833333333 0.5486111111111112 0.0640625 0.1287037037037037
2 0.6044270833333333 0.5361111111111111 0.07864583333333333 0.13333333333333333
2 0.8458333333333333 0.788425925925926 0.3072916666666667 0.42129629629629634
2 0.61015625 0.7078703703703704 0.20781249999999998 0.3527777777777778
2 0.20859375 0.7939814814814815 0.20781249999999998 0.4101851851851852