0 0.3723958333333333 0.6032407407407407 0.021875 0.03981481481481482
0 0.4005208333333333 0.611574074074074 0.021875 0.04537037037037037
1 0.98203125 0.5564814814814815 0.0265625 0.05740740740740741
0 0.6971354166666667 0.6083333333333334 0.0265625 0.06481481481481481
0 0.6341145833333334 0.6078703703703704 0.027604166666666666 0.05462962962962963
1 0.6614583333333334 0.6703703703703704 0.026041666666666668 0.05
1 0.7197916666666666 0.6680555555555556 0.02395833333333333 0.05648148148148149
1 0.39453125 0.5615740740740741 0.0140625 0.02314814814814815
1 0.4158854166666667 0.5620370370370371 0.0140625 0.020370370370370372
0 0.06640625 0.5824074074074075 0.011979166666666666 0.024074074074074074
0 0.08567708333333333 0.5750000000000001 0.0140625 0.024074074074074074
1 0.0734375 0.6027777777777777 0.011458333333333333 0.022222222222222223
1 0.14921875 0.5768518518518518 0.008854166666666666 0.018518518518518517
1 0.16119791666666666 0.5768518518518518 0.009895833333333333 0.018518518518518517
2 0.06640625 0.6328703703703704 0.0640625 0.14351851851851852
2 0.3953125 0.6101851851851852 0.06458333333333333 0.12592592592592594
2 0.9510416666666667 0.6759259259259259 0.096875 0.3037037037037037
2 0.7247395833333333 0.7726851851851853 0.2546875 0.3861111111111111
2 0.41692708333333334 0.7222222222222222 0.14739583333333334 0.2888888888888889
2 0.146875 0.6240740740740741 0.05625 0.12037037037037038