0 0.91015625 0.5967592592592593 0.0296875 0.0638888888888889
1 0.95859375 0.5967592592592593 0.03697916666666667 0.0638888888888889
0 0.54921875 0.6 0.024479166666666666 0.05
1 0.5223958333333333 0.5930555555555556 0.02395833333333333 0.04722222222222222
0 0.3611979166666667 0.5921296296296297 0.0234375 0.04351851851851852
0 0.3385416666666667 0.5773148148148148 0.021875 0.03981481481481482
0 0.11041666666666666 0.5736111111111112 0.0125 0.019444444444444445
0 0.09895833333333333 0.5824074074074075 0.0125 0.024074074074074074
2 0.32395833333333335 0.611574074074074 0.0625 0.1287037037037037
2 0.10052083333333334 0.6342592592592593 0.0625 0.15
2 0.9294270833333333 0.7347222222222223 0.14010416666666667 0.3416666666666667
2 0.5763020833333333 0.7203703703703704 0.17552083333333332 0.3055555555555556
2 0.3776041666666667 0.6837962962962963 0.13541666666666666 0.2564814814814815