0 0.8104166666666667 0.7222222222222222 0.03854166666666667 0.07777777777777778
0 0.9234375 0.7314814814814815 0.040625 0.08333333333333334
1 0.8815104166666666 0.7388888888888889 0.0453125 0.09814814814814815
0 0.54140625 0.663425925925926 0.033854166666666664 0.062037037037037036
0 0.4979166666666667 0.6587962962962963 0.034375 0.058333333333333334
0 0.64765625 0.5430555555555556 0.011979166666666666 0.02314814814814815
0 0.6622395833333333 0.5444444444444445 0.013020833333333334 0.02592592592592593
0 0.06328125 0.5787037037037037 0.008854166666666666 0.018518518518518517
0 0.054427083333333334 0.5828703703703704 0.0067708333333333336 0.017592592592592594
2 0.05182291666666666 0.6208333333333333 0.049479166666666664 0.10833333333333334
2 0.6411458333333333 0.6064814814814815 0.09270833333333334 0.15185185185185185
2 0.8877604166666666 0.8375 0.22343749999999998 0.3231481481481482
2 0.5802083333333333 0.8115740740740741 0.23854166666666665 0.375