0 0.5924479166666666 0.6222222222222222 0.024479166666666666 0.0462962962962963
0 0.6369791666666667 0.6032407407407407 0.03125 0.0712962962962963
1 0.66484375 0.6611111111111111 0.022395833333333334 0.044444444444444446
0 0.8109375 0.6263888888888889 0.0375 0.06759259259259259
0 0.8796875 0.6305555555555555 0.036458333333333336 0.06666666666666667
0 0.8486979166666666 0.6731481481481482 0.028645833333333332 0.05925925925925926
0 0.26171875 0.6342592592592593 0.0203125 0.04259259259259259
0 0.23072916666666665 0.6476851851851853 0.021875 0.04166666666666667
2 0.19505208333333332 0.6222222222222222 0.059895833333333336 0.12222222222222223
2 0.6786458333333333 0.7490740740740741 0.2125 0.3648148148148148
2 0.8841145833333334 0.7949074074074074 0.23072916666666665 0.4083333333333333
2 0.28072916666666664 0.7541666666666667 0.14791666666666667 0.28425925925925927