0 0.0703125 0.5810185185185185 0.022916666666666665 0.05092592592592593
1 0.04791666666666666 0.5902777777777778 0.017708333333333333 0.04166666666666667
0 0.028645833333333332 0.5791666666666667 0.01875 0.04537037037037037
0 0.19270833333333334 0.6240740740740741 0.02395833333333333 0.05185185185185186
0 0.23098958333333333 0.6041666666666667 0.025520833333333333 0.0638888888888889
0 0.24973958333333332 0.5439814814814815 0.024479166666666666 0.05277777777777778
0 0.35130208333333335 0.47361111111111115 0.0109375 0.019444444444444445
1 0.52890625 0.5347222222222222 0.028645833333333332 0.062037037037037036
0 0.57734375 0.4652777777777778 0.0140625 0.021296296296296296
0 0.6721354166666667 0.5273148148148148 0.028645833333333332 0.05092592592592593
0 0.7203125 0.5152777777777778 0.030208333333333334 0.058333333333333334
0 0.7575520833333333 0.4486111111111111 0.0109375 0.019444444444444445
0 0.77265625 0.44722222222222224 0.013020833333333334 0.018518518518518517
2 0.34713541666666664 0.525462962962963 0.06822916666666666 0.1287037037037037
2 0.5744791666666667 0.5273148148148148 0.096875 0.14351851851851852
2 0.7484375 0.5087962962962963 0.0875 0.14722222222222223
2 0.7559895833333333 0.6712962962962963 0.2203125 0.37592592592592594
2 0.56015625 0.7180555555555556 0.21197916666666666 0.437962962962963
2 0.27708333333333335 0.6467592592592593 0.11354166666666667 0.2601851851851852
2 0.08567708333333333 0.6976851851851852 0.16927083333333334 0.2972222222222222
2 0.26640625 0.7666666666666667 0.19322916666666667 0.40370370370370373