0 0.96328125 0.5263888888888889 0.03802083333333333 0.08425925925925926
0 0.5932291666666667 0.5587962962962963 0.03854166666666667 0.06574074074074074
0 0.49374999999999997 0.5407407407407407 0.028125 0.05
0 0.50078125 0.5115740740740741 0.021354166666666667 0.036111111111111115
0 0.47604166666666664 0.5226851851851853 0.019791666666666666 0.03425925925925926
0 0.26484375 0.5407407407407407 0.025520833333333333 0.0462962962962963
0 0.23307291666666666 0.5439814814814815 0.0234375 0.04351851851851852
0 0.29375 0.4865740740740741 0.008333333333333333 0.01388888888888889
0 0.3109375 0.4847222222222222 0.009375 0.017592592592592594
0 0.11484375 0.4990740740740741 0.0109375 0.018518518518518517
0 0.10677083333333333 0.49583333333333335 0.007291666666666667 0.015740740740740743
0 0.00703125 0.5055555555555555 0.009895833333333333 0.018518518518518517
2 0.10625 0.5351851851851852 0.04583333333333333 0.1
2 0.2921875 0.5347222222222222 0.059375 0.1212962962962963
2 0.5111979166666667 0.5800925925925926 0.1171875 0.1824074074074074
2 0.6268229166666667 0.7166666666666667 0.22760416666666666 0.3962962962962963
2 0.5010416666666666 0.6439814814814815 0.15625 0.26203703703703707
2 0.26979166666666665 0.5796296296296296 0.11041666666666666 0.12592592592592594