0 0.8372395833333334 0.44583333333333336 0.034895833333333334 0.0712962962962963
0 0.8760416666666666 0.46481481481481485 0.03229166666666666 0.06481481481481481
0 0.65703125 0.39490740740740743 0.011979166666666666 0.021296296296296296
0 0.6317708333333333 0.3893518518518519 0.0125 0.02314814814814815
0 0.3692708333333333 0.44537037037037036 0.022916666666666665 0.0462962962962963
0 0.309375 0.4638888888888889 0.02395833333333333 0.04814814814814815
0 0.28229166666666666 0.46620370370370373 0.02395833333333333 0.049074074074074076
0 0.1625 0.41111111111111115 0.019791666666666666 0.037037037037037035
0 0.08203125 0.4449074074074074 0.0203125 0.04166666666666667
0 0.11640625 0.4222222222222222 0.022395833333333334 0.04259259259259259
0 0.13697916666666665 0.3819444444444445 0.011458333333333333 0.019444444444444445
0 0.12317708333333333 0.38472222222222224 0.013020833333333334 0.021296296296296296
2 0.12265625 0.4273148148148148 0.05572916666666666 0.11944444444444445
2 0.6268229166666667 0.4481481481481482 0.08489583333333334 0.15
2 0.88671875 0.6060185185185185 0.22552083333333334 0.3990740740740741
2 0.4002604166666667 0.5745370370370371 0.12343749999999999 0.3027777777777778
2 0.18515625 0.512962962962963 0.09635416666666667 0.24629629629629632
2 0.3307291666666667 0.6018518518518519 0.17708333333333334 0.3462962962962963
2 0.14036458333333332 0.5282407407407408 0.0984375 0.26944444444444443
2 0.09140625 0.5578703703703703 0.1484375 0.28425925925925927