0 0.8841145833333334 0.47962962962962963 0.034895833333333334 0.06666666666666667
0 0.8747395833333333 0.44212962962962965 0.0359375 0.06018518518518519
0 0.834375 0.49259259259259264 0.030208333333333334 0.061111111111111116
0 0.8075520833333333 0.45231481481481484 0.034895833333333334 0.0638888888888889
0 0.40989583333333335 0.38472222222222224 0.009375 0.015740740740740743
0 0.0078125 0.44074074074074077 0.016666666666666666 0.044444444444444446
1 0.01640625 0.37592592592592594 0.008854166666666666 0.016666666666666666
2 0.40625 0.43842592592592594 0.07291666666666667 0.13240740740740742
2 0.018229166666666668 0.41805555555555557 0.0375 0.10833333333333334
2 0.8356770833333333 0.5837962962962964 0.12135416666666667 0.34351851851851856
2 0.8924479166666667 0.6541666666666667 0.2140625 0.42685185185185187
2 0.04348958333333333 0.5513888888888889 0.08802083333333333 0.275