0 0.953125 0.5953703703703704 0.046875 0.08703703703703704
0 0.9614583333333333 0.5388888888888889 0.04583333333333333 0.09074074074074075
0 0.8947916666666667 0.5731481481481482 0.03854166666666667 0.07592592592592592
0 0.7028645833333333 0.5523148148148148 0.028645833333333332 0.05648148148148149
0 0.6609375 0.5351851851851852 0.036458333333333336 0.061111111111111116
1 0.4901041666666667 0.5083333333333333 0.021875 0.044444444444444446
0 0.4653645833333333 0.5203703703703704 0.0203125 0.04259259259259259
0 0.3888020833333333 0.5425925925925926 0.028645833333333332 0.04814814814814815
0 0.26484375 0.5745370370370371 0.0328125 0.06018518518518519
0 0.21822916666666667 0.5666666666666667 0.022916666666666665 0.04814814814814815
0 0.09479166666666666 0.4939814814814815 0.009375 0.012037037037037037
2 0.08697916666666666 0.5351851851851852 0.0375 0.09814814814814815
2 0.9286458333333333 0.7226851851851852 0.14166666666666666 0.44907407407407407
2 0.7263020833333333 0.6837962962962963 0.22760416666666666 0.3509259259259259
2 0.5174479166666667 0.625925925925926 0.1546875 0.2814814814814815
2 0.4049479166666667 0.6527777777777778 0.15364583333333334 0.27592592592592596
2 0.2833333333333333 0.7046296296296296 0.178125 0.34074074074074073