0 0.6677083333333333 0.6486111111111111 0.04895833333333333 0.08055555555555556
0 0.2682291666666667 0.5837962962962964 0.030208333333333334 0.0638888888888889
0 0.10208333333333333 0.6351851851851852 0.03125 0.07037037037037037
0 0.23567708333333334 0.4930555555555556 0.013020833333333334 0.030555555555555558
1 0.20859375 0.5606481481481481 0.01614583333333333 0.03425925925925926
1 0.19583333333333333 0.5546296296296297 0.016666666666666666 0.03888888888888889
0 0.4015625 0.47731481481481486 0.010416666666666666 0.019444444444444445
2 0.7348958333333333 0.7986111111111112 0.31979166666666664 0.40092592592592596
2 0.25026041666666665 0.5717592592592593 0.09114583333333333 0.18981481481481483
2 0.2125 0.6814814814814815 0.12291666666666666 0.3037037037037037
2 0.2921875 0.7287037037037037 0.17708333333333334 0.35370370370370374
2 0.13645833333333332 0.7976851851851852 0.175 0.4027777777777778