0 0.4661458333333333 0.6518518518518519 0.036458333333333336 0.07592592592592592
0 0.4239583333333333 0.6365740740740741 0.035416666666666666 0.0787037037037037
0 0.5401041666666666 0.5504629629629629 0.02395833333333333 0.05092592592592593
1 0.51171875 0.5643518518518519 0.0234375 0.04722222222222222
0 0.28359375 0.5425925925925926 0.022395833333333334 0.0462962962962963
0 0.058854166666666666 0.5416666666666667 0.016666666666666666 0.03333333333333333
0 0.00703125 0.5013888888888889 0.008854166666666666 0.017592592592592594
2 0.016666666666666666 0.5439814814814815 0.034375 0.10833333333333334
2 0.5708333333333333 0.7037037037037037 0.18541666666666667 0.3703703703703704
2 0.30442708333333335 0.6537037037037037 0.1453125 0.27222222222222225
2 0.50234375 0.7953703703703704 0.26197916666666665 0.40740740740740744
2 0.0734375 0.6356481481481482 0.11458333333333333 0.23425925925925928