1 0.8106770833333333 0.4930555555555556 0.0265625 0.04722222222222222
0 0.7661458333333333 0.487962962962963 0.021875 0.044444444444444446
0 0.63203125 0.5722222222222223 0.0296875 0.06296296296296297
0 0.35572916666666665 0.537962962962963 0.02395833333333333 0.040740740740740744
0 0.27057291666666666 0.5425925925925926 0.01614583333333333 0.02592592592592593
0 0.25677083333333334 0.5157407407407407 0.016666666666666666 0.031481481481481485
0 0.22708333333333333 0.5222222222222223 0.015625 0.02962962962962963
2 0.8322916666666667 0.6134259259259259 0.20520833333333333 0.30462962962962964
2 0.6796875 0.7439814814814815 0.2520833333333333 0.41203703703703703
2 0.26666666666666666 0.6189814814814815 0.11458333333333333 0.2490740740740741
2 0.37421875 0.6532407407407408 0.14739583333333334 0.28240740740740744