0 0.9421875 0.7115740740740741 0.05 0.10092592592592593
0 0.67109375 0.6722222222222223 0.03802083333333333 0.061111111111111116
0 0.5973958333333333 0.7481481481481482 0.03958333333333333 0.08518518518518518
0 0.5135416666666667 0.6037037037037037 0.022916666666666665 0.04259259259259259
0 0.42916666666666664 0.6342592592592593 0.021875 0.04259259259259259
0 0.15807291666666667 0.6412037037037037 0.024479166666666666 0.04722222222222222
0 0.11302083333333333 0.5726851851851852 0.010416666666666666 0.019444444444444445
0 0.0296875 0.5791666666666667 0.011458333333333333 0.017592592592592594
2 0.0296875 0.6240740740740741 0.052083333333333336 0.10925925925925926
2 0.10963541666666667 0.6203703703703703 0.05677083333333333 0.11481481481481481
2 0.44921875 0.600462962962963 0.07760416666666667 0.12685185185185185
2 0.5286458333333334 0.7046296296296296 0.14375 0.24444444444444446
2 0.7286458333333333 0.8171296296296297 0.21979166666666666 0.36388888888888893
2 0.45 0.7694444444444445 0.17395833333333333 0.32592592592592595
2 0.6309895833333333 0.8481481481481482 0.2786458333333333 0.30185185185185187
2 0.16979166666666667 0.7662037037037037 0.14479166666666665 0.30833333333333335