0 0.9395833333333333 0.6199074074074075 0.036458333333333336 0.0712962962962963
1 0.9848958333333333 0.5273148148148148 0.019791666666666666 0.04537037037037037
0 0.7611979166666667 0.700462962962963 0.04635416666666667 0.08240740740740742
0 0.7041666666666666 0.6837962962962963 0.03958333333333333 0.07314814814814816
0 0.75625 0.5425925925925926 0.014583333333333334 0.02592592592592593
0 0.7361979166666667 0.5421296296296296 0.013020833333333334 0.025
0 0.20494791666666667 0.6490740740740741 0.0234375 0.04814814814814815
0 0.10807291666666667 0.6805555555555556 0.0296875 0.05925925925925926
2 0.16041666666666665 0.6037037037037037 0.04375 0.10740740740740741
2 0.73203125 0.6013888888888889 0.09114583333333333 0.14537037037037037
2 0.8010416666666667 0.8222222222222223 0.3052083333333333 0.35370370370370374
2 0.128125 0.8231481481481482 0.18020833333333333 0.35185185185185186
2 0.2359375 0.7814814814814816 0.15520833333333334 0.32222222222222224