0 0.6075520833333333 0.6921296296296297 0.043229166666666666 0.075
0 0.5533854166666666 0.7083333333333334 0.028645833333333332 0.07407407407407407
0 0.42109375 0.6560185185185186 0.025520833333333333 0.04537037037037037
0 0.33697916666666666 0.6277777777777778 0.021875 0.044444444444444446
1 0.35885416666666664 0.6203703703703703 0.019791666666666666 0.044444444444444446
0 0.378125 0.5606481481481481 0.010416666666666666 0.019444444444444445
0 0.39088541666666665 0.5611111111111111 0.011979166666666666 0.022222222222222223
2 0.37604166666666666 0.6074074074074074 0.06458333333333333 0.12037037037037038
2 0.340625 0.75 0.11562499999999999 0.3037037037037037
2 0.44036458333333334 0.7986111111111112 0.1578125 0.3472222222222222
2 0.6427083333333333 0.8212962962962963 0.265625 0.35555555555555557