0 0.9395833333333333 0.4439814814814815 0.019791666666666666 0.03796296296296296
0 0.5630208333333333 0.4689814814814815 0.010416666666666666 0.02314814814814815
0 0.4544270833333333 0.4708333333333333 0.011979166666666666 0.021296296296296296
0 0.4354166666666667 0.47824074074074074 0.010416666666666666 0.019444444444444445
0 0.35572916666666665 0.4800925925925926 0.011458333333333333 0.021296296296296296
0 0.19739583333333333 0.4939814814814815 0.008333333333333333 0.015740740740740743
0 0.18515625 0.4949074074074074 0.009895833333333333 0.015740740740740743
0 0.12630208333333334 0.49444444444444446 0.0109375 0.018518518518518517
0 0.11640625 0.4981481481481482 0.008854166666666666 0.016666666666666666
0 0.07395833333333333 0.49953703703703706 0.009375 0.015740740740740743
0 0.0036458333333333334 0.5069444444444444 0.008333333333333333 0.01388888888888889
2 0.07213541666666666 0.5449074074074074 0.04635416666666667 0.11574074074074074
2 0.11953124999999999 0.5393518518518519 0.049479166666666664 0.11574074074074074
2 0.18723958333333332 0.5393518518518519 0.050520833333333334 0.1175925925925926
2 0.3541666666666667 0.5347222222222222 0.065625 0.13240740740740742
2 0.4302083333333333 0.5314814814814816 0.07708333333333334 0.15
2 0.5635416666666666 0.525462962962963 0.08229166666666667 0.14722222222222223
2 0.9338541666666667 0.5226851851851853 0.11979166666666667 0.19351851851851853