0 0.6875 0.4569444444444445 0.016666666666666666 0.032407407407407406
1 0.7002604166666666 0.46111111111111114 0.013020833333333334 0.02592592592592593
0 0.5703125 0.4625 0.014583333333333334 0.025
0 0.346875 0.48055555555555557 0.010416666666666666 0.020370370370370372
0 0.26484375 0.4847222222222222 0.0109375 0.019444444444444445
0 0.2526041666666667 0.48888888888888893 0.008333333333333333 0.018518518518518517
0 0.21015625 0.4902777777777778 0.0109375 0.019444444444444445
0 0.11588541666666667 0.4986111111111111 0.0078125 0.015740740740740743
0 0.1046875 0.4981481481481482 0.008333333333333333 0.014814814814814815
0 0.05416666666666667 0.4986111111111111 0.008333333333333333 0.01388888888888889
0 0.04244791666666667 0.5023148148148149 0.0078125 0.015740740740740743
0 0.031510416666666666 0.500925925925926 0.008854166666666666 0.012962962962962964
0 0.0033854166666666668 0.5069444444444444 0.0078125 0.015740740740740743
2 0.03125 0.5462962962962963 0.04479166666666667 0.11481481481481481
2 0.04348958333333333 0.5425925925925926 0.049479166666666664 0.11111111111111112
2 0.10416666666666667 0.5412037037037037 0.04791666666666666 0.11018518518518519
2 0.20729166666666665 0.537962962962963 0.05416666666666667 0.12037037037037038
2 0.25 0.537962962962963 0.0625 0.13518518518518519
2 0.3463541666666667 0.5314814814814816 0.06458333333333333 0.13148148148148148
2 0.57109375 0.5291666666666667 0.08072916666666667 0.1564814814814815
2 0.7005208333333334 0.525462962962963 0.09791666666666667 0.15833333333333333
2 0.6794270833333333 0.5370370370370371 0.11197916666666667 0.2