0 0.74296875 0.45231481481481484 0.011979166666666666 0.025
0 0.7231770833333333 0.45416666666666666 0.013020833333333334 0.026851851851851852
1 0.49713541666666666 0.4703703703703704 0.011979166666666666 0.02777777777777778
0 0.37265625 0.47500000000000003 0.013020833333333334 0.024074074074074074
0 0.23828125 0.4842592592592593 0.0140625 0.02592592592592593
0 0.22734374999999998 0.48842592592592593 0.009895833333333333 0.017592592592592594
0 0.14557291666666666 0.49074074074074076 0.011979166666666666 0.022222222222222223
0 0.12786458333333334 0.49768518518518523 0.009895833333333333 0.017592592592592594
0 0.09661458333333334 0.5 0.008854166666666666 0.016666666666666666
0 0.08385416666666666 0.5018518518518519 0.009375 0.018518518518518517
0 0.05 0.500462962962963 0.011458333333333333 0.015740740740740743
0 0.022395833333333334 0.5041666666666667 0.009375 0.015740740740740743
0 0.03619791666666666 0.5078703703703704 0.0078125 0.01388888888888889
0 0.002864583333333333 0.5078703703703704 0.0067708333333333336 0.015740740740740743
2 0.08619791666666667 0.5425925925925926 0.04739583333333333 0.10740740740740741
2 0.13020833333333334 0.5407407407407407 0.04895833333333333 0.11666666666666667
2 0.12552083333333333 0.5407407407407407 0.0625 0.12962962962962962
2 0.22942708333333334 0.538425925925926 0.05677083333333333 0.11574074074074074
2 0.3723958333333333 0.5351851851851852 0.07083333333333333 0.1388888888888889
2 0.5 0.5291666666666667 0.08229166666666667 0.14351851851851852
2 0.2375 0.549537037037037 0.07395833333333333 0.1564814814814815
2 0.71640625 0.5222222222222223 0.10052083333333334 0.17037037037037037
2 0.7606770833333333 0.5148148148148148 0.057812499999999996 0.15185185185185185