0 0.9088541666666666 0.4481481481481482 0.017708333333333333 0.02962962962962963
0 0.9369791666666667 0.4444444444444445 0.017708333333333333 0.02777777777777778
0 0.6427083333333333 0.4601851851851852 0.0125 0.020370370370370372
0 0.6510416666666666 0.48240740740740745 0.008333333333333333 0.016666666666666666
0 0.5309895833333333 0.46805555555555556 0.009895833333333333 0.019444444444444445
0 0.3997395833333333 0.475462962962963 0.011979166666666666 0.019444444444444445
0 0.378125 0.4777777777777778 0.0125 0.022222222222222223
0 0.36875 0.4759259259259259 0.010416666666666666 0.022222222222222223
0 0.3067708333333333 0.4814814814814815 0.010416666666666666 0.016666666666666666
1 0.24947916666666667 0.4902777777777778 0.010416666666666666 0.019444444444444445
0 0.17057291666666666 0.4953703703703704 0.008854166666666666 0.014814814814814815
0 0.14088541666666665 0.49259259259259264 0.011979166666666666 0.020370370370370372
0 0.10494791666666667 0.4981481481481482 0.008854166666666666 0.012962962962962964
0 0.09713541666666667 0.500925925925926 0.008854166666666666 0.014814814814814815
0 0.08854166666666667 0.5 0.008333333333333333 0.014814814814814815
0 0.050520833333333334 0.4986111111111111 0.009375 0.015740740740740743
0 0.041666666666666664 0.500925925925926 0.009375 0.016666666666666666
0 0.028125 0.5032407407407408 0.008333333333333333 0.015740740740740743
0 0.0033854166666666668 0.5064814814814815 0.0078125 0.014814814814814815
0 0.0234375 0.5013888888888889 0.007291666666666667 0.01388888888888889
2 0.0859375 0.5425925925925926 0.04583333333333333 0.10740740740740741
2 0.02786458333333333 0.5472222222222223 0.05677083333333333 0.11851851851851852
2 0.140625 0.5421296296296296 0.05 0.12314814814814816
2 0.253125 0.5398148148148149 0.06145833333333333 0.12407407407407407
2 0.3640625 0.5333333333333333 0.07291666666666667 0.1425925925925926
2 0.30703125 0.5319444444444444 0.058854166666666666 0.12314814814814816
2 0.52890625 0.525462962962963 0.08072916666666667 0.14537037037037037
2 0.37526041666666665 0.5370370370370371 0.07760416666666667 0.1537037037037037
2 0.6411458333333333 0.5166666666666667 0.08020833333333333 0.1425925925925926
2 0.90078125 0.5222222222222223 0.12239583333333333 0.18888888888888888