0 0.5372395833333333 0.46851851851851856 0.013020833333333334 0.022222222222222223
0 0.5161458333333333 0.46851851851851856 0.010416666666666666 0.022222222222222223
0 0.3578125 0.47962962962962963 0.0125 0.022222222222222223
0 0.27578125 0.48240740740740745 0.0109375 0.020370370370370372
0 0.2640625 0.48379629629629634 0.009375 0.019444444444444445
0 0.20963541666666666 0.48750000000000004 0.009895833333333333 0.017592592592592594
0 0.01953125 0.5814814814814815 0.021354166666666667 0.0462962962962963
1 0.1890625 0.4916666666666667 0.010416666666666666 0.018518518518518517
0 0.17760416666666667 0.48935185185185187 0.011458333333333333 0.019444444444444445
0 0.159375 0.4939814814814815 0.010416666666666666 0.021296296296296296
0 0.10572916666666667 0.49722222222222223 0.007291666666666667 0.014814814814814815
0 0.096875 0.49583333333333335 0.010416666666666666 0.019444444444444445
0 0.08385416666666666 0.4990740740740741 0.008333333333333333 0.016666666666666666
0 0.05286458333333333 0.4962962962962963 0.0078125 0.014814814814814815
0 0.02786458333333333 0.500925925925926 0.008854166666666666 0.014814814814814815
0 0.040625 0.5027777777777778 0.007291666666666667 0.012962962962962964
0 0.004166666666666667 0.5023148148148149 0.008333333333333333 0.017592592592592594
2 0.08385416666666666 0.5425925925925926 0.04583333333333333 0.10740740740740741
2 0.19088541666666667 0.5398148148148149 0.05364583333333333 0.12407407407407407
2 0.27317708333333335 0.5370370370370371 0.0703125 0.13333333333333333
2 0.20729166666666665 0.5342592592592593 0.058333333333333334 0.11481481481481481
2 0.35520833333333335 0.5328703703703704 0.065625 0.13425925925925927
2 0.15807291666666667 0.5453703703703704 0.06197916666666667 0.13333333333333333
2 0.26119791666666664 0.5324074074074074 0.0609375 0.11851851851851852
2 0.5130208333333334 0.5324074074074074 0.0875 0.1537037037037037
2 0.06380208333333333 0.7458333333333333 0.12864583333333332 0.39351851851851855