0 0.9666666666666667 0.5361111111111111 0.015625 0.02777777777777778
0 0.9479166666666666 0.5351851851851852 0.0125 0.02592592592592593
0 0.9229166666666666 0.6314814814814815 0.04583333333333333 0.06851851851851852
0 0.87265625 0.6453703703703704 0.03802083333333333 0.07037037037037037
0 0.44427083333333334 0.6888888888888889 0.035416666666666666 0.06296296296296297
0 0.18828125 0.6523148148148148 0.028645833333333332 0.05277777777777778
0 0.06875 0.6361111111111112 0.022916666666666665 0.03888888888888889
1 0.015364583333333333 0.6263888888888889 0.0203125 0.03425925925925926
2 0.9106770833333333 0.7953703703703704 0.17760416666666667 0.40740740740740744
2 0.4549479166666667 0.8240740740740741 0.21510416666666665 0.35000000000000003
2 0.19869791666666667 0.7865740740740741 0.1703125 0.3287037037037037
2 0.9356770833333333 0.5986111111111111 0.10364583333333333 0.16203703703703703
2 0.08671875 0.7384259259259259 0.13385416666666666 0.2601851851851852
2 0.026822916666666665 0.7138888888888889 0.0546875 0.23148148148148148