0 0.7513020833333334 0.6601851851851852 0.034895833333333334 0.07592592592592592
0 0.6903645833333333 0.662962962962963 0.0265625 0.05740740740740741
1 0.5408854166666667 0.6106481481481482 0.0203125 0.05092592592592593
0 0.5153645833333333 0.6101851851851852 0.024479166666666666 0.05
0 0.4315104166666667 0.5532407407407408 0.008854166666666666 0.019444444444444445
0 0.41796875 0.5583333333333333 0.013020833333333334 0.024074074074074074
0 0.3130208333333333 0.6375000000000001 0.026041666666666668 0.05092592592592593
2 0.41328125 0.6060185185185185 0.06510416666666667 0.12685185185185185
2 0.78828125 0.8074074074074075 0.2921875 0.38333333333333336
2 0.5645833333333333 0.750925925925926 0.184375 0.337037037037037
2 0.3450520833333333 0.7861111111111111 0.18697916666666667 0.3648148148148148