0 0.9895833333333334 0.6791666666666667 0.01875 0.062037037037037036
0 0.6239583333333333 0.6800925925925926 0.03854166666666667 0.075
0 0.5760416666666667 0.5509259259259259 0.0125 0.024074074074074074
1 0.24010416666666667 0.6541666666666667 0.021875 0.04722222222222222
1 0.19453125 0.6439814814814815 0.0234375 0.049074074074074076
0 0.0875 0.6245370370370371 0.01875 0.03796296296296296
0 0.06536458333333334 0.611574074074074 0.019270833333333334 0.04166666666666667
0 0.05 0.7115740740740741 0.03125 0.05092592592592593
0 0.11562499999999999 0.5837962962962964 0.008333333333333333 0.017592592592592594
0 0.10494791666666667 0.5773148148148148 0.009895833333333333 0.015740740740740743
0 0.024739583333333332 0.5745370370370371 0.0067708333333333336 0.012037037037037037
2 0.1015625 0.6208333333333333 0.053125 0.11018518518518519
2 0.65703125 0.8189814814814815 0.2838541666666667 0.3601851851851852
2 0.5703125 0.6027777777777777 0.07708333333333334 0.13333333333333333
2 0.25885416666666666 0.7805555555555556 0.190625 0.3351851851851852
2 0.08359375 0.837037037037037 0.16822916666666665 0.32407407407407407
2 0.1046875 0.7226851851851852 0.125 0.27314814814814814