0 0.8791666666666667 0.674074074074074 0.03958333333333333 0.09444444444444444
0 0.9109375 0.6263888888888889 0.042708333333333334 0.08240740740740742
0 0.7236979166666666 0.5347222222222222 0.013020833333333334 0.026851851851851852
0 0.69140625 0.5472222222222223 0.01614583333333333 0.02777777777777778
0 0.60859375 0.5458333333333334 0.0140625 0.025
0 0.3888020833333333 0.6486111111111111 0.027604166666666666 0.058333333333333334
0 0.4661458333333333 0.5532407407407408 0.011458333333333333 0.02314814814814815
0 0.45208333333333334 0.5574074074074075 0.013541666666666667 0.022222222222222223
1 0.221875 0.5907407407407408 0.015625 0.03333333333333333
0 0.20234375 0.5837962962962964 0.01614583333333333 0.030555555555555558
0 0.02734375 0.6361111111111112 0.0203125 0.040740740740740744
2 0.19505208333333332 0.6083333333333334 0.0484375 0.10740740740740741
2 0.88671875 0.8143518518518519 0.22552083333333334 0.36944444444444446
2 0.90234375 0.7671296296296296 0.19427083333333334 0.35833333333333334
2 0.43072916666666666 0.8060185185185186 0.22083333333333333 0.3861111111111111
2 0.23489583333333333 0.6712962962962963 0.10625 0.22037037037037038
2 0.06145833333333333 0.7620370370370371 0.12395833333333334 0.3055555555555556
2 0.6888020833333334 0.6064814814814815 0.0984375 0.16666666666666669