0 0.7869791666666667 0.5893518518518519 0.041666666666666664 0.08796296296296297
0 0.8169270833333333 0.5467592592592593 0.044270833333333336 0.08055555555555556
0 0.79921875 0.48333333333333334 0.04010416666666666 0.06851851851851852
0 0.7388020833333333 0.537962962962963 0.0390625 0.07222222222222223
0 0.4901041666666667 0.38657407407407407 0.017708333333333333 0.036111111111111115
0 0.0546875 0.4675925925925926 0.021875 0.04259259259259259
0 0.03307291666666667 0.4675925925925926 0.024479166666666666 0.04814814814814815
2 0.4848958333333333 0.4587962962962963 0.09270833333333334 0.17685185185185187
2 0.6770833333333334 0.45462962962962966 0.084375 0.1537037037037037
2 0.8489583333333334 0.7384259259259259 0.30104166666666665 0.48240740740740745
2 0.8723958333333334 0.6550925925925927 0.21875 0.4138888888888889
2 0.8273437499999999 0.7680555555555556 0.3442708333333333 0.4620370370370371
2 0.0734375 0.5935185185185186 0.14791666666666667 0.3037037037037037