0 0.21380208333333334 0.4537037037037037 0.0234375 0.04814814814814815
0 0.11197916666666667 0.4759259259259259 0.028125 0.053703703703703705
0 0.12447916666666667 0.3787037037037037 0.010416666666666666 0.022222222222222223
0 0.05911458333333333 0.375 0.013020833333333334 0.022222222222222223
0 0.024479166666666666 0.41944444444444445 0.017708333333333333 0.03333333333333333
0 0.005208333333333333 0.412962962962963 0.011458333333333333 0.037037037037037035
2 0.05416666666666667 0.43333333333333335 0.06145833333333333 0.1388888888888889
2 0.12005208333333334 0.4277777777777778 0.049479166666666664 0.11296296296296297
2 0.22864583333333333 0.5814814814814815 0.15729166666666666 0.31666666666666665
2 0.12447916666666667 0.6092592592592593 0.15416666666666667 0.3351851851851852
2 0.042708333333333334 0.5092592592592593 0.08645833333333333 0.22037037037037038