0 0.6203125 0.4949074074074074 0.036458333333333336 0.07314814814814816
0 0.271875 0.44351851851851853 0.02395833333333333 0.044444444444444446
0 0.20807291666666666 0.45462962962962966 0.0234375 0.0462962962962963
0 0.03411458333333333 0.43333333333333335 0.0234375 0.04814814814814815
0 0.09921875 0.40740740740740744 0.018229166666666668 0.03888888888888889
0 0.12265625 0.4222222222222222 0.0171875 0.03518518518518519
2 0.65234375 0.6833333333333333 0.2557291666666667 0.46851851851851856
2 0.13098958333333333 0.5041666666666667 0.10781249999999999 0.23240740740740742
2 0.059375 0.5574074074074075 0.11979166666666667 0.30185185185185187
2 0.2955729166666667 0.5560185185185186 0.10364583333333333 0.28240740740740744
2 0.22109375 0.587962962962963 0.15989583333333332 0.32962962962962966