1 0.8640625 0.5365740740740741 0.0125 0.025
1 0.85234375 0.5393518518518519 0.013020833333333334 0.030555555555555558
1 0.8127604166666667 0.5388888888888889 0.0109375 0.024074074074074074
1 0.8028645833333333 0.5453703703703704 0.0109375 0.022222222222222223
1 0.44921875 0.600462962962963 0.018229166666666668 0.03796296296296296
1 0.425 0.6046296296296296 0.01875 0.037037037037037035
0 0.37083333333333335 0.5592592592592592 0.011458333333333333 0.022222222222222223
0 0.35625 0.5606481481481481 0.010416666666666666 0.021296296296296296
0 0.23307291666666666 0.6967592592592593 0.021354166666666667 0.05462962962962963
0 0.20885416666666667 0.6833333333333333 0.026041666666666668 0.053703703703703705
0 0.15390625 0.5736111111111112 0.009895833333333333 0.017592592592592594
2 0.15286458333333333 0.6277777777777778 0.059895833333333336 0.13518518518518519
2 0.35520833333333335 0.6129629629629629 0.07083333333333333 0.13148148148148148
2 0.8640625 0.6 0.06875 0.15925925925925927
2 0.7958333333333333 0.6069444444444445 0.10729166666666666 0.16574074074074074
2 0.47760416666666666 0.7171296296296297 0.15104166666666666 0.28611111111111115
2 0.2565104166666667 0.826388888888889 0.1765625 0.3453703703703704