1 0.9794270833333333 0.5671296296296297 0.030729166666666665 0.05462962962962963
1 0.8377604166666667 0.5361111111111111 0.018229166666666668 0.031481481481481485
1 0.8234374999999999 0.5365740740740741 0.014583333333333334 0.030555555555555558
0 0.5203125 0.7305555555555556 0.03854166666666667 0.08518518518518518
0 0.47578125 0.7208333333333333 0.0359375 0.06574074074074074
1 0.6200520833333333 0.549537037037037 0.009895833333333333 0.019444444444444445
1 0.6122395833333333 0.5532407407407408 0.008854166666666666 0.019444444444444445
1 0.5677083333333334 0.5518518518518519 0.009375 0.020370370370370372
1 0.5583333333333333 0.5574074074074075 0.008333333333333333 0.018518518518518517
0 0.178125 0.5745370370370371 0.010416666666666666 0.015740740740740743
0 0.1640625 0.5736111111111112 0.010416666666666666 0.017592592592592594
2 0.6177083333333333 0.6078703703703704 0.06354166666666666 0.1398148148148148
2 0.553125 0.6101851851851852 0.084375 0.1462962962962963
2 0.8125 0.612037037037037 0.12083333333333333 0.18888888888888888
2 0.52734375 0.8337962962962964 0.22447916666666667 0.33055555555555555