0 0.42526041666666664 0.6856481481481482 0.0296875 0.062037037037037036
0 0.3802083333333333 0.6791666666666667 0.03229166666666666 0.06759259259259259
1 0.45026041666666666 0.5574074074074075 0.011979166666666666 0.020370370370370372
1 0.43385416666666665 0.5620370370370371 0.011458333333333333 0.02592592592592593
1 0.3703125 0.5657407407407408 0.0125 0.020370370370370372
1 0.35572916666666665 0.5643518518518519 0.011458333333333333 0.017592592592592594
1 0.20182291666666666 0.5740740740740741 0.0067708333333333336 0.012962962962962964
2 0.19427083333333334 0.6212962962962963 0.05520833333333333 0.11666666666666667
2 0.35520833333333335 0.6236111111111111 0.071875 0.14166666666666666
2 0.43463541666666666 0.6217592592592592 0.08802083333333333 0.16018518518518518
2 0.46848958333333335 0.8212962962962963 0.2359375 0.35555555555555557