1 0.875 0.5263888888888889 0.013541666666666667 0.025
1 0.853125 0.5333333333333333 0.010416666666666666 0.02592592592592593
0 0.6721354166666667 0.5356481481481482 0.0140625 0.026851851851851852
0 0.65 0.5356481481481482 0.014583333333333334 0.026851851851851852
0 0.6309895833333333 0.5393518518518519 0.009895833333333333 0.019444444444444445
1 0.23359375 0.575925925925926 0.0078125 0.014814814814814815
1 0.2171875 0.5736111111111112 0.009375 0.017592592592592594
2 0.21796875 0.6222222222222222 0.057812499999999996 0.12222222222222223
2 0.6333333333333333 0.5990740740740741 0.084375 0.15555555555555556
2 0.66796875 0.6087962962962963 0.0984375 0.16944444444444445
2 0.8458333333333333 0.5949074074074074 0.10416666666666667 0.16574074074074074