0 0.9205729166666666 0.5217592592592593 0.01614583333333333 0.032407407407407406
1 0.9450520833333333 0.5319444444444444 0.0140625 0.026851851851851852
1 0.53984375 0.5550925925925926 0.0109375 0.017592592592592594
1 0.53359375 0.5564814814814815 0.0078125 0.016666666666666666
1 0.4627604166666667 0.5569444444444445 0.009895833333333333 0.015740740740740743
1 0.4578125 0.563425925925926 0.008333333333333333 0.01388888888888889
1 0.3653645833333333 0.5620370370370371 0.009895833333333333 0.018518518518518517
1 0.35442708333333334 0.5708333333333333 0.009895833333333333 0.017592592592592594
1 0.24244791666666665 0.5694444444444444 0.0078125 0.012962962962962964
1 0.23854166666666665 0.575462962962963 0.008333333333333333 0.015740740740740743
1 0.21015625 0.5680555555555555 0.0067708333333333336 0.01388888888888889
0 0.19505208333333332 0.5675925925925926 0.0109375 0.020370370370370372
2 0.19010416666666666 0.6222222222222222 0.06041666666666667 0.13148148148148148
2 0.23020833333333332 0.6143518518518519 0.0625 0.11574074074074074
2 0.3546875 0.6087962962962963 0.057291666666666664 0.1175925925925926
2 0.45260416666666664 0.6083333333333334 0.06354166666666666 0.1277777777777778
2 0.5317708333333333 0.6078703703703704 0.071875 0.13611111111111113
2 0.9096354166666667 0.6041666666666667 0.1203125 0.19722222222222224