1 0.94375 0.5314814814814816 0.014583333333333334 0.024074074074074074
1 0.9276041666666667 0.5356481481481482 0.011458333333333333 0.025
0 0.9138020833333333 0.525 0.015104166666666667 0.02777777777777778
1 0.4536458333333333 0.5555555555555556 0.013541666666666667 0.022222222222222223
0 0.4388020833333333 0.5476851851851852 0.011979166666666666 0.021296296296296296
1 0.2989583333333333 0.5708333333333333 0.008333333333333333 0.01388888888888889
1 0.22708333333333333 0.5662037037037038 0.00625 0.01388888888888889
1 0.21640625 0.5750000000000001 0.0078125 0.014814814814814815
1 0.14947916666666666 0.5731481481481482 0.007291666666666667 0.014814814814814815
0 0.13697916666666665 0.5819444444444445 0.007291666666666667 0.015740740740740743
0 0.14401041666666667 0.575925925925926 0.0078125 0.014814814814814815
2 0.13802083333333334 0.6171296296296297 0.042708333333333334 0.10092592592592593
2 0.21354166666666666 0.6143518518518519 0.053125 0.11574074074074074
2 0.29713541666666665 0.6148148148148148 0.0546875 0.11851851851851852
2 0.4356770833333333 0.6101851851851852 0.07864583333333333 0.1537037037037037
2 0.9088541666666666 0.5916666666666667 0.10625 0.16296296296296298