1 0.5315104166666667 0.4703703703703704 0.01614583333333333 0.024074074074074074
0 0.3059895833333333 0.6333333333333333 0.0265625 0.05555555555555556
0 0.24947916666666667 0.5518518518518519 0.020833333333333332 0.03888888888888889
0 0.22473958333333333 0.5560185185185186 0.019270833333333334 0.03981481481481482
0 0.19375 0.48888888888888893 0.008333333333333333 0.014814814814814815
0 0.18229166666666666 0.4898148148148148 0.010416666666666666 0.018518518518518517
0 0.0125 0.575925925925926 0.022916666666666665 0.04259259259259259
2 0.18125 0.5365740740740741 0.05416666666666667 0.1175925925925926
2 0.5307291666666667 0.5263888888888889 0.06979166666666667 0.13796296296296298
2 0.26666666666666666 0.6587962962962963 0.12604166666666666 0.27314814814814814
2 0.3377604166666667 0.7972222222222223 0.2140625 0.40185185185185185
2 0.04401041666666666 0.6990740740740741 0.0890625 0.29444444444444445