0 0.8825520833333333 0.5527777777777778 0.04114583333333333 0.07222222222222223
0 0.671875 0.45601851851851855 0.009375 0.025
0 0.15 0.5731481481481482 0.021875 0.04259259259259259
0 0.12421875 0.5671296296296297 0.018229166666666668 0.03796296296296296
0 0.09791666666666667 0.5300925925925926 0.017708333333333333 0.03796296296296296
0 0.12369791666666667 0.537962962962963 0.021354166666666667 0.03518518518518519
0 0.17734375 0.5037037037037038 0.0140625 0.022222222222222223
1 0.18802083333333333 0.4916666666666667 0.008333333333333333 0.016666666666666666
2 0.18723958333333332 0.537962962962963 0.0546875 0.11296296296296297
2 0.17578125 0.5601851851851852 0.06927083333333334 0.14444444444444446
2 0.665625 0.5148148148148148 0.08645833333333333 0.1425925925925926
2 0.8953125 0.7212962962962963 0.20833333333333334 0.4203703703703704
2 0.16901041666666666 0.6870370370370371 0.14635416666666667 0.2925925925925926