0 0.7979166666666666 0.5537037037037037 0.03854166666666667 0.06666666666666667
0 0.7747395833333334 0.45231481481481484 0.0109375 0.021296296296296296
0 0.75390625 0.45046296296296295 0.009895833333333333 0.019444444444444445
0 0.030729166666666665 0.5976851851851852 0.027083333333333334 0.05648148148148149
0 0.12786458333333334 0.5583333333333333 0.021354166666666667 0.044444444444444446
0 0.15260416666666665 0.563425925925926 0.020833333333333332 0.04166666666666667
0 0.18854166666666666 0.49212962962962964 0.009375 0.015740740740740743
2 0.18645833333333334 0.537962962962963 0.05520833333333333 0.11111111111111112
2 0.5307291666666667 0.5217592592592593 0.058333333333333334 0.14537037037037037
2 0.7541666666666667 0.513425925925926 0.096875 0.15833333333333333
2 0.17734375 0.6787037037037037 0.14635416666666667 0.2925925925925926
2 0.057812499999999996 0.7384259259259259 0.11666666666666667 0.3472222222222222