0 0.8705729166666667 0.5875 0.04114583333333333 0.08425925925925926
0 0.8135416666666666 0.575925925925926 0.04375 0.06851851851851852
0 0.7833333333333333 0.5152777777777778 0.035416666666666666 0.06944444444444445
0 0.88515625 0.44351851851851853 0.018229166666666668 0.03333333333333333
0 0.8567708333333334 0.4476851851851852 0.01875 0.026851851851851852
0 0.8234374999999999 0.44583333333333336 0.011458333333333333 0.021296296296296296
0 0.803125 0.4425925925925926 0.014583333333333334 0.02592592592592593
0 0.5848958333333333 0.4625 0.0125 0.025
1 0.04114583333333333 0.6162037037037037 0.03125 0.0638888888888889
0 0.10494791666666667 0.5898148148148148 0.024479166666666666 0.0462962962962963
0 0.23124999999999998 0.48888888888888893 0.011458333333333333 0.020370370370370372
1 0.24973958333333332 0.48750000000000004 0.008854166666666666 0.019444444444444445
1 0.26067708333333334 0.48240740740740745 0.0078125 0.014814814814814815
2 0.4309895833333333 0.5180555555555556 0.05677083333333333 0.12685185185185185
2 0.22682291666666665 0.5356481481481482 0.058854166666666666 0.11944444444444445
2 0.25755208333333335 0.5305555555555556 0.034895833333333334 0.11481481481481481
2 0.5893229166666667 0.5236111111111111 0.0859375 0.1527777777777778
2 0.79609375 0.5069444444444444 0.09427083333333333 0.1564814814814815
2 0.8502604166666666 0.5162037037037037 0.11302083333333333 0.1787037037037037
2 0.778125 0.6592592592592593 0.1375 0.34814814814814815
2 0.8809895833333333 0.763425925925926 0.23697916666666666 0.4712962962962963
2 0.13203125 0.7134259259259259 0.10677083333333333 0.2990740740740741
2 0.07552083333333333 0.787962962962963 0.15208333333333332 0.4222222222222222