0 0.98515625 0.5203703703703704 0.018229166666666668 0.03333333333333333
1 0.57421875 0.549537037037037 0.013020833333333334 0.02314814814814815
1 0.4927083333333333 0.5592592592592592 0.009375 0.018518518518518517
1 0.5028645833333333 0.5620370370370371 0.011979166666666666 0.022222222222222223
1 0.5182291666666666 0.5592592592592592 0.0125 0.02592592592592593
1 0.5458333333333333 0.5532407407407408 0.011458333333333333 0.02314814814814815
1 0.559375 0.5523148148148148 0.0125 0.02314814814814815
1 0.353125 0.5555555555555556 0.009375 0.016666666666666666
1 0.33619791666666665 0.5643518518518519 0.0109375 0.019444444444444445
1 0.321875 0.5620370370370371 0.010416666666666666 0.020370370370370372
0 0.05546875 0.5800925925925926 0.009895833333333333 0.017592592592592594
0 0.04609375 0.5847222222222223 0.009895833333333333 0.017592592592592594
0 0.03307291666666667 0.587037037037037 0.008854166666666666 0.016666666666666666
0 0.15963541666666667 0.5726851851851852 0.0109375 0.017592592592592594
0 0.171875 0.5745370370370371 0.010416666666666666 0.017592592592592594
2 0.05234375 0.6310185185185185 0.0546875 0.125
2 0.9598958333333333 0.5884259259259259 0.07916666666666666 0.16574074074074074
2 0.4908854166666667 0.625925925925926 0.0921875 0.15925925925925927
2 0.5591145833333333 0.6129629629629629 0.06822916666666666 0.1574074074074074
2 0.32135416666666666 0.6166666666666667 0.07291666666666667 0.12962962962962962