1 0.5739583333333333 0.5513888888888889 0.011458333333333333 0.021296296296296296
0 0.559375 0.5537037037037037 0.013541666666666667 0.024074074074074074
1 0.5455729166666666 0.5578703703703703 0.0109375 0.02314814814814815
1 0.5174479166666667 0.5615740740740741 0.0109375 0.021296296296296296
1 0.5033854166666667 0.5620370370370371 0.0109375 0.022222222222222223
1 0.4942708333333333 0.5601851851851852 0.011458333333333333 0.024074074074074074
0 0.44895833333333335 0.5546296296296297 0.009375 0.016666666666666666
0 0.4322916666666667 0.5564814814814815 0.010416666666666666 0.022222222222222223
1 0.44114583333333335 0.562962962962963 0.008333333333333333 0.014814814814814815
1 0.4239583333333333 0.576388888888889 0.008333333333333333 0.021296296296296296
0 0.3380208333333333 0.5615740740740741 0.010416666666666666 0.019444444444444445
1 0.3223958333333333 0.5625 0.009375 0.017592592592592594
0 0.25703125 0.5620370370370371 0.009895833333333333 0.018518518518518517
0 0.05703125 0.5777777777777778 0.009895833333333333 0.016666666666666666
0 0.0453125 0.5837962962962964 0.009375 0.017592592592592594
0 0.030729166666666665 0.5865740740740741 0.008333333333333333 0.017592592592592594
2 0.05234375 0.6305555555555555 0.0546875 0.12592592592592594
2 0.42343749999999997 0.6148148148148148 0.07604166666666666 0.1425925925925926
2 0.71171875 0.5972222222222222 0.08802083333333333 0.14444444444444446
2 0.4908854166666667 0.625925925925926 0.0921875 0.15925925925925927
2 0.5591145833333333 0.6125 0.06822916666666666 0.1564814814814815
2 0.32135416666666666 0.6171296296296297 0.07291666666666667 0.13055555555555556