1 0.575 0.55 0.013541666666666667 0.022222222222222223
1 0.5588541666666667 0.5523148148148148 0.013541666666666667 0.02314814814814815
1 0.5471354166666667 0.5560185185185186 0.009895833333333333 0.021296296296296296
1 0.5200520833333333 0.5597222222222222 0.009895833333333333 0.019444444444444445
1 0.5046875 0.5620370370370371 0.0125 0.020370370370370372
1 0.49583333333333335 0.5592592592592592 0.008333333333333333 0.020370370370370372
0 0.40182291666666664 0.5564814814814815 0.008854166666666666 0.018518518518518517
1 0.39427083333333335 0.5638888888888889 0.007291666666666667 0.012962962962962964
0 0.38697916666666665 0.5555555555555556 0.011458333333333333 0.020370370370370372
1 0.33828125 0.5652777777777778 0.0109375 0.019444444444444445
1 0.3229166666666667 0.562962962962963 0.010416666666666666 0.018518518518518517
0 0.05651041666666667 0.5787037037037037 0.0109375 0.020370370370370372
0 0.0453125 0.5842592592592593 0.008333333333333333 0.016666666666666666
0 0.03203125 0.587037037037037 0.0078125 0.014814814814814815
2 0.05234375 0.6305555555555555 0.0546875 0.12592592592592594
2 0.3828125 0.6138888888888889 0.07291666666666667 0.14074074074074075
2 0.48411458333333335 0.6037037037037037 0.0640625 0.12592592592592594
2 0.4908854166666667 0.625462962962963 0.0921875 0.15833333333333333
2 0.559375 0.6125 0.06770833333333333 0.1564814814814815
2 0.3216145833333333 0.6171296296296297 0.0734375 0.13055555555555556