1 0.5760416666666667 0.5509259259259259 0.013541666666666667 0.024074074074074074
1 0.559375 0.5537037037037037 0.014583333333333334 0.02592592592592593
1 0.5484375 0.5537037037037037 0.009375 0.020370370370370372
1 0.5190104166666667 0.5601851851851852 0.008854166666666666 0.016666666666666666
1 0.5044270833333333 0.5615740740740741 0.011979166666666666 0.021296296296296296
1 0.4947916666666667 0.5597222222222222 0.009375 0.021296296296296296
0 0.4028645833333333 0.5574074074074075 0.008854166666666666 0.016666666666666666
1 0.39427083333333335 0.5652777777777778 0.008333333333333333 0.015740740740740743
0 0.38671875 0.5569444444444445 0.0109375 0.021296296296296296
1 0.3359375 0.562962962962963 0.010416666666666666 0.018518518518518517
1 0.3229166666666667 0.5620370370370371 0.009375 0.016666666666666666
0 0.055989583333333336 0.5791666666666667 0.0078125 0.01388888888888889
0 0.04609375 0.5833333333333334 0.009895833333333333 0.014814814814814815
0 0.03229166666666666 0.5865740740740741 0.008333333333333333 0.01388888888888889
2 0.05260416666666667 0.6305555555555555 0.05520833333333333 0.12592592592592594
2 0.3833333333333333 0.6143518518518519 0.07395833333333333 0.14166666666666666
2 0.49114583333333334 0.625 0.09270833333333334 0.1574074074074074
2 0.5596354166666666 0.6125 0.0671875 0.1564814814814815
2 0.3216145833333333 0.6171296296296297 0.0734375 0.13055555555555556