1 0.57109375 0.5504629629629629 0.013020833333333334 0.021296296296296296
1 0.5567708333333333 0.549537037037037 0.013541666666666667 0.026851851851851852
1 0.5466145833333333 0.5550925925925926 0.009895833333333333 0.021296296296296296
0 0.52890625 0.5509259259259259 0.0109375 0.022222222222222223
1 0.5190104166666667 0.5597222222222222 0.0109375 0.02314814814814815
1 0.5028645833333333 0.5638888888888889 0.011979166666666666 0.022222222222222223
1 0.4934895833333333 0.5587962962962963 0.009895833333333333 0.021296296296296296
0 0.40651041666666665 0.5583333333333333 0.009895833333333333 0.018518518518518517
0 0.3890625 0.5578703703703703 0.010416666666666666 0.019444444444444445
1 0.3963541666666667 0.5662037037037038 0.009375 0.015740740740740743
1 0.3372395833333333 0.5652777777777778 0.0109375 0.019444444444444445
1 0.3229166666666667 0.5620370370370371 0.009375 0.016666666666666666
0 0.05572916666666666 0.5787037037037037 0.009375 0.016666666666666666
0 0.046614583333333334 0.5847222222222223 0.009895833333333333 0.015740740740740743
0 0.032552083333333336 0.5865740740740741 0.008854166666666666 0.015740740740740743
2 0.05286458333333333 0.6310185185185185 0.05572916666666666 0.12685185185185185
2 0.38359375 0.6143518518518519 0.07447916666666667 0.14166666666666666
2 0.49114583333333334 0.6245370370370371 0.09270833333333334 0.1564814814814815
2 0.5557291666666666 0.6134259259259259 0.06770833333333333 0.1564814814814815
2 0.321875 0.6171296296296297 0.07395833333333333 0.13055555555555556