0 0.9927083333333333 0.5282407407407408 0.0125 0.04537037037037037
0 0.8359375 0.525 0.015625 0.03518518518518519
0 0.8145833333333333 0.5328703703703704 0.0125 0.025
0 0.78984375 0.5328703703703704 0.015104166666666667 0.025
0 0.5796875 0.5421296296296296 0.011458333333333333 0.021296296296296296
0 0.12239583333333333 0.575462962962963 0.009375 0.015740740740740743
2 0.12265625 0.6189814814814815 0.0421875 0.10833333333333334
2 0.5763020833333333 0.600462962962963 0.07552083333333333 0.1398148148148148
2 0.7830729166666667 0.5935185185185186 0.08697916666666666 0.15555555555555556
2 0.82890625 0.5944444444444444 0.10781249999999999 0.17222222222222222
2 0.9690104166666667 0.5898148148148148 0.0609375 0.16666666666666669