0 0.9640624999999999 0.512962962962963 0.017708333333333333 0.03333333333333333
0 0.9856770833333334 0.5268518518518519 0.009895833333333333 0.024074074074074074
1 0.9197916666666667 0.537962962962963 0.013541666666666667 0.02777777777777778
1 0.9002604166666667 0.5328703703703704 0.01614583333333333 0.030555555555555558
0 0.8169270833333333 0.5310185185185186 0.015104166666666667 0.028703703703703703
0 0.803125 0.5310185185185186 0.015625 0.030555555555555558
0 0.6924479166666666 0.5393518518518519 0.013020833333333334 0.025
0 0.671875 0.5393518518518519 0.011458333333333333 0.021296296296296296
0 0.6515625 0.5430555555555556 0.011458333333333333 0.021296296296296296
0 0.6638020833333333 0.5412037037037037 0.0109375 0.02314814814814815
0 0.5161458333333333 0.5476851851851852 0.0125 0.026851851851851852
0 0.4979166666666667 0.5523148148148148 0.010416666666666666 0.02314814814814815
0 0.35234375 0.5564814814814815 0.009895833333333333 0.016666666666666666
0 0.30052083333333335 0.6 0.022916666666666665 0.03518518518518519
0 0.06927083333333334 0.6421296296296296 0.02395833333333333 0.04537037037037037
0 0.04635416666666667 0.6347222222222223 0.019791666666666666 0.03981481481481482
0 0.013541666666666667 0.6180555555555556 0.016666666666666666 0.03981481481481482
2 0.3515625 0.6064814814814815 0.05625 0.12222222222222223
2 0.4890625 0.6055555555555556 0.059375 0.13333333333333333
2 0.5109375 0.6046296296296296 0.08020833333333333 0.15
2 0.6421875 0.5990740740740741 0.07083333333333333 0.1462962962962963
2 0.6674479166666667 0.6041666666666667 0.0921875 0.15462962962962964
2 0.7947916666666667 0.6027777777777777 0.1125 0.17222222222222222
2 0.9674479166666666 0.5935185185185186 0.0640625 0.17962962962962964
2 0.8911458333333333 0.6069444444444445 0.11562499999999999 0.18425925925925926
2 0.31640625 0.6907407407407408 0.09010416666666667 0.22962962962962963
2 0.07630208333333333 0.7185185185185186 0.11822916666666666 0.21666666666666667