1 0.9661458333333334 0.5208333333333334 0.021875 0.03981481481481482
0 0.7473958333333334 0.6930555555555555 0.042708333333333334 0.07314814814814816
0 0.74140625 0.6111111111111112 0.0265625 0.05555555555555556
0 0.6875 0.5837962962962964 0.02395833333333333 0.049074074074074076
1 0.7057291666666666 0.6287037037037038 0.019791666666666666 0.044444444444444446
0 0.6114583333333333 0.5407407407407407 0.0125 0.024074074074074074
1 0.24973958333333332 0.5949074074074074 0.011979166666666666 0.026851851851851852
1 0.23958333333333334 0.5935185185185186 0.015625 0.031481481481481485
0 0.14895833333333333 0.7282407407407407 0.034375 0.0712962962962963
0 0.08359375 0.7287037037037037 0.0328125 0.06666666666666667
1 0.022395833333333334 0.6171296296296297 0.013541666666666667 0.025
1 0.030208333333333334 0.649537037037037 0.013541666666666667 0.025
2 0.6083333333333333 0.6046296296296296 0.078125 0.1537037037037037
2 0.9645833333333333 0.5944444444444444 0.06979166666666667 0.17222222222222222
2 0.7703125 0.725925925925926 0.221875 0.34814814814814815
2 0.8 0.8217592592592593 0.3052083333333333 0.35462962962962963
2 0.2565104166666667 0.675462962962963 0.11510416666666666 0.20462962962962963
2 0.16119791666666666 0.8416666666666667 0.21614583333333334 0.3148148148148148
2 0.040364583333333336 0.7018518518518518 0.08177083333333333 0.20740740740740743