1 0.7817708333333333 0.5791666666666667 0.02395833333333333 0.049074074074074076
1 0.8013020833333333 0.625462962962963 0.018229166666666668 0.04351851851851852
1 0.7325520833333333 0.5907407407407408 0.019270833333333334 0.04259259259259259
0 0.7161458333333334 0.6555555555555556 0.034375 0.07962962962962963
0 0.6216145833333333 0.6185185185185186 0.0296875 0.06296296296296297
1 0.5859375 0.6263888888888889 0.02395833333333333 0.05092592592592593
1 0.7552083333333334 0.5981481481481482 0.016666666666666666 0.03333333333333333
1 0.76015625 0.5365740740740741 0.01614583333333333 0.030555555555555558
1 0.7377604166666667 0.5407407407407407 0.0140625 0.02962962962962963
1 0.3697916666666667 0.5976851851851852 0.01875 0.032407407407407406
1 0.3559895833333333 0.5976851851851852 0.0140625 0.028703703703703703
1 0.3190104166666667 0.5643518518518519 0.013020833333333334 0.02314814814814815
0 0.12213541666666666 0.5736111111111112 0.0109375 0.017592592592592594
2 0.12369791666666667 0.6212962962962963 0.050520833333333334 0.12037037037037038
2 0.31171875 0.6138888888888889 0.06302083333333333 0.12592592592592594
2 0.7291666666666666 0.6222222222222222 0.121875 0.20370370370370372
2 0.80703125 0.7050925925925926 0.18697916666666667 0.3027777777777778
2 0.63203125 0.7648148148148148 0.1734375 0.3592592592592593
2 0.7609375 0.8050925925925926 0.2947916666666667 0.38796296296296295
2 0.3828125 0.6912037037037038 0.1375 0.23240740740740742