0 0.8802083333333334 0.7125 0.058333333333333334 0.09722222222222222
1 0.7005208333333334 0.5472222222222223 0.01875 0.03333333333333333
1 0.48203124999999997 0.6625 0.030729166666666665 0.05092592592592593
1 0.43984375 0.6814814814814815 0.024479166666666666 0.05
1 0.4075520833333333 0.6898148148148149 0.0328125 0.05925925925925926
1 0.5200520833333333 0.5439814814814815 0.013020833333333334 0.02314814814814815
1 0.5049479166666666 0.5620370370370371 0.0140625 0.02592592592592593
1 0.4901041666666667 0.5537037037037037 0.0125 0.02592592592592593
0 0.21041666666666667 0.6652777777777779 0.020833333333333332 0.04537037037037037
1 0.24947916666666667 0.5699074074074074 0.009375 0.017592592592592594
1 0.26927083333333335 0.5652777777777778 0.010416666666666666 0.019444444444444445
1 0.25859375 0.5745370370370371 0.009895833333333333 0.021296296296296296
2 0.24687499999999998 0.6328703703703704 0.07604166666666666 0.15833333333333333
2 0.4890625 0.6222222222222222 0.09895833333333333 0.1962962962962963
2 0.7005208333333334 0.6365740740740741 0.13645833333333332 0.22314814814814815
2 0.8820312499999999 0.8273148148148148 0.23489583333333333 0.34351851851851856
2 0.51640625 0.8083333333333333 0.26197916666666665 0.3814814814814815
2 0.22395833333333334 0.8050925925925926 0.18541666666666667 0.33796296296296297