0 0.9395833333333333 0.7675925925925926 0.0625 0.09814814814814815
1 0.8567708333333334 0.8041666666666667 0.05520833333333333 0.08796296296296297
0 0.82265625 0.6972222222222223 0.0546875 0.10185185185185186
0 0.9161458333333333 0.6421296296296296 0.03854166666666667 0.0638888888888889
0 0.9859375 0.5226851851851853 0.016666666666666666 0.032407407407407406
1 0.603125 0.6925925925925926 0.025 0.03888888888888889
0 0.578125 0.6277777777777778 0.027083333333333334 0.053703703703703705
0 0.5463541666666667 0.625 0.028125 0.05
0 0.40234375 0.6569444444444444 0.0328125 0.062037037037037036
0 0.36302083333333335 0.6671296296296296 0.034375 0.06018518518518519
1 0.3 0.6143518518518519 0.022916666666666665 0.036111111111111115
1 0.2622395833333333 0.6 0.019270833333333334 0.03333333333333333
1 0.17317708333333334 0.575925925925926 0.0140625 0.02592592592592593
0 0.13463541666666667 0.5680555555555555 0.011979166666666666 0.019444444444444445
0 0.11380208333333333 0.5768518518518518 0.0109375 0.020370370370370372
2 0.11796875 0.6333333333333333 0.07447916666666667 0.15925925925925927
2 0.17421875 0.6472222222222223 0.08177083333333333 0.17222222222222222
2 0.8278645833333333 0.825462962962963 0.24635416666666665 0.3472222222222222
2 0.6143229166666666 0.7787037037037038 0.22239583333333332 0.37222222222222223
2 0.4453125 0.8092592592592593 0.21875 0.37962962962962965
2 0.30755208333333334 0.7106481481481481 0.1578125 0.2601851851851852