0 0.7815104166666667 0.49212962962962964 0.04114583333333333 0.08055555555555556
0 0.7419270833333333 0.3907407407407408 0.01614583333333333 0.02592592592592593
0 0.7278645833333334 0.3944444444444445 0.01614583333333333 0.02962962962962963
0 0.49583333333333335 0.39722222222222225 0.019791666666666666 0.037037037037037035
0 0.4317708333333333 0.4467592592592593 0.03125 0.05277777777777778
0 0.34609375 0.48333333333333334 0.0296875 0.05925925925925926
1 0.16484375 0.43842592592592594 0.019270833333333334 0.03425925925925926
1 0.15338541666666666 0.4217592592592593 0.018229166666666668 0.028703703703703703
2 0.7153645833333333 0.4532407407407408 0.09114583333333333 0.1564814814814815
2 0.5 0.48333333333333334 0.1125 0.21296296296296297
2 0.8197916666666667 0.6851851851851852 0.28229166666666666 0.4703703703703704
2 0.4479166666666667 0.5888888888888889 0.15833333333333333 0.34814814814814815
2 0.36640625 0.6439814814814815 0.20052083333333334 0.3824074074074074
2 0.18229166666666666 0.5361111111111111 0.11979166666666667 0.26851851851851855