0 0.6044270833333333 0.3842592592592593 0.0109375 0.02592592592592593
0 0.41640625 0.3819444444444445 0.013020833333333334 0.021296296296296296
0 0.3294270833333333 0.44351851851851853 0.028645833333333332 0.053703703703703705
0 0.2916666666666667 0.4388888888888889 0.025 0.044444444444444446
0 0.3546875 0.3851851851851852 0.013541666666666667 0.02592592592592593
0 0.3653645833333333 0.3856481481481482 0.015104166666666667 0.025
0 0.21875 0.3805555555555556 0.0125 0.018518518518518517
0 0.21067708333333332 0.3814814814814815 0.0109375 0.020370370370370372
2 0.21067708333333332 0.4310185185185185 0.059895833333333336 0.125
2 0.3442708333333333 0.4393518518518519 0.071875 0.13796296296296298
2 0.41432291666666665 0.44027777777777777 0.0703125 0.1398148148148148
2 0.5963541666666666 0.4462962962962963 0.078125 0.14814814814814814
2 0.3502604166666667 0.5782407407407407 0.16927083333333334 0.3287037037037037