0 0.7640625 0.5259259259259259 0.04479166666666667 0.08148148148148149
0 0.91875 0.39490740740740743 0.016666666666666666 0.03425925925925926
0 0.5065104166666666 0.4527777777777778 0.028645833333333332 0.053703703703703705
0 0.69296875 0.38981481481481484 0.013020833333333334 0.02592592592592593
0 0.7020833333333333 0.3856481481481482 0.0125 0.025
0 0.30833333333333335 0.37962962962962965 0.011458333333333333 0.018518518518518517
0 0.02265625 0.4342592592592593 0.0234375 0.044444444444444446
2 0.2973958333333333 0.4240740740740741 0.04375 0.11296296296296297
2 0.69609375 0.4444444444444445 0.07239583333333333 0.14074074074074075
2 0.6794270833333333 0.4537037037037037 0.0859375 0.16111111111111112
2 0.9052083333333333 0.45972222222222225 0.09895833333333333 0.1638888888888889
2 0.5338541666666666 0.5986111111111111 0.18333333333333332 0.3527777777777778
2 0.045572916666666664 0.537962962962963 0.0890625 0.2574074074074074
2 0.7966145833333333 0.737962962962963 0.3203125 0.5222222222222223