0 0.7546875 0.4902777777777778 0.042708333333333334 0.075
0 0.8039062499999999 0.4902777777777778 0.033854166666666664 0.0638888888888889
0 0.60546875 0.4569444444444445 0.028645833333333332 0.062037037037037036
0 0.5690104166666666 0.4444444444444445 0.033854166666666664 0.061111111111111116
0 0.28932291666666665 0.49212962962962964 0.033854166666666664 0.06018518518518519
0 0.29609375 0.3787037037037037 0.0109375 0.020370370370370372
0 0.25807291666666665 0.3837962962962963 0.009895833333333333 0.019444444444444445
0 0.23932291666666666 0.42685185185185187 0.027604166666666666 0.0462962962962963
0 0.06640625 0.44351851851851853 0.025520833333333333 0.04814814814814815
0 0.03984375 0.45925925925925926 0.027604166666666666 0.037037037037037035
1 0.06666666666666667 0.538425925925926 0.028125 0.05648148148148149
1 0.03046875 0.5259259259259259 0.027604166666666666 0.053703703703703705
2 0.296875 0.425462962962963 0.04583333333333333 0.1175925925925926
2 0.25494791666666666 0.4305555555555556 0.059895833333333336 0.12037037037037038
2 0.6268229166666667 0.5967592592592593 0.21302083333333333 0.375
2 0.8286458333333333 0.6824074074074075 0.290625 0.4703703703703704
2 0.228125 0.5370370370370371 0.08541666666666667 0.2611111111111111
2 0.07864583333333333 0.5611111111111111 0.1375 0.28703703703703703
2 0.3140625 0.6712962962962963 0.20625 0.4314814814814815
2 0.0890625 0.7300925925925926 0.17916666666666667 0.4898148148148148