0 0.9075520833333334 0.5356481481481482 0.018229166666666668 0.03425925925925926
0 0.9307291666666666 0.5342592592592593 0.017708333333333333 0.024074074074074074
0 0.6138020833333333 0.6699074074074074 0.0390625 0.062037037037037036
0 0.56875 0.6657407407407407 0.0375 0.06481481481481481
0 0.42421875 0.6310185185185185 0.019270833333333334 0.04166666666666667
0 0.11510416666666666 0.6560185185185186 0.022916666666666665 0.03796296296296296
0 0.08880208333333334 0.6481481481481481 0.0234375 0.040740740740740744
0 0.08932291666666667 0.5861111111111111 0.0140625 0.02592592592592593
0 0.07265625 0.5842592592592593 0.013020833333333334 0.02592592592592593
2 0.07369791666666667 0.6462962962962964 0.07135416666666666 0.1537037037037037
2 0.8989583333333333 0.6037037037037037 0.11354166666666667 0.17962962962962964
2 0.6596354166666667 0.8157407407407408 0.2557291666666667 0.3666666666666667
2 0.45208333333333334 0.7648148148148148 0.17916666666666667 0.31666666666666665
2 0.1359375 0.7814814814814816 0.16145833333333334 0.32407407407407407