0 0.8408854166666666 0.6643518518518519 0.03177083333333333 0.062037037037037036
0 0.6205729166666667 0.6865740740740741 0.03697916666666667 0.06944444444444445
0 0.5755208333333334 0.6638888888888889 0.0375 0.07222222222222223
1 0.61015625 0.549074074074074 0.0140625 0.02777777777777778
0 0.31484375 0.6435185185185185 0.0265625 0.05185185185185186
0 0.2872395833333333 0.6375000000000001 0.028645833333333332 0.06018518518518519
0 0.15807291666666667 0.6800925925925926 0.0328125 0.06018518518518519
2 0.30026041666666664 0.6111111111111112 0.058854166666666666 0.11111111111111112
2 0.6028645833333334 0.6046296296296296 0.08177083333333333 0.14814814814814814
2 0.871875 0.8115740740740741 0.2552083333333333 0.375
2 0.66015625 0.8115740740740741 0.27760416666666665 0.375
2 0.3338541666666667 0.7708333333333334 0.16770833333333332 0.3231481481481482
2 0.17421875 0.8199074074074074 0.17552083333333332 0.35462962962962963