1 0.771875 0.5939814814814816 0.026041666666666668 0.05648148148148149
1 0.8348958333333333 0.6055555555555556 0.026041666666666668 0.05740740740740741
1 0.64453125 0.5430555555555556 0.011979166666666666 0.019444444444444445
1 0.6380208333333334 0.55 0.011458333333333333 0.022222222222222223
0 0.4356770833333333 0.5898148148148148 0.0171875 0.03888888888888889
1 0.4122395833333333 0.5592592592592592 0.0109375 0.022222222222222223
1 0.40130208333333334 0.5638888888888889 0.008854166666666666 0.018518518518518517
1 0.19583333333333333 0.6421296296296296 0.020833333333333332 0.04166666666666667
1 0.22005208333333334 0.700925925925926 0.018229166666666668 0.03888888888888889
1 0.17109375 0.6523148148148148 0.0203125 0.04166666666666667
0 0.11848958333333333 0.6967592592592593 0.0296875 0.04722222222222222
1 0.09765625 0.6888888888888889 0.024479166666666666 0.0462962962962963
1 0.06744791666666666 0.6365740740740741 0.0203125 0.03981481481481482
1 0.0390625 0.6416666666666667 0.017708333333333333 0.03333333333333333
1 0.03697916666666667 0.611574074074074 0.020833333333333332 0.03981481481481482
2 0.40130208333333334 0.6129629629629629 0.0671875 0.12407407407407407
2 0.4453125 0.6092592592592593 0.052083333333333336 0.12592592592592594
2 0.6356770833333333 0.6050925925925926 0.0859375 0.14907407407407408
2 0.8507812499999999 0.7412037037037037 0.22760416666666666 0.36203703703703705
2 0.45390625 0.6967592592592593 0.14010416666666667 0.2657407407407408
2 0.2265625 0.7865740740740741 0.15833333333333333 0.3287037037037037
2 0.14921875 0.8282407407407407 0.1921875 0.3416666666666667
2 0.04192708333333333 0.7314814814814815 0.08489583333333334 0.28703703703703703