0 0.7018229166666666 0.6893518518518519 0.04114583333333333 0.07314814814814816
0 0.75234375 0.6773148148148148 0.0390625 0.0712962962962963
1 0.8002604166666667 0.7273148148148149 0.04114583333333333 0.07314814814814816
0 0.9877604166666667 0.5296296296296297 0.015104166666666667 0.02962962962962963
1 0.6408854166666667 0.5467592592592593 0.0109375 0.028703703703703703
1 0.62421875 0.5416666666666667 0.011979166666666666 0.022222222222222223
1 0.4979166666666667 0.6555555555555556 0.027083333333333334 0.053703703703703705
1 0.46953125 0.6643518518518519 0.0265625 0.05462962962962963
1 0.43723958333333335 0.6592592592592593 0.021354166666666667 0.04259259259259259
0 0.4002604166666667 0.5611111111111111 0.008854166666666666 0.014814814814814815
1 0.41380208333333335 0.562962962962963 0.011979166666666666 0.022222222222222223
1 0.08203125 0.5796296296296296 0.0109375 0.020370370370370372
1 0.06197916666666667 0.5828703703703704 0.008333333333333333 0.017592592592592594
1 0.05130208333333333 0.5833333333333334 0.0078125 0.014814814814814815
0 0.03723958333333333 0.5805555555555556 0.0078125 0.012962962962962964
2 0.03619791666666666 0.6226851851851852 0.04010416666666666 0.10092592592592593
2 0.39609375 0.6106481481481482 0.058854166666666666 0.11574074074074074
2 0.61875 0.6055555555555556 0.090625 0.1574074074074074
2 0.9635416666666666 0.5930555555555556 0.071875 0.15833333333333333
2 0.8161458333333333 0.8185185185185185 0.32395833333333335 0.3611111111111111
2 0.5234375 0.8083333333333333 0.24270833333333333 0.3814814814814815