0 0.7322916666666667 0.6643518518518519 0.034375 0.0638888888888889
0 0.7994791666666666 0.6407407407407407 0.03229166666666666 0.07037037037037037
1 0.8598958333333333 0.5412037037037037 0.017708333333333333 0.028703703703703703
0 0.5106770833333333 0.55 0.013020833333333334 0.020370370370370372
0 0.4947916666666667 0.5546296296296297 0.010416666666666666 0.014814814814814815
0 0.2911458333333333 0.6347222222222223 0.022916666666666665 0.04351851851851852
0 0.228125 0.6953703703703704 0.03229166666666666 0.05555555555555556
1 0.25416666666666665 0.7856481481481482 0.022916666666666665 0.04166666666666667
0 0.17161458333333332 0.7032407407407407 0.028645833333333332 0.04722222222222222
0 0.12630208333333334 0.6537037037037037 0.030729166666666665 0.05
1 0.23802083333333332 0.5708333333333333 0.008333333333333333 0.017592592592592594
1 0.22526041666666666 0.5666666666666667 0.0109375 0.020370370370370372
1 0.13177083333333334 0.5782407407407407 0.007291666666666667 0.01388888888888889
1 0.121875 0.5782407407407407 0.009375 0.015740740740740743
2 0.12109375 0.6185185185185186 0.043229166666666666 0.09814814814814815
2 0.22473958333333333 0.6194444444444445 0.0609375 0.1277777777777778
2 0.49192708333333335 0.6050925925925926 0.0734375 0.13240740740740742
2 0.8549479166666667 0.6268518518518519 0.1265625 0.2
2 0.8419270833333333 0.8009259259259259 0.2765625 0.3962962962962963
2 0.34479166666666666 0.6166666666666667 0.18229166666666666 0.3055555555555556
2 0.3299479166666667 0.7680555555555556 0.1265625 0.32685185185185184
2 0.25338541666666664 0.8319444444444445 0.2015625 0.33425925925925926
2 0.12864583333333332 0.7763888888888889 0.14479166666666665 0.31574074074074077