0 0.79453125 0.6393518518518518 0.0390625 0.0712962962962963
0 0.6239583333333333 0.5513888888888889 0.019791666666666666 0.032407407407407406
1 0.4046875 0.563425925925926 0.0125 0.02314814814814815
0 0.31744791666666666 0.5712962962962963 0.015104166666666667 0.024074074074074074
1 0.2640625 0.6976851851851852 0.020833333333333332 0.04166666666666667
1 0.24244791666666665 0.6560185185185186 0.0234375 0.04722222222222222
1 0.21510416666666665 0.6638888888888889 0.020833333333333332 0.04259259259259259
0 0.2203125 0.5694444444444444 0.009375 0.014814814814814815
0 0.2125 0.5726851851851852 0.008333333333333333 0.015740740740740743
2 0.21145833333333333 0.6143518518518519 0.05 0.10648148148148148
2 0.40546875 0.6305555555555555 0.06822916666666666 0.1537037037037037
2 0.31614583333333335 0.637962962962963 0.084375 0.16111111111111112
2 0.6184895833333334 0.6333333333333333 0.12447916666666667 0.2
2 0.83984375 0.800462962962963 0.27760416666666665 0.39722222222222225
2 0.2765625 0.7907407407407407 0.17291666666666666 0.3314814814814815