1 0.65 0.6587962962962963 0.029166666666666667 0.05277777777777778
1 0.7075520833333333 0.6564814814814816 0.033854166666666664 0.07222222222222223
1 0.7354166666666666 0.7273148148148149 0.030208333333333334 0.05092592592592593
1 0.6723958333333333 0.7319444444444445 0.026041666666666668 0.05277777777777778
1 0.134375 0.5930555555555556 0.015625 0.026851851851851852
0 0.14635416666666667 0.575925925925926 0.009375 0.018518518518518517
0 0.04739583333333333 0.5847222222222223 0.013541666666666667 0.02314814814814815
2 0.05 0.6189814814814815 0.03229166666666666 0.09722222222222222
2 0.14375 0.6287037037037038 0.040625 0.12037037037037038
2 0.041666666666666664 0.6444444444444445 0.07604166666666666 0.1425925925925926
2 0.7463541666666667 0.8069444444444445 0.278125 0.3842592592592593
2 0.1453125 0.6689814814814815 0.09375 0.18425925925925926