0 0.59375 0.6143518518518519 0.036458333333333336 0.0638888888888889
0 0.6046875 0.4902777777777778 0.011458333333333333 0.025
0 0.44609375 0.48842592592592593 0.0109375 0.019444444444444445
0 0.43906249999999997 0.5787037037037037 0.02395833333333333 0.05185185185185186
0 0.40130208333333334 0.5620370370370371 0.027604166666666666 0.0462962962962963
0 0.2 0.5652777777777778 0.025 0.04166666666666667
2 0.06458333333333333 0.5388888888888889 0.04583333333333333 0.11296296296296297
2 0.4440104166666667 0.5421296296296296 0.06510416666666667 0.13425925925925927
2 0.59765625 0.5481481481481482 0.08072916666666667 0.14814814814814814
2 0.4622395833333333 0.7171296296296297 0.18802083333333333 0.3768518518518519
2 0.6518229166666667 0.787962962962963 0.2661458333333333 0.4222222222222222
2 0.22083333333333333 0.6870370370370371 0.14479166666666665 0.2962962962962963