0 0.69375 0.6162037037037037 0.034375 0.06018518518518519
0 0.7177083333333333 0.49259259259259264 0.016666666666666666 0.031481481481481485
0 0.33932291666666664 0.48333333333333334 0.011979166666666666 0.018518518518518517
0 0.3265625 0.5527777777777778 0.02395833333333333 0.040740740740740744
0 0.3067708333333333 0.5393518518518519 0.025 0.03981481481481482
0 0.10286458333333333 0.5717592592592593 0.024479166666666666 0.04166666666666667
0 0.07864583333333333 0.5662037037037038 0.025 0.03981481481481482
0 0.009635416666666667 0.5462962962962963 0.019270833333333334 0.04259259259259259
2 0.3286458333333333 0.5407407407407407 0.06354166666666666 0.13518518518518519
2 0.7041666666666666 0.5810185185185185 0.11979166666666667 0.2101851851851852
2 0.7307291666666667 0.7810185185185186 0.24687499999999998 0.4046296296296297
2 0.33958333333333335 0.6712962962962963 0.15104166666666666 0.312962962962963
2 0.028645833333333332 0.6458333333333334 0.058333333333333334 0.23611111111111113
2 0.11562499999999999 0.6935185185185185 0.14166666666666666 0.3