0 0.34453125 0.6023148148148149 0.028645833333333332 0.05648148148148149
0 0.39140625 0.6092592592592593 0.033854166666666664 0.05555555555555556
0 0.48984374999999997 0.4898148148148148 0.013020833333333334 0.022222222222222223
0 0.03802083333333333 0.575925925925926 0.025 0.05
0 0.008072916666666666 0.5398148148148149 0.01614583333333333 0.03888888888888889
0 0.05703125 0.4962962962962963 0.015104166666666667 0.024074074074074074
0 0.022395833333333334 0.4939814814814815 0.009375 0.017592592592592594
2 0.4747395833333333 0.5462962962962963 0.05572916666666666 0.1388888888888889
2 0.6919270833333333 0.5523148148148148 0.07447916666666667 0.1675925925925926
2 0.050520833333333334 0.5555555555555556 0.06354166666666666 0.14444444444444446
2 0.4153645833333333 0.7703703703703704 0.2140625 0.40740740740740744
2 0.059375 0.6981481481481482 0.11979166666666667 0.3111111111111111