1 0.8919270833333334 0.5365740740740741 0.015104166666666667 0.028703703703703703
1 0.9059895833333333 0.5421296296296296 0.0140625 0.026851851851851852
1 0.92421875 0.5388888888888889 0.015104166666666667 0.022222222222222223
0 0.6111979166666667 0.5481481481481482 0.011979166666666666 0.024074074074074074
1 0.45677083333333335 0.5574074074074075 0.0125 0.020370370370370372
1 0.46510416666666665 0.5648148148148149 0.010416666666666666 0.016666666666666666
1 0.3013020833333333 0.5625 0.0109375 0.021296296296296296
2 0.30078125 0.6157407407407408 0.07135416666666666 0.1388888888888889
2 0.44765625 0.6106481481481482 0.06822916666666666 0.13240740740740742
2 0.60546875 0.612037037037037 0.09322916666666667 0.16111111111111112
2 0.8979166666666667 0.6069444444444445 0.11875 0.17314814814814816