1 0.7580729166666667 0.5467592592592593 0.015104166666666667 0.026851851851851852
1 0.7700520833333333 0.5439814814814815 0.0109375 0.02314814814814815
1 0.7848958333333333 0.5439814814814815 0.0125 0.02314814814814815
1 0.5802083333333333 0.549074074074074 0.011458333333333333 0.022222222222222223
1 0.5661458333333333 0.549074074074074 0.011458333333333333 0.022222222222222223
1 0.47630208333333335 0.5638888888888889 0.008854166666666666 0.014814814814814815
1 0.46796875 0.563425925925926 0.008854166666666666 0.015740740740740743
0 0.44427083333333334 0.5564814814814815 0.013541666666666667 0.02777777777777778
0 0.35703125 0.5615740740740741 0.013020833333333334 0.02314814814814815
1 0.17604166666666665 0.5680555555555555 0.009375 0.019444444444444445
2 0.17734375 0.6199074074074075 0.0640625 0.12685185185185185
2 0.35442708333333334 0.6208333333333333 0.07447916666666667 0.14351851851851852
2 0.4640625 0.6162037037037037 0.07395833333333333 0.1398148148148148
2 0.5622395833333333 0.6060185185185185 0.0765625 0.14351851851851852
2 0.7588541666666666 0.6092592592592593 0.09583333333333333 0.15925925925925927
2 0.44088541666666664 0.6245370370370371 0.0984375 0.16944444444444445