0 0.6309895833333333 0.5412037037037037 0.018229166666666668 0.032407407407407406
1 0.47734375 0.5601851851851852 0.013020833333333334 0.020370370370370372
1 0.4578125 0.5597222222222222 0.011458333333333333 0.021296296296296296
1 0.4661458333333333 0.5574074074074075 0.009375 0.018518518518518517
1 0.3125 0.5620370370370371 0.0125 0.020370370370370372
1 0.3026041666666667 0.5643518518518519 0.011458333333333333 0.021296296296296296
0 0.23151041666666666 0.5666666666666667 0.009895833333333333 0.020370370370370372
1 0.2578125 0.575462962962963 0.009375 0.015740740740740743
1 0.24244791666666665 0.5712962962962963 0.0109375 0.018518518518518517
0 0.07005208333333333 0.5777777777777778 0.0140625 0.020370370370370372
2 0.22994791666666667 0.6226851851851852 0.06197916666666667 0.13055555555555556
2 0.30234375 0.6111111111111112 0.0515625 0.12222222222222223
2 0.4609375 0.6111111111111112 0.065625 0.13518518518518519
2 0.06901041666666667 0.6370370370370371 0.06614583333333333 0.14074074074074075
2 0.625 0.6226851851851852 0.11041666666666666 0.19166666666666668