1 0.6838541666666667 0.562962962962963 0.019791666666666666 0.04259259259259259
1 0.6609375 0.5708333333333333 0.019791666666666666 0.032407407407407406
1 0.6328125 0.5726851851851852 0.016666666666666666 0.032407407407407406
0 0.5903645833333333 0.5467592592592593 0.0140625 0.025
0 0.5752604166666666 0.5458333333333334 0.0140625 0.026851851851851852
0 0.28802083333333334 0.5833333333333334 0.015625 0.02777777777777778
0 0.26510416666666664 0.5731481481481482 0.017708333333333333 0.02777777777777778
0 0.18958333333333333 0.6550925925925927 0.03229166666666666 0.05462962962962963
0 0.06145833333333333 0.6356481481481482 0.01875 0.032407407407407406
0 0.042708333333333334 0.6166666666666667 0.017708333333333333 0.03888888888888889
2 0.5708333333333333 0.6064814814814815 0.08541666666666667 0.15185185185185185
2 0.26145833333333335 0.6490740740740741 0.09375 0.17962962962962964
2 0.7015625 0.6768518518518519 0.175 0.2740740740740741
2 0.21848958333333332 0.8074074074074075 0.1734375 0.3703703703703704
2 0.0765625 0.7347222222222223 0.11145833333333333 0.27685185185185185