1 0.9703125 0.7449074074074075 0.05416666666666667 0.09537037037037037
1 0.9828125 0.5324074074074074 0.013541666666666667 0.02592592592592593
1 0.7106770833333333 0.6425925925925926 0.0234375 0.053703703703703705
1 0.6786458333333333 0.6370370370370371 0.03125 0.05925925925925926
1 0.29921875 0.6666666666666667 0.024479166666666666 0.0462962962962963
1 0.2708333333333333 0.663425925925926 0.026041666666666668 0.049074074074074076
0 0.23489583333333333 0.5689814814814815 0.011458333333333333 0.019444444444444445
0 0.22395833333333334 0.5671296296296297 0.011458333333333333 0.019444444444444445
0 0.029427083333333333 0.6393518518518518 0.024479166666666666 0.04351851851851852
2 0.22161458333333334 0.6189814814814815 0.059895833333333336 0.125
2 0.9549479166666667 0.5986111111111111 0.0890625 0.17685185185185187
2 0.7674479166666667 0.8013888888888889 0.29010416666666666 0.39537037037037037
2 0.32786458333333335 0.8162037037037038 0.19947916666666665 0.36574074074074076
2 0.051041666666666666 0.7513888888888889 0.103125 0.2712962962962963