1 0.834375 0.6935185185185185 0.05 0.08333333333333334
0 0.9270833333333334 0.5217592592592593 0.014583333333333334 0.026851851851851852
0 0.9138020833333333 0.5347222222222222 0.013020833333333334 0.02314814814814815
0 0.90078125 0.5259259259259259 0.013020833333333334 0.024074074074074074
0 0.21197916666666666 0.6574074074074074 0.026041666666666668 0.044444444444444446
0 0.1640625 0.7189814814814816 0.03229166666666666 0.05462962962962963
0 0.13255208333333332 0.7143518518518519 0.0296875 0.05462962962962963
0 0.171875 0.6592592592592593 0.028125 0.04814814814814815
0 0.0203125 0.6180555555555556 0.015625 0.030555555555555558
1 0.03828125 0.6351851851851852 0.01614583333333333 0.02962962962962963
0 0.061718749999999996 0.6356481481481482 0.0203125 0.03425925925925926
1 0.15729166666666666 0.5967592592592593 0.013541666666666667 0.026851851851851852
1 0.13802083333333334 0.5935185185185186 0.015625 0.03333333333333333
1 0.12369791666666667 0.5962962962962963 0.011979166666666666 0.02592592592592593
1 0.4236979166666667 0.5606481481481481 0.009895833333333333 0.017592592592592594
1 0.41562499999999997 0.5662037037037038 0.008333333333333333 0.015740740740740743
1 0.40520833333333334 0.5657407407407408 0.008333333333333333 0.014814814814814815
1 0.3971354166666667 0.576388888888889 0.008854166666666666 0.015740740740740743
2 0.40234375 0.6148148148148148 0.07864583333333333 0.13518518518518519
2 0.8669270833333333 0.8199074074074074 0.26510416666666664 0.35833333333333334
2 0.16145833333333334 0.675462962962963 0.10416666666666667 0.21203703703703705
2 0.06380208333333333 0.7356481481481482 0.10572916666666667 0.25092592592592594
2 0.23880208333333333 0.8050925925925926 0.16302083333333334 0.35462962962962963
2 0.19609375 0.837962962962963 0.20364583333333333 0.32222222222222224