0 0.3190104166666667 0.5671296296296297 0.022395833333333334 0.049074074074074076
1 0.3484375 0.5888888888888889 0.026041666666666668 0.04259259259259259
0 0.3828125 0.5791666666666667 0.027083333333333334 0.05277777777777778
0 0.41302083333333334 0.5444444444444445 0.025 0.044444444444444446
0 0.3875 0.4939814814814815 0.008333333333333333 0.015740740740740743
0 0.36171875 0.5018518518518519 0.0078125 0.014814814814814815
0 0.3729166666666667 0.48055555555555557 0.009375 0.016666666666666666
0 0.1125 0.5347222222222222 0.019791666666666666 0.03796296296296296
0 0.06953125 0.5689814814814815 0.021354166666666667 0.03981481481481482
2 0.3734375 0.5277777777777778 0.065625 0.11666666666666667
2 0.46197916666666666 0.6763888888888889 0.13229166666666667 0.3194444444444445
2 0.3919270833333333 0.7324074074074074 0.20989583333333334 0.3925925925925926
2 0.14140625 0.6333333333333333 0.0953125 0.2351851851851852
2 0.08385416666666666 0.6722222222222223 0.11458333333333333 0.2574074074074074