0 0.6677083333333333 0.5861111111111111 0.036458333333333336 0.07777777777777778
0 0.7380208333333333 0.6060185185185185 0.040625 0.0787037037037037
0 0.8778645833333333 0.4865740740740741 0.028645833333333332 0.04537037037037037
0 0.9138020833333333 0.4800925925925926 0.030729166666666665 0.05092592592592593
0 0.7 0.4518518518518519 0.015625 0.02592592592592593
0 0.4901041666666667 0.5351851851851852 0.025 0.04814814814814815
0 0.44244791666666666 0.49768518518518523 0.0234375 0.03796296296296296
0 0.25390625 0.487962962962963 0.013020833333333334 0.022222222222222223
0 0.21276041666666667 0.5712962962962963 0.0265625 0.04814814814814815
1 0.1828125 0.6236111111111111 0.017708333333333333 0.04166666666666667
0 0.17786458333333333 0.4949074074074074 0.018229166666666668 0.028703703703703703
0 0.16536458333333334 0.4986111111111111 0.0140625 0.026851851851851852
0 0.04010416666666666 0.5601851851851852 0.020833333333333332 0.03888888888888889
0 0.05130208333333333 0.5328703703703704 0.015104166666666667 0.036111111111111115
0 0.021354166666666667 0.5625 0.01875 0.032407407407407406
2 0.25286458333333334 0.5375 0.06197916666666667 0.12314814814814816
2 0.7002604166666666 0.5152777777777778 0.0859375 0.15462962962962964
2 0.16354166666666667 0.562962962962963 0.07604166666666666 0.1685185185185185
2 0.17682291666666666 0.5671296296296297 0.08697916666666666 0.1824074074074074
2 0.91484375 0.5925925925925926 0.16927083333333334 0.2814814814814815
2 0.45260416666666664 0.5851851851851853 0.12916666666666665 0.2240740740740741
2 0.5098958333333333 0.6805555555555556 0.18229166666666666 0.3425925925925926
2 0.7955729166666666 0.7708333333333334 0.3265625 0.4564814814814815
2 0.23046875 0.7050925925925926 0.15260416666666665 0.3287037037037037
2 0.065625 0.6129629629629629 0.08645833333333333 0.19814814814814816
2 0.05963541666666666 0.6694444444444445 0.11614583333333334 0.2537037037037037