0 0.9263020833333333 0.6240740740740741 0.05677083333333333 0.10370370370370371
0 0.9815104166666666 0.5351851851851852 0.034895833333333334 0.07222222222222223
0 0.86796875 0.5069444444444444 0.0296875 0.05648148148148149
0 0.71328125 0.49444444444444446 0.024479166666666666 0.044444444444444446
0 0.13697916666666665 0.5777777777777778 0.026041666666666668 0.05
0 0.1609375 0.5578703703703703 0.027083333333333334 0.05092592592592593
0 0.11223958333333334 0.5861111111111111 0.0234375 0.044444444444444446
0 0.22343749999999998 0.4814814814814815 0.009375 0.016666666666666666
2 0.221875 0.5337962962962963 0.05520833333333333 0.11944444444444445
2 0.146875 0.562962962962963 0.078125 0.16481481481481483
2 0.7229166666666667 0.6041666666666667 0.16875 0.28240740740740744
2 0.88125 0.6305555555555555 0.16979166666666667 0.3074074074074074
2 0.20104166666666667 0.6689814814814815 0.10833333333333334 0.27870370370370373
2 0.165625 0.7217592592592593 0.16458333333333333 0.3564814814814815