0 0.6575520833333334 0.6675925925925926 0.0453125 0.07777777777777778
0 0.7153645833333333 0.6768518518518519 0.044270833333333336 0.08518518518518518
0 0.22005208333333334 0.6847222222222222 0.03177083333333333 0.05462962962962963
0 0.0049479166666666664 0.7037037037037037 0.0109375 0.044444444444444446
0 0.03697916666666667 0.5736111111111112 0.00625 0.012037037037037037
0 0.047135416666666666 0.5675925925925926 0.0078125 0.020370370370370372
2 0.03359375 0.6097222222222223 0.04635416666666667 0.10462962962962963
2 0.8638020833333333 0.5981481481481482 0.10052083333333334 0.15
2 0.8192708333333333 0.6069444444444445 0.09375 0.16944444444444445
2 0.7359375 0.8115740740740741 0.2895833333333333 0.375
2 0.24192708333333332 0.8217592592592593 0.1703125 0.33796296296296297