0 0.17057291666666666 0.6421296296296296 0.0234375 0.03981481481481482
0 0.375 0.6541666666666667 0.026041666666666668 0.05277777777777778
0 0.46328125 0.6870370370370371 0.025520833333333333 0.05185185185185186
0 0.49557291666666664 0.736574074074074 0.044270833333333336 0.0712962962962963
0 0.4653645833333333 0.6041666666666667 0.025520833333333333 0.05462962962962963
0 0.46979166666666666 0.5472222222222223 0.008333333333333333 0.016666666666666666
0 0.45729166666666665 0.5560185185185186 0.009375 0.015740740740740743
2 0.45703125 0.5981481481481482 0.06510416666666667 0.12037037037037038
2 0.2895833333333333 0.6138888888888889 0.0625 0.12592592592592594
2 0.49973958333333335 0.7240740740740741 0.14010416666666667 0.29444444444444445
2 0.37213541666666666 0.7833333333333333 0.13489583333333333 0.32407407407407407
2 0.46249999999999997 0.8277777777777778 0.18541666666666667 0.3425925925925926
2 0.5296875 0.8458333333333333 0.21666666666666667 0.30648148148148147
2 0.18229166666666666 0.7555555555555555 0.134375 0.2796296296296296