0 0.9424479166666666 0.7101851851851853 0.0515625 0.08333333333333334
0 0.7208333333333333 0.5421296296296296 0.010416666666666666 0.019444444444444445
0 0.7221354166666667 0.5546296296296297 0.011979166666666666 0.020370370370370372
0 0.5322916666666666 0.6800925925925926 0.03333333333333333 0.062037037037037036
0 0.11328125 0.6416666666666667 0.022395833333333334 0.0462962962962963
0 0.0625 0.6787037037037037 0.028125 0.05185185185185186
2 0.19322916666666667 0.5597222222222222 0.014583333333333334 0.019444444444444445
2 0.7127604166666667 0.6050925925925926 0.08177083333333333 0.14722222222222223
2 0.9015624999999999 0.8300925925925926 0.19583333333333333 0.33796296296296297
2 0.5614583333333333 0.8240740740740741 0.22291666666666665 0.35000000000000003
2 0.13880208333333333 0.7606481481481482 0.09947916666666666 0.2916666666666667
2 0.078125 0.8064814814814815 0.13958333333333334 0.31666666666666665