0 0.7302083333333333 0.5393518518518519 0.014583333333333334 0.021296296296296296
0 0.26875 0.6537037037037037 0.030208333333333334 0.053703703703703705
0 0.24661458333333333 0.6393518518518518 0.028645833333333332 0.04722222222222222
0 0.20885416666666667 0.6689814814814815 0.035416666666666666 0.075
0 0.2859375 0.5620370370370371 0.0125 0.018518518518518517
0 0.036458333333333336 0.5837962962962964 0.015625 0.026851851851851852
0 0.022135416666666668 0.5902777777777778 0.0109375 0.026851851851851852
0 0.10364583333333333 0.5731481481481482 0.009375 0.016666666666666666
2 0.10625 0.5861111111111111 0.019791666666666666 0.0462962962962963
2 0.284375 0.6087962962962963 0.057291666666666664 0.11944444444444445
2 0.728125 0.600462962962963 0.08541666666666667 0.14907407407407408
2 0.3013020833333333 0.7837962962962963 0.14739583333333334 0.33981481481481485
2 0.24557291666666667 0.8203703703703704 0.20260416666666667 0.3574074074074074