1 0.6786458333333333 0.5435185185185185 0.02395833333333333 0.05925925925925926
1 0.7049479166666667 0.5310185185185186 0.028645833333333332 0.0712962962962963
1 0.7294270833333333 0.5555555555555556 0.021354166666666667 0.05185185185185186
0 0.7653645833333333 0.5231481481481481 0.03697916666666667 0.08333333333333334
0 0.9083333333333333 0.4851851851851852 0.0375 0.06481481481481481
1 0.22890625 0.412962962962963 0.021354166666666667 0.03333333333333333
0 0.16614583333333333 0.4467592592592593 0.021875 0.04166666666666667
0 0.14296875 0.4425925925925926 0.024479166666666666 0.03888888888888889
1 0.20859375 0.4277777777777778 0.015104166666666667 0.031481481481481485
2 0.9315104166666667 0.6583333333333333 0.1359375 0.412962962962963
2 0.80078125 0.7347222222222223 0.35052083333333334 0.5212962962962964
2 0.25026041666666665 0.5226851851851853 0.12135416666666667 0.25833333333333336
2 0.19114583333333332 0.5768518518518518 0.15729166666666666 0.3092592592592593