0 0.625 0.5342592592592593 0.03229166666666666 0.06481481481481481
0 0.4283854166666667 0.6490740740740741 0.044270833333333336 0.08148148148148149
0 0.36953125 0.5981481481481482 0.03802083333333333 0.06666666666666667
0 0.33307291666666666 0.5296296296296297 0.025520833333333333 0.0462962962962963
0 0.3072916666666667 0.5277777777777778 0.020833333333333332 0.04259259259259259
0 0.17317708333333334 0.5587962962962963 0.028645833333333332 0.04722222222222222
0 0.06640625 0.5981481481481482 0.028645833333333332 0.053703703703703705
1 0.084375 0.5458333333333334 0.021875 0.03796296296296296
1 0.16067708333333333 0.5226851851851853 0.0171875 0.036111111111111115
0 0.04921875 0.4986111111111111 0.005729166666666666 0.01388888888888889
2 0.6520833333333333 0.688425925925926 0.20625 0.3768518518518519
2 0.35572916666666665 0.6310185185185185 0.13333333333333333 0.25462962962962965
2 0.36354166666666665 0.7694444444444445 0.18125 0.4240740740740741
2 0.46848958333333335 0.8018518518518519 0.2817708333333333 0.3944444444444445
2 0.165625 0.6245370370370371 0.09479166666666666 0.24166666666666667
2 0.1984375 0.6787037037037037 0.140625 0.29814814814814816
2 0.06953125 0.7736111111111111 0.14010416666666667 0.41203703703703703