0 0.20911458333333333 0.5412037037037037 0.030729166666666665 0.05277777777777778
0 0.240625 0.5800925925925926 0.021875 0.04166666666666667
0 0.5138020833333333 0.6217592592592592 0.043229166666666666 0.08981481481481482
0 0.5859375 0.637962962962963 0.04375 0.07407407407407407
0 0.58125 0.5527777777777778 0.030208333333333334 0.05
0 0.6299479166666666 0.5513888888888889 0.03177083333333333 0.05648148148148149
1 0.6572916666666666 0.5115740740740741 0.030208333333333334 0.049074074074074076
0 0.6953125 0.5226851851851853 0.025 0.05092592592592593
2 0.73671875 0.650462962962963 0.19010416666666666 0.33611111111111114
2 0.6658854166666667 0.7037037037037037 0.21302083333333333 0.3611111111111111
2 0.6197916666666666 0.788888888888889 0.29791666666666666 0.4203703703703704
2 0.2265625 0.6583333333333333 0.14166666666666666 0.2851851851851852
2 0.2643229166666667 0.7125 0.16510416666666666 0.30648148148148147