0 0.20026041666666666 0.5662037037037038 0.030729166666666665 0.05277777777777778
0 0.03046875 0.5643518518518519 0.024479166666666666 0.03981481481481482
0 0.09244791666666667 0.500925925925926 0.013020833333333334 0.016666666666666666
0 0.18333333333333332 0.4953703703703704 0.014583333333333334 0.018518518518518517
0 0.17395833333333333 0.587962962962963 0.026041666666666668 0.05
2 0.090625 0.5430555555555556 0.05 0.10648148148148148
2 0.27630208333333334 0.5361111111111111 0.059895833333333336 0.12037037037037038
2 0.6921875 0.5259259259259259 0.09375 0.15555555555555556
2 0.22526041666666666 0.7060185185185186 0.16822916666666665 0.32685185185185184
2 0.051041666666666666 0.6717592592592593 0.103125 0.2638888888888889
2 0.184375 0.5625 0.08125 0.17314814814814816
2 0.6221354166666666 0.5550925925925926 0.1140625 0.2101851851851852