0 0.8036458333333333 0.6074074074074074 0.03333333333333333 0.061111111111111116
0 0.3734375 0.6666666666666667 0.034375 0.05
1 0.3328125 0.6101851851851852 0.01875 0.031481481481481485
1 0.3638020833333333 0.6 0.0140625 0.037037037037037035
0 0.6802083333333333 0.5458333333333334 0.010416666666666666 0.021296296296296296
1 0.6583333333333333 0.549074074074074 0.013541666666666667 0.020370370370370372
0 0.6169270833333333 0.5523148148148148 0.011979166666666666 0.019444444444444445
0 0.603125 0.5541666666666667 0.011458333333333333 0.02314814814814815
0 0.28619791666666666 0.5648148148148149 0.013020833333333334 0.018518518518518517
0 0.2375 0.563425925925926 0.010416666666666666 0.01388888888888889
0 0.23177083333333334 0.5708333333333333 0.009375 0.015740740740740743
0 0.1578125 0.5643518518518519 0.013541666666666667 0.02314814814814815
0 0.00546875 0.6407407407407407 0.011979166666666666 0.044444444444444446
2 0.16510416666666666 0.6180555555555556 0.04791666666666666 0.12314814814814816
2 0.2833333333333333 0.6203703703703703 0.06458333333333333 0.13148148148148148
2 0.2296875 0.6129629629629629 0.053125 0.11851851851851852
2 0.409375 0.5657407407407408 0.034375 0.044444444444444446
2 0.5958333333333333 0.611574074074074 0.08958333333333333 0.1398148148148148
2 0.6572916666666666 0.6037037037037037 0.08854166666666667 0.14444444444444446
2 0.8552083333333333 0.7657407407407407 0.24375 0.3740740740740741
2 0.3763020833333333 0.7027777777777778 0.13072916666666667 0.2537037037037037
2 0.41901041666666666 0.8152777777777778 0.20885416666666667 0.3675925925925926