0 0.87734375 0.5333333333333333 0.0203125 0.03333333333333333
0 0.75078125 0.6995370370370371 0.0453125 0.07685185185185185
0 0.66640625 0.6023148148148149 0.0296875 0.05092592592592593
0 0.70390625 0.5416666666666667 0.013020833333333334 0.022222222222222223
0 0.7184895833333333 0.5486111111111112 0.01614583333333333 0.026851851851851852
0 0.4635416666666667 0.5527777777777778 0.013541666666666667 0.022222222222222223
0 0.3833333333333333 0.5875 0.013541666666666667 0.028703703703703703
0 0.3802083333333333 0.6439814814814815 0.021875 0.04351851851851852
0 0.37265625 0.5865740740740741 0.019270833333333334 0.03425925925925926
0 0.29296875 0.6578703703703704 0.028645833333333332 0.05092592592592593
0 0.24765625 0.6101851851851852 0.015104166666666667 0.031481481481481485
0 0.20859375 0.6101851851851852 0.01614583333333333 0.031481481481481485
0 0.21953124999999998 0.5893518518518519 0.018229166666666668 0.03425925925925926
0 0.19244791666666666 0.5791666666666667 0.0171875 0.032407407407407406
2 0.4575520833333333 0.6078703703703704 0.0734375 0.13425925925925927
2 0.6986979166666667 0.6078703703703704 0.0953125 0.1675925925925926
2 0.8684895833333334 0.6037037037037037 0.10572916666666667 0.16481481481481483
2 0.6966145833333334 0.7240740740740741 0.18802083333333333 0.3074074074074074
2 0.40390624999999997 0.6814814814814815 0.1265625 0.23333333333333334
2 0.7994791666666666 0.8212962962962963 0.32708333333333334 0.35555555555555557
2 0.22630208333333332 0.7101851851851853 0.08802083333333333 0.2555555555555556
2 0.4231770833333333 0.7763888888888889 0.1421875 0.32685185185185184
2 0.32447916666666665 0.8111111111111111 0.20520833333333333 0.37592592592592594