0 0.7166666666666667 0.6587962962962963 0.057291666666666664 0.09907407407407408
1 0.9697916666666666 0.625462962962963 0.04375 0.06944444444444445
0 0.5791666666666666 0.5819444444444445 0.034375 0.0712962962962963
0 0.01171875 0.6222222222222222 0.024479166666666666 0.053703703703703705
1 0.14348958333333334 0.5712962962962963 0.027604166666666666 0.04814814814814815
0 0.1703125 0.5939814814814816 0.030208333333333334 0.05648148148148149
2 0.49322916666666666 0.5388888888888889 0.06875 0.13148148148148148
2 0.9263020833333333 0.7912037037037037 0.14635416666666667 0.41574074074074074
2 0.5955729166666667 0.7453703703703703 0.2046875 0.3888888888888889
2 0.7497395833333333 0.8074074074074075 0.2713541666666667 0.38333333333333336
2 0.18984375 0.7212962962962963 0.1703125 0.35185185185185186
2 0.05 0.775 0.10104166666666667 0.37222222222222223