0 0.010416666666666666 0.5861111111111111 0.019791666666666666 0.053703703703703705
0 0.14765625 0.487962962962963 0.009895833333333333 0.018518518518518517
0 0.16015625 0.625 0.030729166666666665 0.061111111111111116
0 0.28125 0.5476851851851852 0.020833333333333332 0.04351851851851852
0 0.2661458333333333 0.5356481481481482 0.022916666666666665 0.03981481481481482
0 0.36432291666666666 0.5773148148148148 0.030729166666666665 0.049074074074074076
0 0.5393229166666667 0.48750000000000004 0.0140625 0.025
0 0.81796875 0.6300925925925926 0.0390625 0.0712962962962963
2 0.14505208333333333 0.5319444444444444 0.044270833333333336 0.10648148148148148
2 0.5354166666666667 0.5412037037037037 0.07083333333333333 0.13425925925925927
2 0.8494791666666667 0.7912037037037037 0.3 0.41574074074074074
2 0.2838541666666667 0.6611111111111111 0.103125 0.29074074074074074
2 0.3924479166666667 0.7268518518518519 0.19114583333333332 0.362962962962963
2 0.19010416666666666 0.7921296296296296 0.19375 0.41203703703703703
2 0.046614583333333334 0.7240740740740741 0.09427083333333333 0.3351851851851852