0 0.7572916666666667 0.5365740740740741 0.015625 0.026851851851851852
1 0.7752604166666667 0.5347222222222222 0.011979166666666666 0.02314814814814815
0 0.3390625 0.5574074074074075 0.0125 0.022222222222222223
0 0.32057291666666665 0.5601851851851852 0.0109375 0.020370370370370372
0 0.3026041666666667 0.5652777777777778 0.014583333333333334 0.025
0 0.20781249999999998 0.5657407407407408 0.0125 0.020370370370370372
0 0.19583333333333333 0.5740740740740741 0.011458333333333333 0.020370370370370372
1 0.16119791666666666 0.5810185185185185 0.009895833333333333 0.017592592592592594
0 0.14375 0.5782407407407407 0.008333333333333333 0.015740740740740743
0 0.04192708333333333 0.5819444444444445 0.0109375 0.015740740740740743
0 0.029166666666666667 0.5819444444444445 0.009375 0.019444444444444445
2 0.15755208333333334 0.6231481481481481 0.07760416666666667 0.11296296296296297
2 0.030729166666666665 0.6300925925925926 0.04895833333333333 0.11944444444444445
2 0.19140625 0.6226851851851852 0.06822916666666666 0.1398148148148148
2 0.3026041666666667 0.6222222222222222 0.07395833333333333 0.1462962962962963
2 0.31927083333333334 0.6134259259259259 0.06458333333333333 0.13796296296296298
2 0.7536458333333333 0.6037037037037037 0.1 0.16666666666666669