0 0.7778645833333333 0.5240740740740741 0.013020833333333334 0.02962962962962963
1 0.49973958333333335 0.5564814814814815 0.0109375 0.020370370370370372
0 0.4861979166666667 0.5546296296296297 0.009895833333333333 0.018518518518518517
0 0.20260416666666667 0.5671296296296297 0.011458333333333333 0.019444444444444445
0 0.184375 0.5726851851851852 0.009375 0.017592592592592594
0 0.17109375 0.5736111111111112 0.011979166666666666 0.02314814814814815
0 0.15416666666666667 0.5722222222222223 0.011458333333333333 0.018518518518518517
0 0.08619791666666667 0.5777777777777778 0.0109375 0.018518518518518517
0 0.09739583333333333 0.5726851851851852 0.011458333333333333 0.021296296296296296
0 0.11692708333333333 0.5777777777777778 0.008854166666666666 0.018518518518518517
1 0.12682291666666667 0.5819444444444445 0.005729166666666666 0.012037037037037037
2 0.08359375 0.625 0.0609375 0.13148148148148148
2 0.15494791666666666 0.6263888888888889 0.0671875 0.13611111111111113
2 0.18828125 0.6185185185185186 0.050520833333333334 0.12962962962962962
2 0.7763020833333333 0.5902777777777778 0.09739583333333333 0.1564814814814815