0 0.3580729166666667 0.6370370370370371 0.028645833333333332 0.05740740740740741
0 0.4125 0.55 0.010416666666666666 0.022222222222222223
0 0.09270833333333334 0.7138888888888889 0.03333333333333333 0.06481481481481481
0 0.16848958333333333 0.5907407407407408 0.0203125 0.02592592592592593
0 0.19635416666666666 0.5856481481481481 0.015625 0.036111111111111115
0 0.03125 0.5782407407407407 0.011458333333333333 0.021296296296296296
0 0.04479166666666667 0.5787037037037037 0.009375 0.022222222222222223
0 0.06822916666666666 0.5800925925925926 0.013541666666666667 0.02314814814814815
0 0.08020833333333333 0.575925925925926 0.0125 0.022222222222222223
0 0.09322916666666667 0.576388888888889 0.010416666666666666 0.015740740740740743
2 0.032552083333333336 0.6282407407407408 0.05572916666666666 0.12685185185185185
2 0.06927083333333334 0.6282407407407408 0.058333333333333334 0.13240740740740742
2 0.4109375 0.6041666666666667 0.06770833333333333 0.1287037037037037
2 0.3815104166666667 0.7796296296296297 0.17239583333333333 0.35000000000000003
2 0.2015625 0.6722222222222223 0.11458333333333333 0.20740740740740743
2 0.11692708333333333 0.8365740740740741 0.1921875 0.325