1 0.8494791666666667 0.6018518518518519 0.026041666666666668 0.061111111111111116
1 0.8135416666666666 0.5935185185185186 0.030208333333333334 0.061111111111111116
1 0.9416666666666667 0.5263888888888889 0.011458333333333333 0.028703703703703703
1 0.9638020833333333 0.5208333333333334 0.015104166666666667 0.028703703703703703
1 0.9526041666666667 0.5263888888888889 0.0125 0.025
1 0.31640625 0.5731481481481482 0.008854166666666666 0.016666666666666666
0 0.30442708333333335 0.5657407407407408 0.009895833333333333 0.016666666666666666
0 0.22994791666666667 0.6819444444444445 0.034895833333333334 0.058333333333333334
0 0.18776041666666665 0.7046296296296296 0.030729166666666665 0.05740740740740741
1 0.052083333333333336 0.5944444444444444 0.014583333333333334 0.02777777777777778
1 0.03723958333333333 0.5990740740740741 0.011979166666666666 0.02592592592592593
0 0.018489583333333334 0.5675925925925926 0.0067708333333333336 0.012962962962962964
2 0.3013020833333333 0.6180555555555556 0.06614583333333333 0.12314814814814816
2 0.9395833333333333 0.587962962962963 0.10729166666666666 0.15925925925925927
2 0.8841145833333334 0.7476851851851852 0.23072916666666665 0.3675925925925926
2 0.26640625 0.8194444444444445 0.21197916666666666 0.3592592592592593
2 0.062239583333333334 0.6675925925925926 0.08385416666666666 0.1814814814814815