0 0.9200520833333333 0.5361111111111111 0.0171875 0.031481481481481485
0 0.8973958333333333 0.5333333333333333 0.01875 0.03888888888888889
1 0.8591145833333333 0.5583333333333333 0.022395833333333334 0.03888888888888889
1 0.8312499999999999 0.5569444444444445 0.01875 0.03796296296296296
0 0.675 0.6476851851851853 0.030208333333333334 0.062037037037037036
0 0.6377604166666666 0.6574074074074074 0.027604166666666666 0.05925925925925926
1 0.7627604166666666 0.5361111111111111 0.015104166666666667 0.024074074074074074
1 0.5317708333333333 0.5824074074074075 0.017708333333333333 0.037037037037037035
1 0.5169270833333334 0.5912037037037037 0.0171875 0.028703703703703703
0 0.4513020833333333 0.549074074074074 0.0140625 0.02962962962962963
1 0.2643229166666667 0.6125 0.021354166666666667 0.04537037037037037
1 0.25104166666666666 0.6263888888888889 0.016666666666666666 0.028703703703703703
0 0.2544270833333333 0.7337962962962963 0.0359375 0.0712962962962963
0 0.21510416666666665 0.7328703703703704 0.030208333333333334 0.05462962962962963
1 0.10989583333333333 0.5837962962962964 0.009375 0.017592592592592594
0 0.10026041666666667 0.5837962962962964 0.009895833333333333 0.021296296296296296
2 0.09817708333333333 0.625925925925926 0.0515625 0.10925925925925926
2 0.8911458333333333 0.6666666666666667 0.18645833333333334 0.27222222222222225
2 0.5416666666666666 0.6768518518518519 0.1375 0.24444444444444446
2 0.7072916666666667 0.8041666666666667 0.2604166666666667 0.38981481481481484
2 0.28125 0.7240740740740741 0.14791666666666667 0.26296296296296295
2 0.2908854166666667 0.8467592592592593 0.2109375 0.30462962962962964
2 0.44869791666666664 0.6319444444444444 0.1046875 0.19351851851851853
2 0.890625 0.6268518518518519 0.13958333333333334 0.22037037037037038