1 0.8078124999999999 0.7625000000000001 0.04895833333333333 0.10092592592592593
1 0.8875 0.7472222222222222 0.040625 0.08703703703703704
1 0.93359375 0.7625000000000001 0.058854166666666666 0.09907407407407408
1 0.9416666666666667 0.5865740740740741 0.029166666666666667 0.058333333333333334
1 0.89921875 0.5912037037037037 0.0328125 0.05648148148148149
1 0.7604166666666666 0.6708333333333334 0.0375 0.075
1 0.7234375 0.6875 0.027083333333333334 0.05462962962962963
1 0.69140625 0.6652777777777779 0.024479166666666666 0.058333333333333334
1 0.36875 0.6814814814814815 0.036458333333333336 0.053703703703703705
1 0.3234375 0.7138888888888889 0.02395833333333333 0.044444444444444446
0 0.06875 0.6319444444444444 0.01875 0.036111111111111115
0 0.09296875 0.576388888888889 0.0171875 0.02314814814814815
1 0.2752604166666667 0.5675925925925926 0.0109375 0.018518518518518517
1 0.28932291666666665 0.5731481481481482 0.0109375 0.012962962962962964
2 0.26979166666666665 0.6194444444444445 0.0625 0.1277777777777778
2 0.9059895833333333 0.6810185185185186 0.18697916666666667 0.2712962962962963
2 0.915625 0.7300925925925926 0.16770833333333332 0.3490740740740741
2 0.7604166666666666 0.8152777777777778 0.20208333333333334 0.3675925925925926
2 0.4049479166666667 0.8189814814814815 0.2296875 0.3601851851851852
2 0.08723958333333333 0.7453703703703703 0.1296875 0.2777777777777778
2 0.08802083333333333 0.6402777777777778 0.075 0.1638888888888889
2 0.35234375 0.6361111111111112 0.0921875 0.17407407407407408