0 0.8786458333333333 0.6069444444444445 0.035416666666666666 0.062037037037037036
0 0.9283854166666666 0.6416666666666667 0.033854166666666664 0.06666666666666667
0 0.9690104166666667 0.6458333333333334 0.04739583333333333 0.0787037037037037
1 0.8223958333333333 0.587037037037037 0.028125 0.05185185185185186
1 0.7875 0.5814814814814815 0.026041666666666668 0.0462962962962963
1 0.76328125 0.5884259259259259 0.021354166666666667 0.049074074074074076
1 0.73125 0.5481481481481482 0.011458333333333333 0.024074074074074074
1 0.7453125 0.5527777777777778 0.017708333333333333 0.02777777777777778
1 0.546875 0.5458333333333334 0.011458333333333333 0.017592592592592594
1 0.5354166666666667 0.5569444444444445 0.009375 0.017592592592592594
0 0.08020833333333333 0.5777777777777778 0.013541666666666667 0.024074074074074074
0 0.07135416666666666 0.5800925925925926 0.011458333333333333 0.02314814814814815
1 0.05755208333333333 0.5777777777777778 0.009895833333333333 0.020370370370370372
2 0.5239583333333333 0.6069444444444445 0.07291666666666667 0.14351851851851852
2 0.7947916666666667 0.7226851851851852 0.12708333333333333 0.3453703703703704
2 0.91953125 0.7847222222222222 0.15989583333333332 0.4287037037037037
2 0.7166666666666667 0.6296296296296297 0.10729166666666666 0.2111111111111111
2 0.06901041666666667 0.6449074074074075 0.0734375 0.1527777777777778