0 0.6119791666666666 0.6981481481481482 0.04583333333333333 0.08333333333333334
0 0.5955729166666667 0.549537037037037 0.0109375 0.02314814814814815
0 0.5778645833333333 0.5518518518518519 0.013020833333333334 0.02592592592592593
0 0.45026041666666666 0.5587962962962963 0.013020833333333334 0.021296296296296296
1 0.2791666666666667 0.5666666666666667 0.009375 0.016666666666666666
0 0.26979166666666665 0.5680555555555555 0.011458333333333333 0.017592592592592594
2 0.26458333333333334 0.6162037037037037 0.06458333333333333 0.125
2 0.4427083333333333 0.6162037037037037 0.07604166666666666 0.13796296296296298
2 0.5817708333333333 0.6074074074074074 0.071875 0.14074074074074075
2 0.5744791666666667 0.6134259259259259 0.08958333333333333 0.15462962962962964
2 0.6411458333333333 0.8240740740740741 0.2760416666666667 0.35000000000000003