0 0.5208333333333334 0.6657407407407407 0.041666666666666664 0.06481481481481481
0 0.45989583333333334 0.6481481481481481 0.028125 0.06481481481481481
0 0.70625 0.5574074074074075 0.02395833333333333 0.03333333333333333
0 0.29713541666666665 0.5601851851851852 0.013020833333333334 0.016666666666666666
0 0.2859375 0.5611111111111111 0.010416666666666666 0.018518518518518517
0 0.18307291666666667 0.5750000000000001 0.0140625 0.022222222222222223
1 0.05520833333333333 0.5750000000000001 0.009375 0.014814814814814815
2 0.17890625 0.6212962962962963 0.05677083333333333 0.12222222222222223
2 0.28151041666666665 0.6087962962962963 0.05364583333333333 0.11388888888888889
2 0.28489583333333335 0.6175925925925926 0.0625 0.13148148148148148
2 0.6971354166666667 0.638425925925926 0.12864583333333332 0.20833333333333334
2 0.5424479166666667 0.8087962962962963 0.2265625 0.3805555555555556