0 0.725 0.7314814814814815 0.035416666666666666 0.07592592592592592
0 0.7932291666666667 0.7546296296296297 0.046875 0.09814814814814815
0 0.7151041666666667 0.5407407407407407 0.0125 0.02777777777777778
0 0.9674479166666666 0.538425925925926 0.01614583333333333 0.028703703703703703
0 0.9942708333333333 0.5393518518518519 0.009375 0.030555555555555558
0 0.35234375 0.5694444444444444 0.015104166666666667 0.02962962962962963
0 0.14166666666666666 0.5699074074074074 0.010416666666666666 0.019444444444444445
0 0.09609375 0.575462962962963 0.0109375 0.017592592592592594
0 0.12864583333333332 0.5712962962962963 0.010416666666666666 0.018518518518518517
2 0.09192708333333333 0.6111111111111112 0.0359375 0.0962962962962963
2 0.13098958333333333 0.6166666666666667 0.05260416666666667 0.11851851851851852
2 0.70859375 0.6097222222222223 0.10364583333333333 0.16574074074074074
2 0.9502604166666666 0.612037037037037 0.0984375 0.17592592592592593
2 0.34479166666666666 0.6393518518518518 0.09479166666666666 0.17314814814814816
2 0.7955729166666666 0.8453703703703704 0.2828125 0.3074074074074074