0 0.128125 0.5750000000000001 0.017708333333333333 0.02962962962962963
0 0.37005208333333334 0.5569444444444445 0.011979166666666666 0.021296296296296296
0 0.5364583333333334 0.5564814814814815 0.013541666666666667 0.024074074074074074
0 0.5557291666666666 0.5527777777777778 0.013541666666666667 0.022222222222222223
0 0.7341145833333333 0.5388888888888889 0.015104166666666667 0.024074074074074074
0 0.75546875 0.5467592592592593 0.015104166666666667 0.028703703703703703
0 0.8283854166666667 0.5462962962962963 0.01614583333333333 0.02592592592592593
0 0.8513020833333333 0.5361111111111111 0.01614583333333333 0.03333333333333333
2 0.3640625 0.6138888888888889 0.07604166666666666 0.14074074074074075
2 0.5325520833333334 0.6134259259259259 0.08072916666666667 0.14722222222222223
2 0.7268229166666667 0.6083333333333334 0.1046875 0.17407407407407408
2 0.8234374999999999 0.6046296296296296 0.10416666666666667 0.17037037037037037
2 0.12343749999999999 0.6412037037037037 0.084375 0.15462962962962964