0 0.8200520833333333 0.5407407407407407 0.015104166666666667 0.03333333333333333
0 0.5791666666666666 0.5481481481481482 0.017708333333333333 0.022222222222222223
0 0.4609375 0.5527777777777778 0.014583333333333334 0.02777777777777778
0 0.44427083333333334 0.5592592592592592 0.0125 0.018518518518518517
0 0.4315104166666667 0.5564814814814815 0.009895833333333333 0.022222222222222223
0 0.4153645833333333 0.5523148148148148 0.011979166666666666 0.02314814814814815
0 0.30182291666666666 0.563425925925926 0.0109375 0.015740740740740743
0 0.284375 0.5643518518518519 0.010416666666666666 0.015740740740740743
0 0.16848958333333333 0.5643518518518519 0.013020833333333334 0.017592592592592594
2 0.165625 0.6175925925925926 0.059375 0.1277777777777778
2 0.28072916666666664 0.6166666666666667 0.0625 0.1277777777777778
2 0.4106770833333333 0.6129629629629629 0.07552083333333333 0.15
2 0.4380208333333333 0.6111111111111112 0.07291666666666667 0.1425925925925926
2 0.575 0.6185185185185186 0.09375 0.16481481481481483
2 0.81328125 0.6129629629629629 0.10781249999999999 0.17407407407407408