1 0.64453125 0.475462962962963 0.027604166666666666 0.05277777777777778
1 0.7096354166666666 0.4912037037037037 0.0296875 0.06759259259259259
0 0.73671875 0.3814814814814815 0.022395833333333334 0.03333333333333333
0 0.5049479166666666 0.4041666666666667 0.025520833333333333 0.04537037037037037
0 0.3953125 0.38842592592592595 0.021875 0.028703703703703703
0 0.32447916666666665 0.4356481481481482 0.017708333333333333 0.04166666666666667
0 0.27109375 0.3787037037037037 0.011979166666666666 0.020370370370370372
0 0.28489583333333335 0.3912037037037037 0.011458333333333333 0.02314814814814815
1 0.20859375 0.37083333333333335 0.01614583333333333 0.021296296296296296
0 0.19401041666666666 0.3773148148148148 0.0109375 0.019444444444444445
0 0.17161458333333332 0.3740740740740741 0.0109375 0.020370370370370372
0 0.11484375 0.4087962962962963 0.0171875 0.032407407407407406
0 0.071875 0.3875 0.017708333333333333 0.032407407407407406
0 0.06041666666666667 0.4675925925925926 0.029166666666666667 0.05185185185185186
0 0.03229166666666666 0.4527777777777778 0.021875 0.04814814814814815
2 0.0703125 0.42083333333333334 0.04895833333333333 0.11018518518518519
2 0.17109375 0.4273148148148148 0.058854166666666666 0.1212962962962963
2 0.26796875 0.4310185185185185 0.05677083333333333 0.125
2 0.20026041666666666 0.42638888888888893 0.03802083333333333 0.11944444444444445
2 0.5265625 0.5180555555555556 0.14791666666666667 0.2712962962962963
2 0.7395833333333334 0.6481481481481481 0.253125 0.412962962962963
2 0.346875 0.5615740740740741 0.146875 0.31203703703703706
2 0.12942708333333333 0.5185185185185185 0.1015625 0.2611111111111111
2 0.07135416666666666 0.6032407407407407 0.14375 0.36203703703703705
2 0.3854166666666667 0.46620370370370373 0.09583333333333333 0.19722222222222224