0 0.5518229166666666 0.4185185185185185 0.0234375 0.04814814814814815
0 0.5145833333333333 0.41805555555555557 0.022916666666666665 0.04537037037037037
0 0.4825520833333333 0.3861111111111111 0.015104166666666667 0.02592592592592593
0 0.4080729166666667 0.37777777777777777 0.011979166666666666 0.02592592592592593
0 0.33619791666666665 0.4708333333333333 0.030729166666666665 0.05092592592592593
1 0.2716145833333333 0.5476851851851852 0.04114583333333333 0.07685185185185185
0 0.14791666666666667 0.43333333333333335 0.025 0.04259259259259259
0 0.23072916666666665 0.37453703703703706 0.009375 0.02314814814814815
0 0.24505208333333334 0.3787037037037037 0.009895833333333333 0.018518518518518517
0 0.01171875 0.39861111111111114 0.018229166666666668 0.03796296296296296
0 0.029947916666666668 0.4185185185185185 0.021354166666666667 0.03888888888888889
0 0.04401041666666666 0.37962962962962965 0.0171875 0.02592592592592593
0 0.11692708333333333 0.37777777777777777 0.0140625 0.020370370370370372
2 0.41328125 0.4328703703703704 0.050520833333333334 0.13796296296296298
2 0.4705729166666667 0.4425925925925926 0.05677083333333333 0.1388888888888889
2 0.5669270833333333 0.5361111111111111 0.1578125 0.2962962962962963
2 0.37578125 0.6175925925925926 0.14114583333333333 0.3666666666666667
2 0.3140625 0.7430555555555556 0.24791666666666667 0.4953703703703704
2 0.04401041666666666 0.49722222222222223 0.0890625 0.24074074074074076
2 0.16015625 0.549537037037037 0.1390625 0.2898148148148148