0 0.4231770833333333 0.4953703703703704 0.03177083333333333 0.06666666666666667
0 0.4692708333333333 0.5115740740740741 0.03229166666666666 0.06944444444444445
0 0.22942708333333334 0.3842592592592593 0.01614583333333333 0.024074074074074074
0 0.3028645833333333 0.3814814814814815 0.009895833333333333 0.016666666666666666
0 0.315625 0.3800925925925926 0.010416666666666666 0.021296296296296296
1 0.18697916666666667 0.375462962962963 0.013541666666666667 0.02314814814814815
0 0.17265625 0.37592592592592594 0.011979166666666666 0.022222222222222223
0 0.03723958333333333 0.5074074074074074 0.033854166666666664 0.05740740740740741
0 0.043229166666666666 0.37222222222222223 0.010416666666666666 0.016666666666666666
2 0.043229166666666666 0.4199074074074074 0.04583333333333333 0.1175925925925926
2 0.16796875 0.4236111111111111 0.05260416666666667 0.12314814814814816
2 0.22604166666666667 0.4310185185185185 0.05416666666666667 0.12314814814814816
2 0.5 0.6814814814814815 0.25 0.4444444444444445
2 0.08177083333333333 0.6995370370370371 0.16458333333333333 0.4527777777777778