0 0.5083333333333333 0.75 0.03958333333333333 0.08148148148148149
1 0.4731770833333333 0.7328703703703704 0.0328125 0.06574074074074074
0 0.18828125 0.6222222222222222 0.0203125 0.037037037037037035
0 0.165625 0.6481481481481481 0.025 0.0462962962962963
0 0.14244791666666667 0.6393518518518518 0.022395833333333334 0.049074074074074076
1 0.03567708333333333 0.6087962962962963 0.015104166666666667 0.03425925925925926
1 0.021875 0.6050925925925926 0.013541666666666667 0.028703703703703703
2 0.5203125 0.8453703703703704 0.24270833333333333 0.3074074074074074
2 0.22239583333333332 0.7435185185185186 0.11354166666666667 0.2851851851851852
2 0.18958333333333333 0.7675925925925926 0.15520833333333334 0.32037037037037036
2 0.049479166666666664 0.687962962962963 0.1 0.20370370370370372