1 0.88046875 0.5949074074074074 0.030729166666666665 0.06018518518518519
1 0.9229166666666666 0.6074074074074074 0.034375 0.06666666666666667
1 0.5919270833333333 0.5398148148148149 0.013020833333333334 0.022222222222222223
1 0.5747395833333333 0.5435185185185185 0.0109375 0.020370370370370372
0 0.4770833333333333 0.6129629629629629 0.02395833333333333 0.05740740740740741
1 0.3833333333333333 0.6060185185185185 0.017708333333333333 0.036111111111111115
1 0.3703125 0.600925925925926 0.014583333333333334 0.031481481481481485
0 0.2947916666666667 0.6092592592592593 0.02395833333333333 0.04259259259259259
2 0.571875 0.5976851851851852 0.07708333333333334 0.1398148148148148
2 0.915625 0.7439814814814815 0.16770833333333332 0.36574074074074076
2 0.29322916666666665 0.7023148148148148 0.10833333333333334 0.23240740740740742
2 0.3885416666666667 0.7106481481481481 0.11875 0.27685185185185185
2 0.49895833333333334 0.7726851851851853 0.19479166666666667 0.375