0 0.5736979166666667 0.6333333333333333 0.033854166666666664 0.05555555555555556
0 0.19661458333333334 0.6490740740740741 0.0328125 0.05740740740740741
0 0.16458333333333333 0.6342592592592593 0.029166666666666667 0.0462962962962963
0 0.23984375 0.5615740740740741 0.008854166666666666 0.017592592592592594
0 0.24869791666666666 0.5625 0.009895833333333333 0.01388888888888889
0 0.08098958333333334 0.6277777777777778 0.024479166666666666 0.040740740740740744
1 0.051041666666666666 0.6319444444444444 0.017708333333333333 0.028703703703703703
2 0.23723958333333334 0.6092592592592593 0.0515625 0.11666666666666667
2 0.6046875 0.7861111111111111 0.21145833333333333 0.3703703703703704
2 0.3625 0.812962962962963 0.2 0.37222222222222223
2 0.19869791666666667 0.7583333333333334 0.13385416666666666 0.29444444444444445
2 0.09140625 0.7393518518518519 0.12447916666666667 0.26944444444444443