0 0.3984375 0.47314814814814815 0.013541666666666667 0.02777777777777778
0 0.18958333333333333 0.4935185185185185 0.0125 0.02592592592592593
0 0.17057291666666666 0.49583333333333335 0.0140625 0.025
0 0.20442708333333334 0.49212962962962964 0.009895833333333333 0.021296296296296296
0 0.15520833333333334 0.4981481481481482 0.014583333333333334 0.02592592592592593
0 0.05807291666666667 0.5060185185185185 0.013020833333333334 0.02314814814814815
0 0.12838541666666667 0.4949074074074074 0.0109375 0.019444444444444445
2 0.057812499999999996 0.5708333333333333 0.0625 0.15833333333333333
2 0.14661458333333333 0.5625 0.0640625 0.16018518518518518
2 0.18489583333333334 0.5666666666666667 0.08333333333333333 0.17962962962962964
2 0.12786458333333334 0.4962962962962963 0.0140625 0.024074074074074074