0 0.4315104166666667 0.49953703703703706 0.019270833333333334 0.032407407407407406
0 0.3966145833333333 0.47222222222222227 0.013020833333333334 0.020370370370370372
0 0.19036458333333334 0.49722222222222223 0.01614583333333333 0.02777777777777778
0 0.17083333333333334 0.49722222222222223 0.0125 0.024074074074074074
0 0.15572916666666667 0.49583333333333335 0.011458333333333333 0.021296296296296296
0 0.057812499999999996 0.5041666666666667 0.010416666666666666 0.02314814814814815
0 0.12838541666666667 0.4939814814814815 0.008854166666666666 0.017592592592592594
0 0.20364583333333333 0.49212962962962964 0.010416666666666666 0.019444444444444445
2 0.057812499999999996 0.5708333333333333 0.0625 0.15833333333333333
2 0.14661458333333333 0.5625 0.0640625 0.16018518518518518
2 0.18489583333333334 0.5666666666666667 0.08333333333333333 0.17962962962962964
2 0.12786458333333334 0.4962962962962963 0.0140625 0.024074074074074074
2 0.4276041666666667 0.5810185185185185 0.11458333333333333 0.20833333333333334