0 0.6505208333333333 0.6564814814814816 0.051041666666666666 0.08518518518518518
0 0.5776041666666667 0.6652777777777779 0.051041666666666666 0.08240740740740742
0 0.39453125 0.4708333333333333 0.015104166666666667 0.026851851851851852
0 0.19192708333333333 0.49259259259259264 0.0140625 0.031481481481481485
0 0.20546875 0.4902777777777778 0.013020833333333334 0.019444444444444445
0 0.17083333333333334 0.4962962962962963 0.0125 0.020370370370370372
0 0.15598958333333332 0.49768518518518523 0.0140625 0.025
0 0.07109375 0.5171296296296296 0.0140625 0.026851851851851852
0 0.057291666666666664 0.5055555555555555 0.013541666666666667 0.022222222222222223
0 0.12942708333333333 0.4962962962962963 0.011979166666666666 0.018518518518518517
2 0.057812499999999996 0.5708333333333333 0.0625 0.15833333333333333
2 0.14661458333333333 0.5625 0.0640625 0.16018518518518518
2 0.18489583333333334 0.5666666666666667 0.08333333333333333 0.17962962962962964
2 0.12786458333333334 0.49583333333333335 0.0140625 0.025
2 0.07239583333333333 0.5837962962962964 0.07916666666666666 0.1712962962962963
2 0.7036458333333333 0.7981481481481482 0.328125 0.40185185185185185