0 0.190625 0.49259259259259264 0.0125 0.02777777777777778
0 0.39609375 0.4708333333333333 0.008854166666666666 0.015740740740740743
0 0.203125 0.4935185185185185 0.011458333333333333 0.020370370370370372
0 0.1703125 0.500925925925926 0.014583333333333334 0.024074074074074074
0 0.15598958333333332 0.4990740740740741 0.0140625 0.02777777777777778
0 0.12916666666666665 0.4949074074074074 0.010416666666666666 0.015740740740740743
0 0.05807291666666667 0.5074074074074074 0.0140625 0.022222222222222223
2 0.057812499999999996 0.5708333333333333 0.0625 0.15833333333333333
2 0.14661458333333333 0.5625 0.0640625 0.16018518518518518
2 0.18489583333333334 0.5666666666666667 0.08333333333333333 0.1814814814814815
2 0.128125 0.49583333333333335 0.013541666666666667 0.025