0 0.39296875 0.4712962962962963 0.009895833333333333 0.018518518518518517
0 0.19166666666666665 0.4935185185185185 0.014583333333333334 0.031481481481481485
0 0.20572916666666666 0.4916666666666667 0.010416666666666666 0.018518518518518517
0 0.17083333333333334 0.4962962962962963 0.011458333333333333 0.024074074074074074
0 0.15572916666666667 0.4962962962962963 0.013541666666666667 0.024074074074074074
0 0.1296875 0.4949074074074074 0.0125 0.021296296296296296
0 0.057812499999999996 0.5046296296296297 0.014583333333333334 0.022222222222222223
2 0.057812499999999996 0.5703703703703704 0.0625 0.1574074074074074
2 0.14661458333333333 0.562962962962963 0.0640625 0.16111111111111112
2 0.18489583333333334 0.5666666666666667 0.08333333333333333 0.1814814814814815
2 0.128125 0.4953703703703704 0.013541666666666667 0.024074074074074074