0 0.6932291666666667 0.45787037037037037 0.014583333333333334 0.02314814814814815
0 0.70703125 0.4518518518518519 0.019270833333333334 0.02777777777777778
0 0.37786458333333334 0.47314814814814815 0.013020833333333334 0.022222222222222223
0 0.18958333333333333 0.4935185185185185 0.015625 0.02592592592592593
0 0.20364583333333333 0.49212962962962964 0.0125 0.019444444444444445
0 0.16927083333333334 0.500925925925926 0.014583333333333334 0.02592592592592593
0 0.15651041666666665 0.4981481481481482 0.0140625 0.024074074074074074
0 0.12734375 0.4912037037037037 0.009895833333333333 0.01388888888888889
0 0.057291666666666664 0.5060185185185185 0.015625 0.021296296296296296
2 0.057812499999999996 0.5703703703703704 0.06458333333333333 0.1574074074074074
2 0.14661458333333333 0.562962962962963 0.0640625 0.16111111111111112
2 0.18489583333333334 0.5666666666666667 0.08333333333333333 0.1814814814814815
2 0.12838541666666667 0.4953703703703704 0.0140625 0.024074074074074074
2 0.6822916666666666 0.5152777777777778 0.08125 0.15833333333333333