1 0.9322916666666666 0.5333333333333333 0.016666666666666666 0.02962962962962963
1 0.9145833333333333 0.5597222222222222 0.010416666666666666 0.021296296296296296
0 0.4348958333333333 0.5675925925925926 0.02395833333333333 0.02962962962962963
0 0.37864583333333335 0.5546296296296297 0.0125 0.020370370370370372
0 0.3294270833333333 0.5648148148148149 0.019270833333333334 0.02592592592592593
0 0.24453125 0.5726851851851852 0.0140625 0.025
2 0.37734375 0.6143518518518519 0.07447916666666667 0.13796296296296298
2 0.9289062499999999 0.5949074074074074 0.1015625 0.16203703703703703
2 0.43463541666666666 0.6458333333333334 0.10052083333333334 0.19351851851851853
2 0.3299479166666667 0.6453703703703704 0.1046875 0.19444444444444445
2 0.24479166666666666 0.6439814814814815 0.07604166666666666 0.17500000000000002