0 0.8635416666666667 0.5513888888888889 0.021875 0.04722222222222222
0 0.9033854166666666 0.5467592592592593 0.0234375 0.03796296296296296
0 0.5614583333333333 0.549074074074074 0.015625 0.02777777777777778
0 0.4356770833333333 0.5652777777777778 0.021354166666666667 0.036111111111111115
0 0.3286458333333333 0.5620370370370371 0.015625 0.03518518518518519
0 0.24088541666666666 0.5726851851851852 0.0171875 0.028703703703703703
2 0.5606770833333333 0.6078703703703704 0.08802083333333333 0.1527777777777778
2 0.8552083333333333 0.6541666666666667 0.16354166666666667 0.26203703703703707
2 0.4348958333333333 0.6458333333333334 0.10104166666666667 0.19351851851851853
2 0.3299479166666667 0.6453703703703704 0.1046875 0.19444444444444445
2 0.24244791666666665 0.6449074074074075 0.08072916666666667 0.17314814814814816