0 0.5651041666666666 0.6523148148148148 0.04583333333333333 0.08240740740740742
0 0.6458333333333334 0.6518518518518519 0.036458333333333336 0.09444444444444444
0 0.7166666666666667 0.5666666666666667 0.034375 0.07777777777777778
0 0.77421875 0.5712962962962963 0.04010416666666666 0.07777777777777778
0 0.66953125 0.45231481481481484 0.011979166666666666 0.02314814814814815
0 0.65 0.4601851851851852 0.0125 0.022222222222222223
0 0.03828125 0.5967592592592593 0.027604166666666666 0.049074074074074076
0 0.01796875 0.5777777777777778 0.028645833333333332 0.0462962962962963
0 0.021614583333333333 0.5027777777777778 0.0109375 0.018518518518518517
0 0.011458333333333333 0.5032407407407408 0.008333333333333333 0.015740740740740743
0 0.061197916666666664 0.4967592592592593 0.011979166666666666 0.021296296296296296
0 0.15260416666666665 0.48888888888888893 0.010416666666666666 0.016666666666666666
0 0.14322916666666666 0.4953703703703704 0.009375 0.016666666666666666
2 0.15130208333333334 0.5402777777777777 0.0609375 0.125
2 0.6471354166666666 0.5162037037037037 0.08385416666666666 0.15462962962962964
2 0.061197916666666664 0.5449074074074074 0.04635416666666667 0.11574074074074074
2 0.8229166666666666 0.7476851851851852 0.28020833333333334 0.4342592592592593
2 0.6846354166666666 0.8018518518518519 0.3171875 0.3944444444444445
2 0.071875 0.7212962962962963 0.14479166666666665 0.34444444444444444