0 0.5372395833333333 0.5675925925925926 0.03697916666666667 0.06481481481481481
0 0.36875 0.49953703703703706 0.019791666666666666 0.04166666666666667
0 0.22864583333333333 0.6083333333333334 0.02395833333333333 0.053703703703703705
0 0.24479166666666666 0.5611111111111111 0.022916666666666665 0.04814814814814815
0 0.20885416666666667 0.5546296296296297 0.026041666666666668 0.053703703703703705
0 0.228125 0.487962962962963 0.008333333333333333 0.016666666666666666
0 0.23723958333333334 0.4842592592592593 0.009895833333333333 0.020370370370370372
0 0.5802083333333333 0.45925925925925926 0.013541666666666667 0.022222222222222223
0 0.016666666666666666 0.5578703703703703 0.020833333333333332 0.04351851851851852
2 0.22604166666666667 0.5333333333333333 0.05416666666666667 0.12407407407407407
2 0.5026041666666666 0.46620370370370373 0.016666666666666666 0.028703703703703703
2 0.5645833333333333 0.7240740740740741 0.21770833333333334 0.3888888888888889
2 0.38203125 0.5888888888888889 0.11302083333333333 0.22777777777777777
2 0.26484375 0.6870370370370371 0.16822916666666665 0.32962962962962966
2 0.2596354166666667 0.7648148148148148 0.18177083333333333 0.37962962962962965
2 0.04635416666666667 0.6638888888888889 0.09375 0.26851851851851855