0 0.84921875 0.6138888888888889 0.0296875 0.07037037037037037
0 0.7963541666666667 0.5925925925925926 0.03854166666666667 0.05925925925925926
1 0.61640625 0.5625 0.01614583333333333 0.03425925925925926
1 0.5875 0.5638888888888889 0.017708333333333333 0.031481481481481485
1 0.5625 0.5523148148148148 0.016666666666666666 0.032407407407407406
0 0.45598958333333334 0.5884259259259259 0.024479166666666666 0.04351851851851852
0 0.4322916666666667 0.5768518518518518 0.022916666666666665 0.037037037037037035
0 0.36692708333333335 0.6685185185185185 0.0296875 0.05
1 0.33151041666666664 0.6625 0.028645833333333332 0.05092592592592593
0 0.32109375 0.6125 0.030729166666666665 0.05277777777777778
2 0.8690104166666667 0.7550925925925926 0.2609375 0.39722222222222225
2 0.6203125 0.6574074074074074 0.15625 0.2611111111111111
2 0.475 0.6907407407407408 0.146875 0.2740740740740741
2 0.32838541666666665 0.7212962962962963 0.13385416666666666 0.2777777777777778
2 0.3885416666666667 0.8148148148148149 0.21979166666666666 0.3685185185185185