0 0.9367187499999999 0.638888888888889 0.0421875 0.07962962962962963
1 0.7731770833333333 0.5648148148148149 0.024479166666666666 0.05
1 0.7966145833333333 0.5935185185185186 0.025520833333333333 0.05
1 0.7510416666666666 0.5615740740740741 0.017708333333333333 0.04166666666666667
0 0.7229166666666667 0.5638888888888889 0.028125 0.0462962962962963
0 0.6401041666666667 0.5453703703703704 0.011458333333333333 0.020370370370370372
0 0.62578125 0.5458333333333334 0.009895833333333333 0.017592592592592594
1 0.3614583333333333 0.5902777777777778 0.013541666666666667 0.032407407407407406
1 0.3828125 0.5972222222222222 0.015625 0.03518518518518519
1 0.21432291666666667 0.6708333333333334 0.024479166666666666 0.05462962962962963
1 0.19895833333333332 0.6638888888888889 0.021875 0.05
0 0.13619791666666667 0.6319444444444444 0.027604166666666666 0.04722222222222222
0 0.10625 0.6189814814814815 0.022916666666666665 0.04722222222222222
1 0.14869791666666665 0.5981481481481482 0.011979166666666666 0.02592592592592593
1 0.13203125 0.5990740740740741 0.018229166666666668 0.031481481481481485
2 0.6234375 0.600925925925926 0.08020833333333333 0.13333333333333333
2 0.7963541666666667 0.6787037037037037 0.18645833333333334 0.28703703703703703
2 0.9171874999999999 0.7976851851851852 0.16458333333333333 0.4027777777777778
2 0.3875 0.6921296296296297 0.134375 0.24537037037037038
2 0.15182291666666667 0.7287037037037037 0.1296875 0.26481481481481484
2 0.24088541666666666 0.812962962962963 0.1671875 0.35370370370370374