0 0.7565104166666666 0.6490740740740741 0.033854166666666664 0.07592592592592592
1 0.821875 0.6462962962962964 0.034375 0.07222222222222223
1 0.7763020833333333 0.7296296296296296 0.0234375 0.044444444444444446
0 0.025260416666666667 0.7236111111111111 0.03697916666666667 0.0712962962962963
0 0.2796875 0.5648148148148149 0.011458333333333333 0.018518518518518517
0 0.2716145833333333 0.5638888888888889 0.008854166666666666 0.018518518518518517
0 0.0796875 0.5810185185185185 0.009375 0.01388888888888889
0 0.07239583333333333 0.5824074074074075 0.010416666666666666 0.016666666666666666
2 0.06927083333333334 0.6199074074074075 0.03854166666666667 0.09907407407407408
2 0.2635416666666667 0.611574074074074 0.07395833333333333 0.11944444444444445
2 0.8536458333333333 0.800462962962963 0.2916666666666667 0.39722222222222225
2 0.07083333333333333 0.8439814814814816 0.1375 0.3101851851851852