0 0.8635416666666667 0.6870370370370371 0.04375 0.08888888888888889
1 0.9104166666666667 0.6833333333333333 0.04375 0.08333333333333334
1 0.9744791666666667 0.7736111111111111 0.036458333333333336 0.06944444444444445
0 0.7231770833333333 0.5439814814814815 0.015104166666666667 0.030555555555555558
0 0.453125 0.7027777777777778 0.03958333333333333 0.07777777777777778
0 0.3880208333333333 0.6680555555555556 0.030208333333333334 0.06018518518518519
0 0.28151041666666665 0.6486111111111111 0.0265625 0.049074074074074076
0 0.25625 0.6851851851851852 0.025 0.03888888888888889
0 0.09661458333333334 0.5726851851851852 0.008854166666666666 0.015740740740740743
0 0.08958333333333333 0.5782407407407407 0.007291666666666667 0.01388888888888889
2 0.09010416666666667 0.6152777777777778 0.036458333333333336 0.10092592592592593
2 0.721875 0.6050925925925926 0.09166666666666666 0.15092592592592594
2 0.9044270833333333 0.8180555555555555 0.19010416666666666 0.36203703703703705
2 0.290625 0.7768518518518519 0.15104166666666666 0.3092592592592593
2 0.3807291666666667 0.8162037037037038 0.20520833333333333 0.36574074074074076
2 0.48541666666666666 0.8287037037037037 0.24895833333333334 0.34074074074074073