0 0.9809895833333333 0.5402777777777777 0.019270833333333334 0.03425925925925926
0 0.8109375 0.6097222222222223 0.03229166666666666 0.05092592592592593
0 0.69453125 0.6328703703703704 0.03177083333333333 0.06759259259259259
1 0.6447916666666667 0.6435185185185185 0.03125 0.05925925925925926
0 0.5981770833333333 0.6796296296296297 0.033854166666666664 0.06851851851851852
0 0.4440104166666667 0.6291666666666667 0.0265625 0.05092592592592593
0 0.11614583333333334 0.700462962962963 0.027083333333333334 0.05092592592592593
0 0.084375 0.6708333333333334 0.025 0.04722222222222222
0 0.05 0.6680555555555556 0.019791666666666666 0.03796296296296296
2 0.8526041666666666 0.7518518518518519 0.22291666666666665 0.3388888888888889
2 0.7169270833333333 0.7916666666666667 0.2484375 0.3944444444444445
2 0.6372395833333333 0.8171296296296297 0.2630208333333333 0.36388888888888893
2 0.47578125 0.7587962962962963 0.18489583333333334 0.3231481481481482
2 0.9583333333333334 0.6055555555555556 0.08229166666666667 0.1685185185185185
2 0.13645833333333332 0.8305555555555556 0.17708333333333334 0.337037037037037
2 0.0984375 0.7967592592592593 0.146875 0.31574074074074077