0 0.7716145833333333 0.6620370370370371 0.03802083333333333 0.07777777777777778
0 0.3416666666666667 0.7032407407407407 0.034375 0.0638888888888889
0 0.2986979166666667 0.6962962962962963 0.03177083333333333 0.061111111111111116
0 0.35078125 0.6337962962962963 0.03177083333333333 0.06018518518518519
0 0.36015625 0.6597222222222222 0.028645833333333332 0.05462962962962963
0 0.20494791666666667 0.612037037037037 0.021354166666666667 0.044444444444444446
0 0.17994791666666665 0.6157407407407408 0.0203125 0.03888888888888889
0 0.02578125 0.6555555555555556 0.0296875 0.05
2 0.8140625 0.8115740740740741 0.29791666666666666 0.375
2 0.36223958333333334 0.8310185185185186 0.22447916666666667 0.33611111111111114
2 0.38697916666666665 0.7990740740740742 0.17916666666666667 0.3425925925925926
2 0.36171875 0.7564814814814815 0.1640625 0.312962962962963
2 0.21796875 0.7199074074074074 0.1359375 0.25833333333333336
2 0.05234375 0.7759259259259259 0.10572916666666667 0.3037037037037037