0 0.040625 0.6592592592592593 0.029166666666666667 0.04814814814814815
1 0.21614583333333334 0.6972222222222223 0.026041666666666668 0.04259259259259259
0 0.25755208333333335 0.6523148148148148 0.034895833333333334 0.0638888888888889
0 0.28151041666666665 0.7564814814814815 0.04010416666666666 0.08518518518518518
1 0.3690104166666667 0.5532407407407408 0.011979166666666666 0.019444444444444445
1 0.76015625 0.5365740740740741 0.011979166666666666 0.028703703703703703
1 0.7747395833333334 0.5337962962962963 0.011979166666666666 0.028703703703703703
0 0.68125 0.6083333333333334 0.03125 0.0462962962962963
0 0.6346354166666667 0.6944444444444444 0.04010416666666666 0.08148148148148149
0 0.7096354166666666 0.6041666666666667 0.028645833333333332 0.049074074074074076
0 0.6705729166666666 0.5902777777777778 0.022395833333333334 0.049074074074074076
0 0.7484375 0.6236111111111111 0.030208333333333334 0.06018518518518519
0 0.9611979166666667 0.6509259259259259 0.043229166666666666 0.07777777777777778
2 0.9158854166666667 0.8041666666666667 0.1671875 0.38981481481481484
2 0.6684895833333333 0.8231481481481482 0.2796875 0.35185185185185186
2 0.7651041666666667 0.7421296296296297 0.23645833333333333 0.32685185185185184
2 0.3255208333333333 0.8541666666666667 0.225 0.2898148148148148
2 0.27447916666666666 0.7972222222222223 0.18541666666666667 0.3592592592592593
2 0.06484375 0.775 0.13072916666666667 0.29814814814814816
2 0.7596354166666667 0.600925925925926 0.0921875 0.16481481481481483
2 0.3489583333333333 0.6074074074074074 0.059375 0.12222222222222223