0 0.9223958333333333 0.6245370370370371 0.046875 0.075
0 0.9911458333333333 0.625462962962963 0.015625 0.062037037037037036
0 0.8528645833333334 0.4791666666666667 0.0140625 0.028703703703703703
0 0.7393229166666666 0.48750000000000004 0.015104166666666667 0.025
0 0.7161458333333334 0.4939814814814815 0.016666666666666666 0.026851851851851852
1 0.7067708333333333 0.4847222222222222 0.0125 0.02314814814814815
0 0.63359375 0.49259259259259264 0.013020833333333334 0.024074074074074074
0 0.5109375 0.49583333333333335 0.019791666666666666 0.026851851851851852
0 0.12942708333333333 0.5115740740740741 0.0171875 0.032407407407407406
0 0.14114583333333333 0.4949074074074074 0.010416666666666666 0.017592592592592594
0 0.1 0.49074074074074076 0.011458333333333333 0.016666666666666666
0 0.09166666666666666 0.49259259259259264 0.008333333333333333 0.018518518518518517
0 0.07890625 0.4953703703703704 0.0109375 0.018518518518518517
0 0.02786458333333333 0.49212962962962964 0.009895833333333333 0.019444444444444445
0 0.03697916666666667 0.4916666666666667 0.009375 0.018518518518518517
2 0.023177083333333334 0.5388888888888889 0.04739583333333333 0.11481481481481481
2 0.039322916666666666 0.5407407407407407 0.033854166666666664 0.11111111111111112
2 0.07682291666666667 0.538425925925926 0.04114583333333333 0.10833333333333334
2 0.09739583333333333 0.5435185185185185 0.059375 0.12037037037037038
2 0.13984375 0.5435185185185185 0.05260416666666667 0.11851851851851852
2 0.6276041666666666 0.5560185185185186 0.08333333333333333 0.14722222222222223
2 0.8351562499999999 0.5435185185185185 0.06822916666666666 0.1537037037037037
2 0.6901041666666666 0.549074074074074 0.06666666666666667 0.1537037037037037
2 0.7044270833333334 0.5546296296296297 0.0984375 0.16666666666666669
2 0.5044270833333333 0.5736111111111112 0.11302083333333333 0.19907407407407407
2 0.13958333333333334 0.5935185185185186 0.096875 0.2