0 0.6901041666666666 0.48935185185185187 0.019791666666666666 0.030555555555555558
0 0.7096354166666666 0.4800925925925926 0.018229166666666668 0.03425925925925926
0 0.44453125 0.48842592592592593 0.011979166666666666 0.021296296296296296
0 0.4263020833333333 0.4935185185185185 0.009895833333333333 0.016666666666666666
0 0.196875 0.49583333333333335 0.010416666666666666 0.019444444444444445
1 0.11119791666666666 0.4930555555555556 0.009895833333333333 0.017592592592592594
0 0.08541666666666667 0.4902777777777778 0.008333333333333333 0.017592592592592594
0 0.025520833333333333 0.49259259259259264 0.009375 0.016666666666666666
2 0.024479166666666666 0.5375 0.04895833333333333 0.1175925925925926
2 0.07760416666666667 0.5324074074074074 0.041666666666666664 0.10555555555555556
2 0.10781249999999999 0.538425925925926 0.051041666666666666 0.11203703703703705
2 0.33151041666666664 0.5087962962962963 0.0234375 0.06574074074074074
2 0.421875 0.549537037037037 0.075 0.14166666666666666
2 0.6817708333333333 0.5486111111111112 0.08958333333333333 0.16018518518518518
2 0.2942708333333333 0.5421296296296296 0.058333333333333334 0.1287037037037037