0 0.7838541666666666 0.6768518518518519 0.052083333333333336 0.0962962962962963
0 0.8510416666666667 0.6810185185185186 0.052083333333333336 0.08796296296296297
0 0.85546875 0.587962962962963 0.043229166666666666 0.06481481481481481
0 0.9104166666666667 0.6138888888888889 0.046875 0.07407407407407407
0 0.9505208333333334 0.549074074074074 0.041666666666666664 0.06666666666666667
0 0.9018229166666667 0.5458333333333334 0.04010416666666666 0.07314814814814816
0 0.5729166666666666 0.5810185185185185 0.028125 0.05092592592592593
0 0.5442708333333334 0.5282407407407408 0.01875 0.04166666666666667
0 0.22109375 0.4935185185185185 0.009895833333333333 0.016666666666666666
0 0.20911458333333333 0.49583333333333335 0.009895833333333333 0.019444444444444445
0 0.11171874999999999 0.48842592592592593 0.0109375 0.02314814814814815
0 0.096875 0.49583333333333335 0.010416666666666666 0.017592592592592594
2 0.05807291666666667 0.5083333333333333 0.0296875 0.05185185185185186
2 0.20781249999999998 0.5444444444444445 0.06145833333333333 0.12592592592592594
2 0.4265625 0.500925925925926 0.03333333333333333 0.05555555555555556
2 0.1 0.5402777777777777 0.04583333333333333 0.11944444444444445
2 0.9096354166666667 0.7601851851851852 0.1796875 0.4166666666666667
2 0.56015625 0.6425925925925926 0.15572916666666667 0.27222222222222225
2 0.6075520833333333 0.725462962962963 0.20885416666666667 0.3527777777777778
2 0.8583333333333333 0.8097222222222222 0.28229166666666666 0.3787037037037037