0 0.8372395833333334 0.5125000000000001 0.033854166666666664 0.062037037037037036
0 0.43671875 0.537962962962963 0.0390625 0.07777777777777778
0 0.38229166666666664 0.5671296296296297 0.036458333333333336 0.06574074074074074
0 0.23411458333333332 0.49722222222222223 0.03177083333333333 0.05925925925925926
0 0.13932291666666666 0.44583333333333336 0.019270833333333334 0.04166666666666667
0 0.052083333333333336 0.4236111111111111 0.01875 0.032407407407407406
0 0.04010416666666666 0.39814814814814814 0.015625 0.02962962962962963
2 0.8588541666666667 0.712962962962963 0.28125 0.47962962962962963
2 0.48072916666666665 0.7453703703703703 0.2677083333333333 0.5074074074074074
2 0.2596354166666667 0.6587962962962963 0.19635416666666666 0.39537037037037037
2 0.04869791666666667 0.44351851851851853 0.0796875 0.13703703703703704
2 0.054947916666666666 0.5157407407407407 0.0984375 0.22222222222222224
2 0.14296875 0.5597222222222222 0.12239583333333333 0.27870370370370373