0 0.8744791666666667 0.513425925925926 0.035416666666666666 0.08425925925925926
1 0.18359375 0.5597222222222222 0.0296875 0.04722222222222222
0 0.16458333333333333 0.5023148148148149 0.025 0.05277777777777778
0 0.08177083333333333 0.4222222222222222 0.017708333333333333 0.037037037037037035
1 0.10807291666666667 0.4361111111111111 0.021354166666666667 0.03888888888888889
0 0.15598958333333332 0.4564814814814815 0.022395833333333334 0.044444444444444446
1 0.17942708333333332 0.46620370370370373 0.0328125 0.05462962962962963
2 0.8796875 0.6981481481481482 0.23958333333333334 0.4444444444444445
2 0.19557291666666665 0.6055555555555556 0.1640625 0.34814814814814815
2 0.12239583333333333 0.5282407407407408 0.12916666666666665 0.25833333333333336
2 0.18932291666666667 0.6722222222222223 0.18697916666666667 0.40740740740740744