0 0.7809895833333333 0.39861111111111114 0.0171875 0.028703703703703703
0 0.7994791666666666 0.3912037037037037 0.014583333333333334 0.02314814814814815
0 0.5872395833333334 0.3842592592592593 0.011979166666666666 0.022222222222222223
0 0.4161458333333333 0.5402777777777777 0.03125 0.06944444444444445
0 0.4010416666666667 0.5106481481481482 0.03333333333333333 0.058333333333333334
1 0.3221354166666667 0.5430555555555556 0.022395833333333334 0.03796296296296296
0 0.2994791666666667 0.48055555555555557 0.029166666666666667 0.06296296296296297
0 0.2622395833333333 0.4842592592592593 0.0296875 0.05185185185185186
1 0.05859375 0.4449074074074074 0.0203125 0.04166666666666667
1 0.03125 0.45 0.01875 0.037037037037037035
2 0.3833333333333333 0.4375 0.07708333333333334 0.14351851851851852
2 0.5817708333333333 0.4467592592592593 0.08229166666666667 0.15092592592592594
2 0.7768229166666667 0.45925925925925926 0.1015625 0.17037037037037037
2 0.30625 0.6282407407407408 0.134375 0.36388888888888893
2 0.44557291666666665 0.7291666666666667 0.2557291666666667 0.500925925925926
2 0.06276041666666667 0.5671296296296297 0.1265625 0.2972222222222222