0 0.86875 0.39305555555555555 0.014583333333333334 0.028703703703703703
0 0.49609375 0.43842592592592594 0.027604166666666666 0.049074074074074076
0 0.5453125 0.3875 0.011458333333333333 0.021296296296296296
0 0.4661458333333333 0.38703703703703707 0.014583333333333334 0.02592592592592593
0 0.43776041666666665 0.38796296296296295 0.011979166666666666 0.020370370370370372
1 0.45026041666666666 0.39861111111111114 0.011979166666666666 0.021296296296296296
0 0.3921875 0.3842592592592593 0.010416666666666666 0.020370370370370372
0 0.33958333333333335 0.3814814814814815 0.0125 0.018518518518518517
0 0.378125 0.3861111111111111 0.009375 0.024074074074074074
0 0.2700520833333333 0.3680555555555556 0.009895833333333333 0.017592592592592594
0 0.25859375 0.37824074074074077 0.011979166666666666 0.021296296296296296
0 0.24635416666666665 0.3861111111111111 0.010416666666666666 0.024074074074074074
0 0.03567708333333333 0.3773148148148148 0.009895833333333333 0.019444444444444445
2 0.025 0.4222222222222222 0.03854166666666667 0.10740740740740741
2 0.26145833333333335 0.4300925925925926 0.04791666666666666 0.14351851851851852
2 0.37526041666666665 0.4412037037037037 0.0671875 0.13796296296296298
2 0.45677083333333335 0.44537037037037036 0.08020833333333333 0.14074074074074075
2 0.46770833333333334 0.4393518518518519 0.057291666666666664 0.1287037037037037
2 0.5278645833333333 0.4439814814814815 0.04635416666666667 0.13796296296296298
2 0.6203125 0.4416666666666667 0.08541666666666667 0.15185185185185185
2 0.8651041666666667 0.4666666666666667 0.10833333333333334 0.17407407407407408
2 0.24296874999999998 0.44027777777777777 0.06614583333333333 0.13611111111111113
2 0.3359375 0.43842592592592594 0.07291666666666667 0.13796296296296298
2 0.4317708333333333 0.4462962962962963 0.08020833333333333 0.1425925925925926
2 0.5135416666666667 0.5620370370370371 0.16770833333333332 0.3037037037037037