0 0.6833333333333333 0.38842592592592595 0.0125 0.025
0 0.33697916666666666 0.3856481481481482 0.0125 0.025
0 0.25286458333333334 0.38472222222222224 0.0109375 0.019444444444444445
0 0.26067708333333334 0.3939814814814815 0.008854166666666666 0.017592592592592594
0 0.26796875 0.3819444444444445 0.0109375 0.019444444444444445
0 0.18385416666666665 0.3791666666666667 0.010416666666666666 0.021296296296296296
0 0.21223958333333334 0.37962962962962965 0.0109375 0.020370370370370372
0 0.14583333333333334 0.3685185185185185 0.009375 0.014814814814814815
0 0.13229166666666667 0.37777777777777777 0.013541666666666667 0.020370370370370372
0 0.15390625 0.3731481481481482 0.009895833333333333 0.016666666666666666
0 0.11432291666666666 0.3824074074074074 0.011979166666666666 0.018518518518518517
0 0.03802083333333333 0.37777777777777777 0.010416666666666666 0.014814814814814815
2 0.13984375 0.4236111111111111 0.03802083333333333 0.13425925925925927
2 0.04244791666666667 0.4226851851851852 0.034895833333333334 0.10833333333333334
2 0.334375 0.43703703703703706 0.071875 0.13333333333333333
2 0.17942708333333332 0.42129629629629634 0.05677083333333333 0.11111111111111112
2 0.25546875 0.4217592592592593 0.05677083333333333 0.11574074074074074
2 0.67890625 0.4550925925925926 0.09635416666666667 0.15833333333333333
2 0.10963541666666667 0.4300925925925926 0.06302083333333333 0.12314814814814816
2 0.20625 0.4310185185185185 0.0625 0.125
2 0.25026041666666665 0.4393518518518519 0.06302083333333333 0.13611111111111113