0 0.47265625 0.3851851851851852 0.013020833333333334 0.022222222222222223
1 0.3692708333333333 0.4412037037037037 0.025 0.04351851851851852
0 0.023177083333333334 0.45231481481481484 0.024479166666666666 0.05092592592592593
0 0.0078125 0.4449074074074074 0.015625 0.04351851851851852
0 0.07864583333333333 0.39351851851851855 0.015625 0.02962962962962963
0 0.096875 0.37824074074074077 0.009375 0.017592592592592594
0 0.08828125 0.3787037037037037 0.0078125 0.018518518518518517
0 0.10442708333333334 0.39212962962962966 0.0067708333333333336 0.01388888888888889
0 0.05 0.3763888888888889 0.011458333333333333 0.02314814814814815
0 0.0171875 0.37222222222222223 0.009375 0.012962962962962964
0 0.0033854166666666668 0.3662037037037037 0.0067708333333333336 0.015740740740740743
2 0.16223958333333333 0.4226851851851852 0.04010416666666666 0.12314814814814816
2 0.4705729166666667 0.4439814814814815 0.07447916666666667 0.14351851851851852
2 0.04583333333333333 0.42129629629629634 0.052083333333333336 0.11481481481481481
2 0.09453125 0.4291666666666667 0.05572916666666666 0.1212962962962963
2 0.3888020833333333 0.5518518518518519 0.14635416666666667 0.27592592592592596
2 0.08984375 0.4847222222222222 0.08489583333333334 0.22314814814814815
2 0.05260416666666667 0.5810185185185185 0.10625 0.31203703703703706