0 0.11536458333333333 0.4462962962962963 0.0234375 0.05
0 0.14505208333333333 0.4620370370370371 0.0265625 0.05185185185185186
0 0.1515625 0.375462962962963 0.009375 0.017592592592592594
0 0.16614583333333333 0.37222222222222223 0.009375 0.018518518518518517
0 0.2596354166666667 0.3773148148148148 0.0109375 0.019444444444444445
0 0.6263020833333334 0.38703703703703707 0.022395833333333334 0.03518518518518519
0 0.8244791666666667 0.38842592592592595 0.014583333333333334 0.021296296296296296
2 0.25859375 0.4324074074074074 0.06197916666666667 0.12962962962962962
2 0.6205729166666667 0.4527777777777778 0.0921875 0.16111111111111112
2 0.8026041666666667 0.4476851851851852 0.06770833333333333 0.14907407407407408
2 0.16796875 0.5944444444444444 0.16822916666666665 0.34444444444444444
2 0.61875 0.4800925925925926 0.12291666666666666 0.23055555555555557