0 0.00703125 0.42638888888888893 0.015104166666666667 0.04166666666666667
0 0.05859375 0.37592592592592594 0.009895833333333333 0.016666666666666666
0 0.24609375 0.5731481481481482 0.04010416666666666 0.08148148148148149
1 0.403125 0.5416666666666667 0.025 0.05
0 0.43906249999999997 0.5259259259259259 0.03125 0.06851851851851852
0 0.58671875 0.3925925925925926 0.0171875 0.02962962962962963
0 0.6122395833333333 0.39166666666666666 0.0171875 0.03333333333333333
0 0.4630208333333333 0.3819444444444445 0.009375 0.019444444444444445
0 0.24609375 0.4462962962962963 0.024479166666666666 0.0462962962962963
1 0.225 0.42129629629629634 0.01875 0.03888888888888889
0 0.25234375 0.37824074074074077 0.0109375 0.02314814814814815
2 0.0546875 0.4203703703703704 0.04479166666666667 0.11111111111111112
2 0.24427083333333333 0.4314814814814815 0.07395833333333333 0.13518518518518519
2 0.45859374999999997 0.4328703703703704 0.06302083333333333 0.12685185185185185
2 0.26536458333333335 0.576388888888889 0.15052083333333333 0.31574074074074077
2 0.21536458333333333 0.5212962962962964 0.0859375 0.2555555555555556
2 0.4041666666666667 0.6231481481481481 0.16770833333333332 0.34074074074074073
2 0.4609375 0.7175925925925927 0.25416666666666665 0.4703703703703704
2 0.26119791666666664 0.7513888888888889 0.2682291666666667 0.4953703703703704
2 0.03958333333333333 0.5365740740740741 0.08020833333333333 0.2712962962962963
2 0.5786458333333333 0.47685185185185186 0.11666666666666667 0.20740740740740743