0 0.05911458333333333 0.6976851851851852 0.0296875 0.058333333333333334
0 0.20390624999999998 0.6694444444444445 0.027604166666666666 0.05185185185185186
0 0.23723958333333334 0.6592592592592593 0.030729166666666665 0.05740740740740741
0 0.5236979166666667 0.674074074074074 0.03177083333333333 0.053703703703703705
0 0.5692708333333333 0.6523148148148148 0.03333333333333333 0.06574074074074074
0 0.6609375 0.5620370370370371 0.019791666666666666 0.03888888888888889
0 0.6778645833333333 0.5592592592592592 0.0203125 0.037037037037037035
1 0.7510416666666666 0.5412037037037037 0.016666666666666666 0.025
1 0.7315104166666666 0.5476851851851852 0.0140625 0.026851851851851852
2 0.7234375 0.6046296296296296 0.09895833333333333 0.16481481481481483
2 0.6028645833333334 0.8069444444444445 0.2265625 0.3842592592592593
2 0.2596354166666667 0.8037037037037037 0.1859375 0.35370370370370374
2 0.09270833333333334 0.8291666666666667 0.153125 0.33981481481481485
2 0.6572916666666666 0.6537037037037037 0.13333333333333333 0.22962962962962963