0 0.20338541666666665 0.7226851851851852 0.0328125 0.07314814814814816
0 0.24791666666666667 0.638888888888889 0.02395833333333333 0.0462962962962963
0 0.28203125 0.6421296296296296 0.0203125 0.04537037037037037
0 0.5158854166666667 0.5671296296296297 0.0171875 0.032407407407407406
0 0.5309895833333333 0.5620370370370371 0.0171875 0.03333333333333333
0 0.6140625 0.6699074074074074 0.034375 0.06759259259259259
0 0.7796875 0.6180555555555556 0.03229166666666666 0.0638888888888889
2 0.8216145833333334 0.763888888888889 0.23072916666666665 0.3648148148148148
2 0.6291666666666667 0.8087962962962963 0.3208333333333333 0.3805555555555556
2 0.30104166666666665 0.7601851851851852 0.15104166666666666 0.29444444444444445
2 0.21901041666666665 0.8407407407407408 0.1953125 0.31666666666666665
2 0.5119791666666667 0.649537037037037 0.1125 0.2101851851851852