0 0.39947916666666666 0.6578703703703704 0.03229166666666666 0.058333333333333334
0 0.9234375 0.8199074074074074 0.07083333333333333 0.11574074074074074
0 0.98125 0.7986111111111112 0.035416666666666666 0.11018518518518519
0 0.7981770833333334 0.5638888888888889 0.0265625 0.04259259259259259
0 0.7635416666666667 0.562962962962963 0.022916666666666665 0.03888888888888889
0 0.71171875 0.5481481481481482 0.01614583333333333 0.02777777777777778
0 0.4578125 0.5625 0.01875 0.028703703703703703
0 0.44166666666666665 0.5694444444444444 0.015625 0.02962962962962963
2 0.70390625 0.6037037037037037 0.08802083333333333 0.14444444444444446
2 0.8291666666666666 0.6712962962962963 0.18125 0.26851851851851855
2 0.42213541666666665 0.8050925925925926 0.19427083333333334 0.35833333333333334
2 0.4395833333333333 0.6523148148148148 0.10729166666666666 0.20462962962962963