1 0.21901041666666665 0.4476851851851852 0.0234375 0.04722222222222222
0 0.63046875 0.5259259259259259 0.0359375 0.06481481481481481
0 0.64609375 0.4430555555555556 0.028645833333333332 0.05648148148148149
0 0.68515625 0.4467592592592593 0.03177083333333333 0.06018518518518519
0 0.5583333333333333 0.3907407407407408 0.016666666666666666 0.02962962962962963
0 0.5315104166666667 0.39305555555555555 0.01614583333333333 0.026851851851851852
0 0.08880208333333334 0.3791666666666667 0.008854166666666666 0.01388888888888889
2 0.5247395833333334 0.46990740740740744 0.10781249999999999 0.19351851851851853
2 0.7197916666666666 0.5805555555555556 0.1875 0.34074074074074073
2 0.6546875 0.7157407407407408 0.27291666666666664 0.46111111111111114
2 0.23020833333333332 0.5611111111111111 0.12395833333333334 0.2796296296296296