0 0.8276041666666667 0.39351851851851855 0.011458333333333333 0.022222222222222223
0 0.8377604166666667 0.3939814814814815 0.013020833333333334 0.025
0 0.8596354166666667 0.3856481481481482 0.0140625 0.02314814814814815
0 0.8434895833333333 0.3856481481481482 0.011979166666666666 0.019444444444444445
0 0.6 0.4027777777777778 0.019791666666666666 0.0462962962962963
0 0.6192708333333333 0.5259259259259259 0.03125 0.06481481481481481
0 0.55703125 0.5171296296296296 0.03177083333333333 0.058333333333333334
0 0.4875 0.4625 0.030208333333333334 0.058333333333333334
0 0.031510416666666666 0.37777777777777777 0.0078125 0.012962962962962964
2 0.8356770833333333 0.44953703703703707 0.08072916666666667 0.1527777777777778
2 0.821875 0.46296296296296297 0.10729166666666666 0.16666666666666669
2 0.63515625 0.5111111111111112 0.12864583333333332 0.2611111111111111
2 0.48333333333333334 0.5930555555555556 0.16041666666666665 0.33240740740740743
2 0.6614583333333334 0.7087962962962964 0.27291666666666664 0.45462962962962966