0 0.4510416666666667 0.5569444444444445 0.016666666666666666 0.028703703703703703
0 0.3723958333333333 0.5638888888888889 0.0125 0.02592592592592593
0 0.3455729166666667 0.5689814814814815 0.013020833333333334 0.025
1 0.36354166666666665 0.575925925925926 0.011458333333333333 0.022222222222222223
1 0.21119791666666665 0.5736111111111112 0.0078125 0.01388888888888889
1 0.20182291666666666 0.5694444444444444 0.008854166666666666 0.014814814814814815
0 0.11744791666666667 0.5745370370370371 0.0109375 0.019444444444444445
0 0.014322916666666666 0.5773148148148148 0.008854166666666666 0.01388888888888889
2 0.11875 0.6245370370370371 0.057291666666666664 0.12314814814814816
2 0.19661458333333334 0.6166666666666667 0.04739583333333333 0.11296296296296297
2 0.34348958333333335 0.625462962962963 0.08802083333333333 0.15462962962962964
2 0.44244791666666666 0.6337962962962963 0.09947916666666666 0.18611111111111112