0 0.6395833333333333 0.5425925925925926 0.015625 0.03518518518518519
0 0.4908854166666667 0.5578703703703703 0.015104166666666667 0.026851851851851852
0 0.0875 0.6277777777777778 0.017708333333333333 0.040740740740740744
0 0.10364583333333333 0.5856481481481481 0.011458333333333333 0.021296296296296296
1 0.11640625 0.5888888888888889 0.0078125 0.016666666666666666
0 0.12734375 0.5787037037037037 0.0109375 0.020370370370370372
1 0.0515625 0.5796296296296296 0.007291666666666667 0.012962962962962964
1 0.058854166666666666 0.5824074074074075 0.00625 0.011111111111111112
0 0.00703125 0.5828703703703704 0.011979166666666666 0.019444444444444445
2 0.051041666666666666 0.6199074074074075 0.03125 0.09351851851851853
2 0.10182291666666667 0.6361111111111112 0.0703125 0.14074074074074075
2 0.484375 0.6287037037037038 0.10625 0.17962962962962964
2 0.6346354166666667 0.6027777777777777 0.08697916666666666 0.1537037037037037
2 0.09765625 0.7430555555555556 0.11614583333333334 0.27314814814814814