1 0.11510416666666666 0.6208333333333333 0.019791666666666666 0.03796296296296296
0 0.14947916666666666 0.6277777777777778 0.01875 0.037037037037037035
0 0.08645833333333333 0.5907407407407408 0.013541666666666667 0.022222222222222223
1 0.14375 0.5726851851851852 0.009375 0.019444444444444445
1 0.15234375 0.5671296296296297 0.0140625 0.02314814814814815
0 0.26953125 0.5745370370370371 0.0171875 0.030555555555555558
0 0.28984375 0.5699074074074074 0.01614583333333333 0.028703703703703703
2 0.09765625 0.6574074074074074 0.0734375 0.1685185185185185
2 0.14583333333333334 0.6393518518518518 0.07291666666666667 0.17500000000000002
2 0.2747395833333333 0.6486111111111111 0.09322916666666667 0.18796296296296297
2 0.16875 0.7328703703703704 0.134375 0.26944444444444443