0 0.91875 0.46944444444444444 0.036458333333333336 0.07407407407407407
0 0.9682291666666667 0.5013888888888889 0.036458333333333336 0.06759259259259259
0 0.5515625 0.4166666666666667 0.021875 0.0462962962962963
0 0.334375 0.3824074074074074 0.013541666666666667 0.024074074074074074
0 0.24739583333333334 0.38101851851851853 0.009375 0.017592592592592594
0 0.19140625 0.37777777777777777 0.009895833333333333 0.016666666666666666
0 0.18385416666666665 0.3837962962962963 0.008333333333333333 0.01388888888888889
0 0.14791666666666667 0.37222222222222223 0.009375 0.016666666666666666
1 0.08072916666666667 0.42962962962962964 0.019791666666666666 0.044444444444444446
0 0.08697916666666666 0.375 0.0125 0.018518518518518517
0 0.07682291666666667 0.375 0.008854166666666666 0.018518518518518517
0 0.007291666666666667 0.3768518518518519 0.009375 0.012962962962962964
2 0.07447916666666667 0.4217592592592593 0.05520833333333333 0.11574074074074074
2 0.14635416666666667 0.425 0.05520833333333333 0.1277777777777778
2 0.1828125 0.4277777777777778 0.05520833333333333 0.11851851851851852
2 0.2421875 0.43194444444444446 0.06145833333333333 0.12314814814814816
2 0.3296875 0.437962962962963 0.078125 0.13333333333333333
2 0.9192708333333334 0.6439814814814815 0.16041666666666665 0.42129629629629634
2 0.56796875 0.5217592592592593 0.14947916666666666 0.26203703703703707
2 0.09453125 0.5425925925925926 0.12447916666666667 0.27592592592592596