1 0.7028645833333333 0.44722222222222224 0.0296875 0.04814814814814815
0 0.48828125 0.4518518518518519 0.028645833333333332 0.05555555555555556
0 0.44895833333333335 0.48842592592592593 0.03229166666666666 0.05462962962962963
0 0.3966145833333333 0.47731481481481486 0.0296875 0.05277777777777778
0 0.03619791666666666 0.3787037037037037 0.008854166666666666 0.012962962962962964
0 0.00703125 0.3740740740740741 0.009895833333333333 0.020370370370370372
1 0.024479166666666666 0.3768518518518519 0.009375 0.016666666666666666
2 0.03567708333333333 0.42083333333333334 0.043229166666666666 0.10833333333333334
2 0.7236979166666666 0.575925925925926 0.1953125 0.3277777777777778
2 0.52734375 0.5935185185185186 0.14114583333333333 0.34074074074074073
2 0.48151041666666666 0.6611111111111111 0.23385416666666667 0.43703703703703706