0 0.9471354166666667 0.5439814814814815 0.01614583333333333 0.030555555555555558
0 0.9244791666666666 0.5467592592592593 0.014583333333333334 0.028703703703703703
0 0.7377604166666667 0.55 0.0140625 0.02777777777777778
0 0.43723958333333335 0.6981481481481482 0.034895833333333334 0.05555555555555556
0 0.3880208333333333 0.6962962962962963 0.03229166666666666 0.06296296296296297
0 0.34401041666666665 0.6347222222222223 0.027604166666666666 0.04537037037037037
0 0.3171875 0.6458333333333334 0.02395833333333333 0.04537037037037037
0 0.3294270833333333 0.563425925925926 0.0140625 0.02314814814814815
0 0.228125 0.6694444444444445 0.029166666666666667 0.053703703703703705
0 0.013802083333333333 0.5773148148148148 0.009895833333333333 0.021296296296296296
2 0.20130208333333333 0.6106481481481482 0.043229166666666666 0.09907407407407408
2 0.32760416666666664 0.6134259259259259 0.06041666666666667 0.12314814814814816
2 0.7356770833333334 0.6092592592592593 0.1015625 0.15925925925925927
2 0.9135416666666667 0.6157407407407408 0.11770833333333333 0.17222222222222222
2 0.4747395833333333 0.8300925925925926 0.2515625 0.33796296296296297
2 0.25026041666666665 0.8194444444444445 0.17864583333333334 0.3592592592592593
2 0.3809895833333333 0.7726851851851853 0.19010416666666666 0.33796296296296297