0 0.03177083333333333 0.6050925925925926 0.015625 0.028703703703703703
0 0.05182291666666666 0.6027777777777777 0.018229166666666668 0.03888888888888889
0 0.27447916666666666 0.687962962962963 0.042708333333333334 0.07037037037037037
0 0.38958333333333334 0.6175925925925926 0.026041666666666668 0.0462962962962963
0 0.41484375 0.6287037037037038 0.0234375 0.05
0 0.40625 0.5555555555555556 0.015625 0.022222222222222223
0 0.45 0.5564814814814815 0.019791666666666666 0.02962962962962963
0 0.50390625 0.5597222222222222 0.013020833333333334 0.026851851851851852
0 0.5203125 0.5564814814814815 0.010416666666666666 0.022222222222222223
0 0.5703125 0.5537037037037037 0.013541666666666667 0.024074074074074074
0 0.5828125 0.5481481481481482 0.013541666666666667 0.018518518518518517
0 0.6010416666666667 0.5560185185185186 0.014583333333333334 0.021296296296296296
0 0.5934895833333333 0.5953703703703704 0.024479166666666666 0.04259259259259259
0 0.6221354166666666 0.5986111111111111 0.027604166666666666 0.04537037037037037
0 0.9247395833333333 0.6731481481481482 0.03697916666666667 0.06481481481481481
0 0.91640625 0.538425925925926 0.015104166666666667 0.026851851851851852
2 0.05911458333333333 0.6143518518518519 0.04114583333333333 0.09166666666666667
2 0.40625 0.6138888888888889 0.07395833333333333 0.13518518518518519
2 0.49583333333333335 0.6194444444444445 0.090625 0.15185185185185185
2 0.5630208333333333 0.6111111111111112 0.08020833333333333 0.1425925925925926
2 0.5822916666666667 0.6046296296296296 0.06666666666666667 0.13703703703703704
2 0.4419270833333333 0.6305555555555555 0.09947916666666666 0.18703703703703706
2 0.9078125 0.8162037037037038 0.18333333333333332 0.36574074074074076
2 0.6453125 0.712037037037037 0.17291666666666666 0.29074074074074074
2 0.43385416666666665 0.750462962962963 0.16354166666666667 0.3138888888888889
2 0.28046875 0.8231481481481482 0.2671875 0.35185185185185186
2 0.059895833333333336 0.6875 0.10104166666666667 0.2101851851851852
2 0.9111979166666666 0.6092592592592593 0.10572916666666667 0.1814814814814815