0 0.14609375 0.5708333333333333 0.009895833333333333 0.017592592592592594
0 0.18177083333333333 0.5750000000000001 0.010416666666666666 0.020370370370370372
0 0.19557291666666665 0.5736111111111112 0.009895833333333333 0.019444444444444445
0 0.23333333333333334 0.5662037037037038 0.010416666666666666 0.017592592592592594
0 0.24427083333333333 0.562962962962963 0.009375 0.014814814814814815
0 0.25859375 0.5652777777777778 0.008854166666666666 0.015740740740740743
0 0.44609375 0.5791666666666667 0.0171875 0.036111111111111115
1 0.46770833333333334 0.5819444444444445 0.016666666666666666 0.03796296296296296
0 0.609375 0.55 0.013541666666666667 0.024074074074074074
1 0.5828125 0.6425925925925926 0.021875 0.044444444444444446
1 0.5994791666666667 0.674537037037037 0.017708333333333333 0.03425925925925926
0 0.6221354166666666 0.6375000000000001 0.03177083333333333 0.058333333333333334
1 0.7953125 0.6916666666666667 0.029166666666666667 0.06481481481481481
0 0.834375 0.6824074074074075 0.030208333333333334 0.07037037037037037
0 0.9151041666666666 0.5402777777777777 0.017708333333333333 0.030555555555555558
1 0.9283854166666666 0.5481481481481482 0.011979166666666666 0.024074074074074074
2 0.1453125 0.6194444444444445 0.053125 0.11666666666666667
2 0.17473958333333334 0.6268518518518519 0.0671875 0.13148148148148148
2 0.22994791666666667 0.6152777777777778 0.05572916666666666 0.1175925925925926
2 0.2421875 0.6092592592592593 0.05520833333333333 0.11296296296296297
2 0.45026041666666666 0.611574074074074 0.07760416666666667 0.14907407407407408
2 0.6075520833333333 0.6074074074074074 0.07864583333333333 0.1388888888888889
2 0.8664062499999999 0.8199074074074074 0.2661458333333333 0.35833333333333334
2 0.9044270833333333 0.611574074074074 0.11822916666666666 0.18055555555555555
2 0.6484375 0.7949074074074074 0.22604166666666667 0.3787037037037037
2 0.49453125 0.6842592592592592 0.14427083333333332 0.2537037037037037