0 0.80078125 0.5435185185185185 0.022395833333333334 0.031481481481481485
0 0.6736979166666667 0.537962962962963 0.011979166666666666 0.02777777777777778
0 0.5908854166666666 0.6736111111111112 0.034895833333333334 0.062037037037037036
0 0.36875 0.7314814814814815 0.03854166666666667 0.05925925925925926
0 0.3299479166666667 0.7231481481481482 0.0328125 0.05740740740740741
0 0.019270833333333334 0.7217592592592593 0.029166666666666667 0.06018518518518519
0 0.20390624999999998 0.5675925925925926 0.013020833333333334 0.022222222222222223
1 0.20911458333333333 0.5717592592592593 0.011979166666666666 0.019444444444444445
2 0.19765625 0.6194444444444445 0.06197916666666667 0.1277777777777778
2 0.6653645833333334 0.600925925925926 0.0859375 0.15
2 0.6377604166666666 0.8148148148148149 0.2682291666666667 0.3685185185185185
2 0.40078125 0.8430555555555556 0.2140625 0.31203703703703706
2 0.7919270833333333 0.6087962962962963 0.09322916666666667 0.16574074074074074
2 0.06875 0.8412037037037038 0.13854166666666667 0.31574074074074077