0 0.9278645833333333 0.537962962962963 0.018229166666666668 0.03333333333333333
0 0.9416666666666667 0.537962962962963 0.0125 0.031481481481481485
0 0.9515625 0.5277777777777778 0.015625 0.02777777777777778
1 0.4947916666666667 0.6287037037037038 0.03125 0.053703703703703705
0 0.34088541666666666 0.5615740740740741 0.009895833333333333 0.017592592592592594
0 0.3265625 0.5648148148148149 0.010416666666666666 0.018518518518518517
0 0.008333333333333333 0.5916666666666667 0.008333333333333333 0.012962962962962964
2 0.014322916666666666 0.6277777777777778 0.0296875 0.08888888888888889
2 0.3229166666666667 0.6129629629629629 0.06666666666666667 0.12962962962962962
2 0.921875 0.6148148148148148 0.134375 0.19074074074074074
2 0.5221354166666666 0.7731481481481481 0.2109375 0.3685185185185185