1 0.51640625 0.6527777777777778 0.0296875 0.06296296296296297
1 0.8760416666666666 0.5555555555555556 0.020833333333333332 0.037037037037037035
1 0.9125 0.5523148148148148 0.028125 0.05277777777777778
1 0.9395833333333333 0.5921296296296297 0.019791666666666666 0.04351851851851852
1 0.8932291666666666 0.5800925925925926 0.015625 0.03981481481481482
1 0.8182291666666667 0.5375 0.016666666666666666 0.032407407407407406
1 0.8333333333333334 0.5356481481481482 0.013541666666666667 0.028703703703703703
1 0.84765625 0.5421296296296296 0.0140625 0.030555555555555558
1 0.5864583333333333 0.5541666666666667 0.0125 0.026851851851851852
0 0.5635416666666666 0.5546296296296297 0.016666666666666666 0.031481481481481485
0 0.3658854166666667 0.5611111111111111 0.0109375 0.020370370370370372
0 0.3606770833333333 0.5699074074074074 0.011979166666666666 0.02314814814814815
0 0.31197916666666664 0.5671296296296297 0.011458333333333333 0.021296296296296296
0 0.026041666666666668 0.5842592592592593 0.007291666666666667 0.016666666666666666
0 0.03463541666666667 0.5819444444444445 0.0078125 0.015740740740740743
2 0.024739583333333332 0.6226851851851852 0.04739583333333333 0.10648148148148148
2 0.3598958333333333 0.6162037037037037 0.06875 0.1398148148148148
2 0.30833333333333335 0.6231481481481481 0.06666666666666667 0.1388888888888889
2 0.5549479166666667 0.6199074074074075 0.0953125 0.1675925925925926
2 0.8109375 0.6027777777777777 0.10104166666666667 0.17592592592592593
2 0.8106770833333333 0.6152777777777778 0.11822916666666666 0.19351851851851853
2 0.9210937499999999 0.6708333333333334 0.15677083333333333 0.287962962962963
2 0.5442708333333334 0.8064814814814815 0.23645833333333333 0.3851851851851852