0 0.7755208333333333 0.5365740740740741 0.015625 0.032407407407407406
0 0.7901041666666666 0.5314814814814816 0.017708333333333333 0.02777777777777778
1 0.5536458333333333 0.5476851851851852 0.0125 0.021296296296296296
1 0.5325520833333334 0.5513888888888889 0.011979166666666666 0.019444444444444445
0 0.2559895833333333 0.5652777777777778 0.0140625 0.026851851851851852
0 0.24375 0.5680555555555555 0.013541666666666667 0.025
1 0.15677083333333333 0.5731481481481482 0.011458333333333333 0.024074074074074074
0 0.14036458333333332 0.5740740740740741 0.0109375 0.024074074074074074
1 0.14817708333333332 0.5800925925925926 0.009895833333333333 0.017592592592592594
2 0.13020833333333334 0.6282407407407408 0.08229166666666667 0.1398148148148148
2 0.24010416666666667 0.6175925925925926 0.0625 0.12962962962962962
2 0.3294270833333333 0.6162037037037037 0.0671875 0.13055555555555556
2 0.5322916666666666 0.6092592592592593 0.08541666666666667 0.15185185185185185
2 0.7739583333333333 0.6097222222222223 0.109375 0.18611111111111112