0 0.8078124999999999 0.6064814814814815 0.05 0.07962962962962963
0 0.33177083333333335 0.5902777777777778 0.028125 0.05277777777777778
0 0.35651041666666666 0.5199074074074074 0.025520833333333333 0.04166666666666667
0 0.38567708333333334 0.475462962962963 0.011979166666666666 0.02314814814814815
0 0.47734375 0.4726851851851852 0.011979166666666666 0.021296296296296296
0 0.15546875 0.49259259259259264 0.015104166666666667 0.02592592592592593
0 0.04088541666666667 0.5402777777777777 0.021354166666666667 0.032407407407407406
0 0.010677083333333334 0.5685185185185185 0.0171875 0.031481481481481485
0 0.14479166666666665 0.49768518518518523 0.0125 0.02314814814814815
0 0.11640625 0.49583333333333335 0.011979166666666666 0.017592592592592594
1 0.09322916666666667 0.5120370370370371 0.007291666666666667 0.012962962962962964
0 0.08411458333333333 0.49768518518518523 0.0078125 0.015740740740740743
2 0.1453125 0.5546296296296297 0.06666666666666667 0.15555555555555556
2 0.1140625 0.5421296296296296 0.04375 0.11574074074074074
2 0.47291666666666665 0.5300925925925926 0.07708333333333334 0.13425925925925927
2 0.3854166666666667 0.5337962962962963 0.06979166666666667 0.14351851851851852
2 0.08359375 0.5425925925925926 0.050520833333333334 0.10555555555555556
2 0.8294270833333334 0.7777777777777778 0.34010416666666665 0.4425925925925926
2 0.39296875 0.6402777777777778 0.11302083333333333 0.2898148148148148
2 0.3619791666666667 0.7467592592592592 0.19791666666666666 0.375
2 0.06145833333333333 0.6425925925925926 0.08854166666666667 0.2425925925925926
2 0.033854166666666664 0.675462962962963 0.06875 0.27314814814814814