0 0.9643229166666667 0.5509259259259259 0.03802083333333333 0.07962962962962963
1 0.43072916666666666 0.6148148148148148 0.028125 0.0462962962962963
0 0.3932291666666667 0.5865740740740741 0.03229166666666666 0.05277777777777778
0 0.24791666666666667 0.5777777777777778 0.025 0.0462962962962963
0 0.22552083333333334 0.5810185185185185 0.021875 0.03796296296296296
0 0.15260416666666665 0.4967592592592593 0.013541666666666667 0.025
0 0.008072916666666666 0.500462962962963 0.0109375 0.017592592592592594
0 0.0296875 0.5 0.010416666666666666 0.018518518518518517
2 0.14973958333333334 0.5416666666666667 0.05260416666666667 0.11296296296296297
2 0.031510416666666666 0.5453703703703704 0.0453125 0.11111111111111112
2 0.9151041666666666 0.7291666666666667 0.16875 0.4324074074074074
2 0.2872395833333333 0.712962962962963 0.18177083333333333 0.3277777777777778
2 0.4825520833333333 0.775 0.24114583333333334 0.4481481481481482