0 0.3833333333333333 0.5893518518518519 0.030208333333333334 0.03981481481481482
1 0.3052083333333333 0.5666666666666667 0.010416666666666666 0.020370370370370372
1 0.29765625 0.5717592592592593 0.009895833333333333 0.019444444444444445
1 0.2552083333333333 0.563425925925926 0.013541666666666667 0.021296296296296296
1 0.24348958333333334 0.5745370370370371 0.009895833333333333 0.017592592592592594
1 0.10416666666666667 0.576388888888889 0.008333333333333333 0.017592592592592594
1 0.09895833333333333 0.5782407407407407 0.008333333333333333 0.017592592592592594
1 0.027604166666666666 0.5833333333333334 0.00625 0.012962962962962964
1 0.02109375 0.5837962962962964 0.0067708333333333336 0.012037037037037037
2 0.09713541666666667 0.625 0.058854166666666666 0.11666666666666667
2 0.29270833333333335 0.6245370370370371 0.06666666666666667 0.13240740740740742
2 0.23906249999999998 0.6171296296296297 0.06458333333333333 0.13055555555555556
2 0.3958333333333333 0.7101851851851853 0.10416666666666667 0.2833333333333333