0 0.8627604166666667 0.5296296296296297 0.0140625 0.022222222222222223
0 0.8838541666666666 0.5268518518518519 0.013541666666666667 0.022222222222222223
1 0.42135416666666664 0.5578703703703703 0.013541666666666667 0.02314814814814815
1 0.4348958333333333 0.5546296296296297 0.011458333333333333 0.022222222222222223
1 0.1453125 0.6375000000000001 0.021875 0.04166666666666667
1 0.15598958333333332 0.6810185185185186 0.018229166666666668 0.03796296296296296
1 0.10703125 0.6597222222222222 0.021354166666666667 0.04351851851851852
0 0.04010416666666666 0.587037037037037 0.01875 0.03333333333333333
1 0.061197916666666664 0.5828703703703704 0.008854166666666666 0.015740740740740743
2 0.41875 0.6129629629629629 0.07708333333333334 0.1425925925925926
2 0.8609375 0.5981481481481482 0.109375 0.1685185185185185
2 0.04921875 0.6662037037037037 0.0671875 0.18796296296296297
2 0.1640625 0.7615740740740741 0.15208333333333332 0.3027777777777778