0 0.13359375 0.5902777777777778 0.0171875 0.032407407407407406
0 0.16041666666666665 0.5875 0.016666666666666666 0.036111111111111115
1 0.24921875 0.5657407407407408 0.008854166666666666 0.016666666666666666
1 0.2635416666666667 0.5699074074074074 0.010416666666666666 0.019444444444444445
0 0.4036458333333333 0.5583333333333333 0.010416666666666666 0.020370370370370372
0 0.42942708333333335 0.5615740740740741 0.01614583333333333 0.030555555555555558
0 0.41770833333333335 0.5513888888888889 0.0125 0.021296296296296296
0 0.5239583333333333 0.5472222222222223 0.011458333333333333 0.020370370370370372
0 0.5359375 0.55 0.010416666666666666 0.022222222222222223
2 0.24583333333333332 0.6175925925925926 0.06041666666666667 0.1277777777777778
2 0.51796875 0.6097222222222223 0.0796875 0.15092592592592594
2 0.42473958333333334 0.6449074074074075 0.1046875 0.20462962962962963
2 0.40572916666666664 0.6027777777777777 0.059375 0.12592592592592594
2 0.17265625 0.6662037037037037 0.0984375 0.19907407407407407