0 0.18697916666666667 0.5740740740740741 0.015625 0.02592592592592593
0 0.27265625 0.5638888888888889 0.009895833333333333 0.018518518518518517
0 0.2833333333333333 0.5662037037037038 0.009375 0.021296296296296296
0 0.4010416666666667 0.5592592592592592 0.009375 0.016666666666666666
0 0.4166666666666667 0.5541666666666667 0.013541666666666667 0.02314814814814815
0 0.7692708333333333 0.5638888888888889 0.027083333333333334 0.05
0 0.7963541666666667 0.5800925925925926 0.02395833333333333 0.04166666666666667
0 0.8216145833333334 0.5578703703703703 0.0234375 0.04166666666666667
0 0.9213541666666667 0.5412037037037037 0.021875 0.03425925925925926
0 0.9572916666666667 0.5305555555555556 0.02395833333333333 0.03518518518518519
2 0.2700520833333333 0.6175925925925926 0.0640625 0.13148148148148148
2 0.18177083333333333 0.6509259259259259 0.08854166666666667 0.18333333333333335
2 0.9190104166666666 0.6328703703703704 0.14114583333333333 0.24537037037037038
2 0.40651041666666665 0.6018518518518519 0.058854166666666666 0.12407407407407407
2 0.8471354166666667 0.6726851851851852 0.18385416666666665 0.28611111111111115