0 0.3953125 0.5583333333333333 0.009375 0.020370370370370372
0 0.4145833333333333 0.5504629629629629 0.009375 0.019444444444444445
1 0.64765625 0.5481481481481482 0.015104166666666667 0.02592592592592593
1 0.6768229166666666 0.55 0.019270833333333334 0.031481481481481485
1 0.63359375 0.5694444444444444 0.013020833333333334 0.02777777777777778
1 0.6747395833333333 0.575925925925926 0.013020833333333334 0.022222222222222223
0 0.7989583333333333 0.537962962962963 0.014583333333333334 0.02962962962962963
0 0.82421875 0.5296296296296297 0.0140625 0.024074074074074074
2 0.79609375 0.5990740740740741 0.11197916666666667 0.16481481481481483
2 0.6348958333333333 0.6375000000000001 0.128125 0.21944444444444444
2 0.39765625 0.6013888888888889 0.06197916666666667 0.12314814814814816