1 0.08333333333333333 0.5810185185185185 0.014583333333333334 0.028703703703703703
1 0.10286458333333333 0.5810185185185185 0.013020833333333334 0.02314814814814815
1 0.09947916666666666 0.6041666666666667 0.010416666666666666 0.019444444444444445
0 0.22109375 0.5699074074074074 0.009895833333333333 0.021296296296296296
0 0.23541666666666666 0.5680555555555555 0.009375 0.02314814814814815
0 0.25078125 0.5689814814814815 0.009895833333333333 0.019444444444444445
0 0.24375 0.5597222222222222 0.010416666666666666 0.021296296296296296
1 0.29244791666666664 0.6092592592592593 0.018229166666666668 0.03518518518518519
1 0.3216145833333333 0.6092592592592593 0.0203125 0.040740740740740744
1 0.42291666666666666 0.6537037037037037 0.019791666666666666 0.0462962962962963
1 0.4473958333333333 0.6555555555555556 0.025 0.05
0 0.40390624999999997 0.5574074074074075 0.013020833333333334 0.022222222222222223
1 0.42473958333333334 0.5564814814814815 0.011979166666666666 0.018518518518518517
1 0.4158854166666667 0.5726851851851852 0.008854166666666666 0.015740740740740743
2 0.23385416666666667 0.6268518518518519 0.07708333333333334 0.14074074074074075
2 0.40625 0.6129629629629629 0.07604166666666666 0.14074074074074075
2 0.07604166666666666 0.6513888888888889 0.08958333333333333 0.17685185185185187
2 0.3307291666666667 0.7222222222222222 0.13229166666666667 0.2777777777777778
2 0.4796875 0.8083333333333333 0.20833333333333334 0.3814814814814815