0 0.10755208333333333 0.5828703703703704 0.0109375 0.021296296296296296
0 0.12005208333333334 0.5837962962962964 0.011979166666666666 0.015740740740740743
0 0.40703125 0.5541666666666667 0.0140625 0.021296296296296296
0 0.42578125 0.5569444444444445 0.0140625 0.02314814814814815
0 0.6067708333333334 0.5435185185185185 0.0125 0.02777777777777778
0 0.6330729166666667 0.5439814814814815 0.01614583333333333 0.028703703703703703
1 0.62578125 0.563425925925926 0.008854166666666666 0.01388888888888889
0 0.89453125 0.5319444444444444 0.013020833333333334 0.030555555555555558
0 0.9205729166666666 0.5314814814814816 0.015104166666666667 0.02777777777777778
2 0.10598958333333333 0.6273148148148149 0.049479166666666664 0.11018518518518519
2 0.40338541666666666 0.6157407407407408 0.07447916666666667 0.14814814814814814
2 0.9044270833333333 0.6032407407407407 0.0796875 0.17500000000000002
2 0.6057291666666667 0.6087962962962963 0.08958333333333333 0.16018518518518518