1 0.12083333333333333 0.6078703703703704 0.017708333333333333 0.032407407407407406
1 0.14010416666666667 0.5981481481481482 0.019791666666666666 0.03518518518518519
0 0.0033854166666666668 0.587037037037037 0.0078125 0.014814814814814815
0 0.0125 0.587962962962963 0.009375 0.014814814814814815
0 0.24713541666666666 0.562962962962963 0.011979166666666666 0.020370370370370372
0 0.2625 0.5671296296296297 0.0125 0.019444444444444445
0 0.209375 0.6356481481481482 0.020833333333333332 0.03981481481481482
0 0.2296875 0.6342592592592593 0.025 0.0462962962962963
0 0.37447916666666664 0.5615740740740741 0.009375 0.019444444444444445
0 0.3528645833333333 0.5615740740740741 0.0109375 0.019444444444444445
1 0.365625 0.5736111111111112 0.009375 0.015740740740740743
0 0.4635416666666667 0.5504629629629629 0.011458333333333333 0.02314814814814815
0 0.48125 0.5546296296296297 0.013541666666666667 0.024074074074074074
1 0.4825520833333333 0.5907407407407408 0.0171875 0.03518518518518519
1 0.5020833333333333 0.6018518518518519 0.020833333333333332 0.0462962962962963
0 0.678125 0.5476851851851852 0.016666666666666666 0.030555555555555558
0 0.6955729166666667 0.5435185185185185 0.0140625 0.02777777777777778
1 0.8622395833333333 0.6111111111111112 0.0296875 0.053703703703703705
1 0.9010416666666666 0.6 0.030208333333333334 0.05555555555555556
0 0.9307291666666666 0.5351851851851852 0.015625 0.02777777777777778
0 0.9479166666666666 0.5263888888888889 0.01875 0.030555555555555558
1 0.9747395833333333 0.5333333333333333 0.01614583333333333 0.02777777777777778
2 0.24479166666666666 0.6203703703703703 0.06354166666666666 0.13703703703703704
2 0.35260416666666666 0.612037037037037 0.065625 0.12592592592592594
2 0.6841145833333333 0.6055555555555556 0.07760416666666667 0.15185185185185185
2 0.4700520833333333 0.6138888888888889 0.09010416666666667 0.1462962962962963
2 0.9377604166666667 0.6018518518518519 0.11197916666666667 0.17777777777777778
2 0.9239583333333333 0.5995370370370371 0.11770833333333333 0.16203703703703703
2 0.9013020833333333 0.7481481481481482 0.19635416666666666 0.362962962962963
2 0.521875 0.7078703703703704 0.15729166666666666 0.275
2 0.14635416666666667 0.6842592592592592 0.09791666666666667 0.21296296296296297
2 0.2518229166666667 0.7611111111111112 0.14739583333333334 0.3037037037037037