0 0.06432291666666666 0.5768518518518518 0.011979166666666666 0.016666666666666666
0 0.07708333333333334 0.5796296296296296 0.009375 0.016666666666666666
0 0.007291666666666667 0.5824074074074075 0.008333333333333333 0.012962962962962964
0 0.10729166666666666 0.5782407407407407 0.011458333333333333 0.017592592592592594
1 0.11588541666666667 0.5865740740740741 0.0078125 0.015740740740740743
0 0.12343749999999999 0.5777777777777778 0.010416666666666666 0.016666666666666666
1 0.2265625 0.5777777777777778 0.014583333333333334 0.02777777777777778
1 0.21458333333333332 0.5787037037037037 0.0125 0.024074074074074074
1 0.3208333333333333 0.6097222222222223 0.016666666666666666 0.03425925925925926
1 0.3419270833333333 0.6106481481481482 0.018229166666666668 0.036111111111111115
0 0.4466145833333333 0.5592592592592592 0.01614583333333333 0.024074074074074074
0 0.46119791666666665 0.5578703703703703 0.013020833333333334 0.02314814814814815
0 0.58828125 0.5467592592592593 0.0109375 0.02314814814814815
1 0.6109375 0.5513888888888889 0.009375 0.021296296296296296
0 0.690625 0.5458333333333334 0.013541666666666667 0.025
0 0.7067708333333333 0.5425925925925926 0.010416666666666666 0.022222222222222223
0 0.8557291666666667 0.5296296296296297 0.016666666666666666 0.02962962962962963
1 0.884375 0.525462962962963 0.016666666666666666 0.026851851851851852
0 0.98203125 0.5259259259259259 0.024479166666666666 0.04814814814814815
1 0.9270833333333334 0.6189814814814815 0.029166666666666667 0.06574074074074074
1 0.96640625 0.6810185185185186 0.025520833333333333 0.058333333333333334
1 0.86171875 0.6402777777777778 0.019270833333333334 0.04722222222222222
1 0.8921875 0.6625 0.025 0.049074074074074076
2 0.06302083333333333 0.6263888888888889 0.052083333333333336 0.1212962962962963
2 0.109375 0.6217592592592592 0.052083333333333336 0.10833333333333334
2 0.4453125 0.6111111111111112 0.07604166666666666 0.13518518518518519
2 0.303125 0.6212962962962963 0.07916666666666666 0.13703703703703704
2 0.5875 0.6087962962962963 0.08854166666666667 0.15092592592592594
2 0.68359375 0.6046296296296296 0.0890625 0.14814814814814814
2 0.8528645833333334 0.5995370370370371 0.11614583333333334 0.1824074074074074
2 0.20781249999999998 0.6407407407407407 0.07916666666666666 0.16111111111111112
2 0.9184895833333333 0.7828703703703704 0.16197916666666667 0.4101851851851852
2 0.35546875 0.7101851851851853 0.1328125 0.2611111111111111