1 0.61015625 0.5662037037037038 0.018229166666666668 0.036111111111111115
1 0.6322916666666667 0.5666666666666667 0.020833333333333332 0.03518518518518519
1 0.521875 0.7453703703703703 0.030208333333333334 0.07222222222222223
1 0.46875 0.7134259259259259 0.035416666666666666 0.0787037037037037
0 0.2916666666666667 0.6453703703703704 0.027083333333333334 0.044444444444444446
0 0.25625 0.6351851851851852 0.026041666666666668 0.0462962962962963
0 0.4315104166666667 0.562962962962963 0.013020833333333334 0.020370370370370372
0 0.4466145833333333 0.5578703703703703 0.008854166666666666 0.017592592592592594
0 0.35963541666666665 0.5643518518518519 0.019270833333333334 0.03425925925925926
0 0.3364583333333333 0.5648148148148149 0.016666666666666666 0.03333333333333333
1 0.3463541666666667 0.5944444444444444 0.013541666666666667 0.024074074074074074
1 0.3033854166666667 0.5689814814814815 0.01614583333333333 0.017592592592592594
0 0.28671875 0.5648148148148149 0.0109375 0.020370370370370372
0 0.2640625 0.6023148148148149 0.021875 0.04537037037037037
1 0.24661458333333333 0.600462962962963 0.01614583333333333 0.04166666666666667
0 0.24557291666666667 0.5675925925925926 0.009895833333333333 0.014814814814814815
0 0.23020833333333332 0.5717592592592593 0.0125 0.025
0 0.08776041666666666 0.6282407407407408 0.0234375 0.04537037037037037
0 0.13645833333333332 0.575925925925926 0.008333333333333333 0.016666666666666666
0 0.15208333333333332 0.576388888888889 0.009375 0.015740740740740743
0 0.1453125 0.5851851851851853 0.008333333333333333 0.012962962962962964
2 0.23046875 0.6208333333333333 0.06822916666666666 0.125
2 0.13776041666666666 0.6240740740740741 0.05364583333333333 0.11666666666666667
2 0.2877604166666667 0.6199074074074075 0.0734375 0.13425925925925927
2 0.42473958333333334 0.6134259259259259 0.07552083333333333 0.13055555555555556
2 0.5057291666666667 0.6138888888888889 0.08541666666666667 0.15555555555555556
2 0.3328125 0.6425925925925926 0.10104166666666667 0.19074074074074074
2 0.5286458333333334 0.8328703703703704 0.240625 0.33240740740740743
2 0.3015625 0.7666666666666667 0.171875 0.34444444444444444
2 0.29296875 0.7143518518518519 0.15052083333333333 0.2601851851851852
2 0.10234375 0.7407407407407408 0.12864583333333332 0.2796296296296296
2 0.6106770833333334 0.6138888888888889 0.23072916666666665 0.3740740740740741