0 0.7221354166666667 0.6925925925925926 0.049479166666666664 0.09074074074074075
0 0.80234375 0.7273148148148149 0.05677083333333333 0.09722222222222222
1 0.4731770833333333 0.5569444444444445 0.013020833333333334 0.02314814814814815
1 0.49895833333333334 0.5601851851851852 0.009375 0.016666666666666666
1 0.48593749999999997 0.5675925925925926 0.010416666666666666 0.018518518518518517
1 0.49296875 0.5777777777777778 0.008854166666666666 0.016666666666666666
1 0.7484375 0.8185185185185185 0.030208333333333334 0.05740740740740741
1 0.8533854166666667 0.8189814814814815 0.0328125 0.06759259259259259
2 0.371875 0.6074074074074074 0.06145833333333333 0.12962962962962962
2 0.47421874999999997 0.6194444444444445 0.08489583333333334 0.1537037037037037
2 0.8346354166666666 0.8180555555555555 0.3203125 0.36203703703703705