1 0.39791666666666664 0.5606481481481481 0.010416666666666666 0.021296296296296296
1 0.41328125 0.5564814814814815 0.011979166666666666 0.024074074074074074
0 0.5973958333333333 0.5439814814814815 0.0125 0.025
0 0.6067708333333334 0.5476851851851852 0.0125 0.02314814814814815
1 0.83671875 0.5356481481481482 0.011979166666666666 0.025
1 0.85625 0.5328703703703704 0.015625 0.026851851851851852
1 0.8729166666666667 0.5402777777777777 0.013541666666666667 0.025
2 0.39869791666666665 0.6148148148148148 0.0703125 0.13703703703703704
2 0.5950520833333334 0.6074074074074074 0.08385416666666666 0.1537037037037037
2 0.8322916666666667 0.5986111111111111 0.08541666666666667 0.15833333333333333
2 0.8674479166666667 0.6097222222222223 0.11302083333333333 0.16944444444444445