1 0.47239583333333335 0.5430555555555556 0.008333333333333333 0.019444444444444445
1 0.459375 0.5518518518518519 0.010416666666666666 0.020370370370370372
1 0.33098958333333334 0.5685185185185185 0.009895833333333333 0.018518518518518517
1 0.35130208333333335 0.563425925925926 0.008854166666666666 0.017592592592592594
1 0.36171875 0.562962962962963 0.008854166666666666 0.014814814814814815
1 0.15989583333333332 0.5745370370370371 0.009375 0.015740740740740743
1 0.1703125 0.5712962962962963 0.008333333333333333 0.014814814814814815
2 0.35625 0.6138888888888889 0.059375 0.12592592592592594
2 0.32760416666666664 0.6212962962962963 0.06145833333333333 0.12592592592592594
2 0.4578125 0.6074074074074074 0.08229166666666667 0.1537037037037037
2 0.45338541666666665 0.6032407407407407 0.07135416666666666 0.1287037037037037