0 0.1109375 0.5768518518518518 0.010416666666666666 0.014814814814814815
0 0.11822916666666666 0.5777777777777778 0.008333333333333333 0.014814814814814815
1 0.15260416666666665 0.5731481481481482 0.009375 0.018518518518518517
1 0.14010416666666667 0.576388888888889 0.007291666666666667 0.015740740740740743
1 0.4419270833333333 0.5625 0.011979166666666666 0.02314814814814815
1 0.45286458333333335 0.5597222222222222 0.013020833333333334 0.02314814814814815
1 0.49635416666666665 0.5597222222222222 0.009375 0.017592592592592594
1 0.5083333333333333 0.5537037037037037 0.011458333333333333 0.022222222222222223
1 0.6916666666666667 0.5425925925925926 0.010416666666666666 0.02592592592592593
1 0.7143229166666667 0.5449074074074074 0.013020833333333334 0.026851851851851852
1 0.7283854166666667 0.5407407407407407 0.01614583333333333 0.02962962962962963
1 0.7002604166666666 0.5407407407407407 0.0109375 0.022222222222222223
2 0.49583333333333335 0.6069444444444445 0.071875 0.13240740740740742
2 0.44036458333333334 0.6134259259259259 0.06614583333333333 0.13611111111111113
2 0.690625 0.6013888888888889 0.08333333333333333 0.15092592592592594
2 0.709375 0.612037037037037 0.09791666666666667 0.17222222222222222