0 0.10494791666666667 0.5787037037037037 0.009895833333333333 0.022222222222222223
0 0.14010416666666667 0.5777777777777778 0.007291666666666667 0.014814814814814815
1 0.15234375 0.5712962962962963 0.008854166666666666 0.018518518518518517
1 0.18515625 0.5648148148148149 0.0078125 0.016666666666666666
1 0.3203125 0.5685185185185185 0.008333333333333333 0.016666666666666666
1 0.3294270833333333 0.563425925925926 0.008854166666666666 0.017592592592592594
1 0.34479166666666666 0.5671296296296297 0.008333333333333333 0.015740740740740743
1 0.3533854166666667 0.5625 0.0109375 0.019444444444444445
1 0.45208333333333334 0.5550925925925926 0.010416666666666666 0.021296296296296296
1 0.46249999999999997 0.5564814814814815 0.011458333333333333 0.018518518518518517
1 0.4953125 0.5541666666666667 0.011458333333333333 0.017592592592592594
0 0.57578125 0.5421296296296296 0.013020833333333334 0.028703703703703703
0 0.60546875 0.5416666666666667 0.015104166666666667 0.02962962962962963
0 0.590625 0.5412037037037037 0.013541666666666667 0.026851851851851852
1 0.5671875 0.5800925925925926 0.010416666666666666 0.017592592592592594
0 0.7458333333333333 0.5356481481481482 0.014583333333333334 0.026851851851851852
0 0.7604166666666666 0.5287037037037037 0.015625 0.02777777777777778
0 0.7375 0.5425925925925926 0.013541666666666667 0.02592592592592593
1 0.8755208333333333 0.5319444444444444 0.0125 0.02314814814814815
0 0.8903645833333333 0.5291666666666667 0.015104166666666667 0.026851851851851852
2 0.3541666666666667 0.6106481481481482 0.0375 0.11944444444444445
2 0.3203125 0.6166666666666667 0.052083333333333336 0.12592592592592594
2 0.4940104166666667 0.6060185185185185 0.058854166666666666 0.12685185185185185
2 0.44817708333333334 0.6162037037037037 0.07447916666666667 0.14166666666666666
2 0.7440104166666667 0.6060185185185185 0.1046875 0.18796296296296297
2 0.5744791666666667 0.6212962962962963 0.10520833333333333 0.19444444444444445
2 0.8742187499999999 0.5953703703703704 0.10572916666666667 0.16111111111111112