0 0.24010416666666667 0.5259259259259259 0.021875 0.04259259259259259
1 0.49374999999999997 0.6208333333333333 0.029166666666666667 0.058333333333333334
0 0.5361979166666666 0.6291666666666667 0.03802083333333333 0.06018518518518519
0 0.6380208333333334 0.5671296296296297 0.02395833333333333 0.04537037037037037
0 0.6755208333333333 0.5578703703703703 0.029166666666666667 0.04722222222222222
0 0.7854166666666667 0.5472222222222223 0.030208333333333334 0.044444444444444446
0 0.83671875 0.5402777777777777 0.0265625 0.04722222222222222
0 0.9562499999999999 0.500462962962963 0.013541666666666667 0.019444444444444445
1 0.9718749999999999 0.5055555555555555 0.010416666666666666 0.018518518518518517
2 0.5481770833333334 0.788888888888889 0.24010416666666667 0.4203703703703704
2 0.8557291666666667 0.6722222222222223 0.18229166666666666 0.32592592592592595
2 0.6953125 0.712962962962963 0.18854166666666666 0.3666666666666667
2 0.25 0.6 0.08541666666666667 0.19444444444444445