0 0.25338541666666664 0.6152777777777778 0.034895833333333334 0.0638888888888889
1 0.6463541666666667 0.6175925925925926 0.036458333333333336 0.06851851851851852
1 0.7328125 0.7018518518518518 0.04375 0.09074074074074075
1 0.7786458333333334 0.6990740740740741 0.041666666666666664 0.08703703703703704
0 0.8950520833333333 0.5 0.0109375 0.018518518518518517
1 0.20833333333333334 0.47824074074074074 0.007291666666666667 0.010185185185185186
0 0.07369791666666667 0.4708333333333333 0.005729166666666666 0.008333333333333333
0 0.06770833333333333 0.47314814814814815 0.005208333333333333 0.009259259259259259
2 0.8197916666666667 0.8240740740740741 0.31354166666666666 0.35000000000000003
2 0.6307291666666667 0.7675925925925926 0.16041666666666665 0.3888888888888889
2 0.2708333333333333 0.7805555555555556 0.20104166666666667 0.41481481481481486