0 0.675 0.6402777777777778 0.06145833333333333 0.08796296296296297
0 0.7328125 0.6652777777777779 0.051041666666666666 0.09166666666666667
0 0.16171875 0.47314814814814815 0.0067708333333333336 0.012962962962962964
0 0.15546875 0.4740740740740741 0.005729166666666666 0.011111111111111112
0 0.2838541666666667 0.48055555555555557 0.00625 0.012962962962962964
1 0.2895833333333333 0.47870370370370374 0.005208333333333333 0.011111111111111112
0 0.31744791666666666 0.4800925925925926 0.008854166666666666 0.015740740740740743
1 0.33567708333333335 0.4851851851851852 0.005729166666666666 0.011111111111111112
1 0.34296875 0.4861111111111111 0.0067708333333333336 0.012962962962962964
0 0.521875 0.48564814814814816 0.007291666666666667 0.01388888888888889
2 0.7630208333333334 0.7967592592592593 0.2916666666666667 0.4046296296296297