0 0.571875 0.5097222222222222 0.034375 0.062037037037037036
1 0.5466145833333333 0.5023148148148149 0.0265625 0.06944444444444445
1 0.36302083333333335 0.5310185185185186 0.03125 0.06574074074074074
1 0.3052083333333333 0.5324074074074074 0.03229166666666666 0.06296296296296297
0 0.6484375 0.4273148148148148 0.010416666666666666 0.019444444444444445
0 0.58828125 0.4277777777777778 0.0078125 0.016666666666666666
0 0.3145833333333333 0.41620370370370374 0.00625 0.012037037037037037
0 0.3104166666666667 0.4199074074074074 0.00625 0.012037037037037037
0 0.4986979166666667 0.425462962962963 0.0067708333333333336 0.015740740740740743
0 0.4934895833333333 0.4287037037037037 0.0067708333333333336 0.014814814814814815
2 0.36354166666666665 0.6893518518518519 0.17916666666666667 0.3824074074074074
2 0.5848958333333333 0.6509259259259259 0.159375 0.3611111111111111