1 0.11953124999999999 0.6148148148148148 0.033854166666666664 0.08148148148148149
1 0.10104166666666667 0.5430555555555556 0.027083333333333334 0.05648148148148149
1 0.07473958333333333 0.5523148148148148 0.0265625 0.05277777777777778
0 0.30364583333333334 0.47453703703703703 0.009375 0.015740740740740743
0 0.31145833333333334 0.4791666666666667 0.008333333333333333 0.01388888888888889
0 0.39036458333333335 0.4847222222222222 0.011979166666666666 0.019444444444444445
0 0.39869791666666665 0.4847222222222222 0.0078125 0.019444444444444445
0 0.5403645833333334 0.49074074074074076 0.0109375 0.016666666666666666
0 0.7770833333333333 0.49259259259259264 0.010416666666666666 0.022222222222222223
0 0.7661458333333333 0.49074074074074076 0.0125 0.020370370370370372
2 0.13098958333333333 0.7833333333333333 0.1890625 0.4314814814814815
2 0.11953124999999999 0.6569444444444444 0.1203125 0.28425925925925927