0 0.03671875 0.5805555555555556 0.0359375 0.06666666666666667
0 0.1515625 0.47222222222222227 0.00625 0.012962962962962964
0 0.15520833333333334 0.47222222222222227 0.005208333333333333 0.011111111111111112
0 0.16015625 0.47314814814814815 0.008854166666666666 0.014814814814814815
0 0.41380208333333335 0.48240740740740745 0.0078125 0.016666666666666666
0 0.4231770833333333 0.48194444444444445 0.0078125 0.015740740740740743
1 0.3247395833333333 0.5583333333333333 0.03177083333333333 0.06666666666666667
1 0.29244791666666664 0.5726851851851852 0.03177083333333333 0.05277777777777778
1 0.1140625 0.612037037037037 0.040625 0.07592592592592592
2 0.13463541666666667 0.7842592592592593 0.19010416666666666 0.42962962962962964
2 0.34296875 0.7055555555555556 0.1546875 0.35185185185185186
2 0.05807291666666667 0.7097222222222223 0.11510416666666666 0.3101851851851852