0 0.18541666666666667 0.587962962962963 0.04479166666666667 0.061111111111111116
1 0.18333333333333332 0.5361111111111111 0.03333333333333333 0.05740740740740741
1 0.11692708333333333 0.6185185185185186 0.04739583333333333 0.08518518518518518
1 0.4518229166666667 0.5893518518518519 0.0390625 0.062037037037037036
1 0.49505208333333334 0.5740740740740741 0.04114583333333333 0.07037037037037037
1 0.7041666666666666 0.4953703703703704 0.013541666666666667 0.022222222222222223
0 0.6916666666666667 0.4930555555555556 0.015625 0.019444444444444445
0 0.9106770833333333 0.500462962962963 0.015104166666666667 0.028703703703703703
0 0.9283854166666666 0.5041666666666667 0.015104166666666667 0.026851851851851852
2 0.13828125 0.7856481481481482 0.1890625 0.42685185185185187
2 0.49192708333333335 0.7375 0.14635416666666667 0.39537037037037037
2 0.22109375 0.7388888888888889 0.1453125 0.362962962962963
2 0.20755208333333333 0.6726851851851852 0.15260416666666665 0.3101851851851852