0 0.7192708333333333 0.3763888888888889 0.017708333333333333 0.021296296296296296
0 0.20104166666666667 0.34861111111111115 0.02395833333333333 0.04351851851851852
0 0.04088541666666667 0.3231481481481482 0.009895833333333333 0.020370370370370372
0 0.032552083333333336 0.3212962962962963 0.0109375 0.022222222222222223
0 0.30104166666666665 0.33425925925925926 0.009375 0.012962962962962964
0 0.08098958333333334 0.33287037037037037 0.009895833333333333 0.02314814814814815
0 0.07526041666666666 0.33055555555555555 0.0067708333333333336 0.020370370370370372
2 0.71328125 0.42083333333333334 0.050520833333333334 0.11203703703703705
2 0.2015625 0.4115740740740741 0.04895833333333333 0.16203703703703703
2 0.4557291666666667 0.3842592592592593 0.030208333333333334 0.08148148148148149
2 0.30026041666666664 0.3652777777777778 0.0234375 0.07314814814814816
2 0.08255208333333333 0.3699074074074074 0.030729166666666665 0.10462962962962963
2 0.04010416666666666 0.3574074074074074 0.028125 0.0962962962962963