0 0.55546875 0.6041666666666667 0.0703125 0.1527777777777778
0 0.5322916666666666 0.3861111111111111 0.029166666666666667 0.0462962962962963
0 0.23880208333333333 0.3560185185185185 0.0265625 0.04166666666666667
0 0.12317708333333333 0.3550925925925926 0.022395833333333334 0.03796296296296296
1 0.5059895833333333 0.576388888888889 0.06510416666666667 0.125
1 0.8169270833333333 0.4416666666666667 0.033854166666666664 0.07037037037037037
1 0.83984375 0.4587962962962963 0.0328125 0.062037037037037036
2 0.84921875 0.6032407407407407 0.16614583333333333 0.38796296296296295
2 0.534375 0.48240740740740745 0.09166666666666666 0.2555555555555556
2 0.5765625 0.7523148148148149 0.2895833333333333 0.4935185185185185
2 0.2453125 0.4291666666666667 0.05520833333333333 0.18611111111111112
2 0.12734375 0.42685185185185187 0.049479166666666664 0.1814814814814815