0 0.5690104166666666 0.4763888888888889 0.0484375 0.09722222222222222
0 0.6526041666666667 0.3731481481481482 0.009375 0.020370370370370372
0 0.6619791666666667 0.3731481481481482 0.009375 0.018518518518518517
0 0.20026041666666666 0.3527777777777778 0.022395833333333334 0.03518518518518519
0 0.14401041666666667 0.34120370370370373 0.013020833333333334 0.028703703703703703
1 0.7434895833333334 0.4398148148148148 0.030729166666666665 0.061111111111111116
2 0.7528645833333333 0.5972222222222222 0.1578125 0.37222222222222223
2 0.64921875 0.41250000000000003 0.04635416666666667 0.10648148148148148
2 0.578125 0.6828703703703703 0.19270833333333334 0.5027777777777778
2 0.20546875 0.41481481481481486 0.0484375 0.16296296296296298
2 0.14661458333333333 0.3902777777777778 0.044270833333333336 0.13240740740740742