1 0.33177083333333335 0.6273148148148149 0.07916666666666666 0.125
1 0.29921875 0.575462962962963 0.06927083333333334 0.125
1 0.5526041666666667 0.36342592592592593 0.01875 0.04166666666666667
0 0.5703125 0.3731481481481482 0.019791666666666666 0.0462962962962963
0 0.6239583333333333 0.4587962962962963 0.03958333333333333 0.0787037037037037
0 0.6609375 0.44722222222222224 0.046875 0.08148148148148149
0 0.027083333333333334 0.33287037037037037 0.014583333333333334 0.028703703703703703
1 0.9567708333333333 0.5796296296296296 0.06875 0.12407407407407407
2 0.35104166666666664 0.763425925925926 0.27291666666666664 0.4712962962962963
2 0.029166666666666667 0.3805555555555556 0.0375 0.12962962962962962
2 0.5692708333333333 0.4351851851851852 0.07395833333333333 0.19074074074074074
2 0.6755208333333333 0.6111111111111112 0.16145833333333334 0.41481481481481486