0 0.07005208333333333 0.4138888888888889 0.03802083333333333 0.07037037037037037
0 0.10572916666666667 0.3995370370370371 0.036458333333333336 0.06944444444444445
0 0.6841145833333333 0.2791666666666667 0.0265625 0.058333333333333334
0 0.703125 0.2888888888888889 0.02395833333333333 0.053703703703703705
0 0.8736979166666666 0.26342592592592595 0.022395833333333334 0.03796296296296296
0 0.87890625 0.24120370370370373 0.021354166666666667 0.032407407407407406
0 0.9807291666666667 0.20231481481481484 0.015625 0.026851851851851852
0 0.9880208333333333 0.19398148148148148 0.011458333333333333 0.025
2 0.07942708333333333 0.575462962962963 0.15572916666666667 0.42129629629629634
2 0.9796874999999999 0.25324074074074077 0.03958333333333333 0.13611111111111113
2 0.8830729166666667 0.337037037037037 0.06197916666666667 0.21851851851851853
2 0.7026041666666667 0.3962962962962963 0.0875 0.2925925925925926