0 0.47291666666666665 0.39583333333333337 0.020833333333333332 0.03981481481481482
0 0.48854166666666665 0.38842592592592595 0.01875 0.04351851851851852
1 0.49921875 0.42129629629629634 0.019270833333333334 0.02962962962962963
1 0.7057291666666666 0.3652777777777778 0.009375 0.021296296296296296
0 0.7161458333333334 0.3421296296296296 0.015625 0.021296296296296296
0 0.71796875 0.3601851851851852 0.018229166666666668 0.02592592592592593
0 0.82265625 0.3300925925925926 0.0109375 0.025
0 0.82265625 0.3138888888888889 0.0140625 0.014814814814814815
2 0.4747395833333333 0.49722222222222223 0.09114583333333333 0.26296296296296295
2 0.8236979166666667 0.3685185185185185 0.0453125 0.13518518518518519
2 0.7151041666666667 0.41250000000000003 0.06145833333333333 0.16944444444444445