0 0.7755208333333333 0.32175925925925924 0.016666666666666666 0.036111111111111115
0 0.7841145833333333 0.3101851851851852 0.0171875 0.031481481481481485
1 0.42135416666666664 0.48240740740740745 0.03958333333333333 0.08888888888888889
1 0.4588541666666667 0.475462962962963 0.04479166666666667 0.09351851851851853
1 0.8458333333333333 0.3041666666666667 0.0125 0.025
1 0.8557291666666667 0.300462962962963 0.010416666666666666 0.028703703703703703
1 0.8861979166666667 0.33981481481481485 0.0140625 0.03333333333333333
1 0.8981770833333333 0.33287037037037037 0.0140625 0.030555555555555558
2 0.8973958333333333 0.4101851851851852 0.058333333333333334 0.1925925925925926
2 0.47994791666666664 0.6962962962962963 0.1890625 0.5314814814814816
2 0.7815104166666667 0.3800925925925926 0.058854166666666666 0.1638888888888889
2 0.8442708333333333 0.35185185185185186 0.0375 0.13703703703703704
2 0.85 0.34490740740740744 0.030208333333333334 0.11574074074074074