1 0.23098958333333333 0.45925925925925926 0.0390625 0.07777777777777778
1 0.16796875 0.3689814814814815 0.0140625 0.02314814814814815
1 0.3255208333333333 0.38981481481481484 0.008333333333333333 0.02592592592592593
1 0.33619791666666665 0.38657407407407407 0.013020833333333334 0.03425925925925926
1 0.5768229166666666 0.3851851851851852 0.0140625 0.031481481481481485
2 0.5716145833333334 0.4527777777777778 0.07552083333333333 0.1574074074074074
2 0.26979166666666665 0.4138888888888889 0.029166666666666667 0.12407407407407407
2 0.47552083333333334 0.4398148148148148 0.041666666666666664 0.14074074074074075
2 0.16796875 0.4199074074074074 0.04010416666666666 0.13240740740740742
2 0.32395833333333335 0.4527777777777778 0.04895833333333333 0.16481481481481483
2 0.2520833333333333 0.6333333333333333 0.228125 0.4166666666666667