1 0.40911458333333334 0.4217592592592593 0.0296875 0.05462962962962963
1 0.5760416666666667 0.3925925925925926 0.017708333333333333 0.031481481481481485
1 0.22109375 0.37453703703703706 0.0109375 0.017592592592592594
1 0.2125 0.3717592592592593 0.011458333333333333 0.02314814814814815
1 0.2677083333333333 0.3689814814814815 0.0125 0.02314814814814815
1 0.11979166666666667 0.36064814814814816 0.011458333333333333 0.01388888888888889
2 0.5716145833333334 0.4527777777777778 0.07552083333333333 0.1574074074074074
2 0.26901041666666664 0.4138888888888889 0.027604166666666666 0.12407407407407407
2 0.47578125 0.4398148148148148 0.04114583333333333 0.14074074074074075
2 0.12005208333333334 0.4050925925925926 0.034895833333333334 0.11388888888888889
2 0.21276041666666667 0.4273148148148148 0.0421875 0.13240740740740742
2 0.41875 0.5583333333333333 0.08854166666666667 0.3277777777777778