1 0.06744791666666666 0.412962962962963 0.0265625 0.044444444444444446
1 0.75 0.4351851851851852 0.030208333333333334 0.06666666666666667
1 0.5760416666666667 0.39212962962962966 0.020833333333333332 0.032407407407407406
1 0.27057291666666666 0.3648148148148148 0.015104166666666667 0.02592592592592593
1 0.09869791666666666 0.36064814814814816 0.015104166666666667 0.025
2 0.09895833333333333 0.4 0.029166666666666667 0.10555555555555556
2 0.5625 0.4527777777777778 0.057291666666666664 0.15925925925925927
2 0.27265625 0.4152777777777778 0.034895833333333334 0.11388888888888889
2 0.47213541666666664 0.44027777777777777 0.04635416666666667 0.14537037037037037
2 0.07578125 0.5083333333333333 0.06614583333333333 0.23148148148148148
2 0.73671875 0.5592592592592592 0.13072916666666667 0.29814814814814816