1 0.3755208333333333 0.48888888888888893 0.03333333333333333 0.07592592592592592
1 0.29973958333333334 0.39490740740740743 0.015104166666666667 0.03425925925925926
1 0.5768229166666666 0.3888888888888889 0.019270833333333334 0.031481481481481485
1 0.026041666666666668 0.3800925925925926 0.014583333333333334 0.030555555555555558
1 0.05520833333333333 0.3472222222222222 0.013541666666666667 0.022222222222222223
2 0.5625 0.4527777777777778 0.057291666666666664 0.15925925925925927
2 0.27265625 0.4152777777777778 0.034895833333333334 0.11388888888888889
2 0.47213541666666664 0.44027777777777777 0.04635416666666667 0.14537037037037037
2 0.3854166666666667 0.6722222222222223 0.12708333333333333 0.4462962962962963
2 0.29322916666666665 0.45740740740740743 0.05520833333333333 0.17037037037037037
2 0.031510416666666666 0.43703703703703706 0.043229166666666666 0.15185185185185185