1 0.3359375 0.4175925925925926 0.035416666666666666 0.061111111111111116
1 0.14479166666666665 0.3731481481481482 0.013541666666666667 0.02777777777777778
1 0.5783854166666667 0.3875 0.0234375 0.036111111111111115
0 0.6833333333333333 0.4291666666666667 0.022916666666666665 0.05277777777777778
0 0.7114583333333333 0.4365740740740741 0.034375 0.058333333333333334
2 0.5625 0.4527777777777778 0.057291666666666664 0.15925925925925927
2 0.27265625 0.4152777777777778 0.034895833333333334 0.11388888888888889
2 0.47213541666666664 0.44027777777777777 0.04635416666666667 0.14537037037037037
2 0.14453125 0.4189814814814815 0.0296875 0.11944444444444445
2 0.6768229166666666 0.5398148148148149 0.11927083333333333 0.2740740740740741
2 0.35078125 0.5412037037037037 0.10572916666666667 0.30833333333333335