1 0.5216145833333333 0.41203703703703703 0.028645833333333332 0.05
1 0.5752604166666666 0.3856481481481482 0.0171875 0.03981481481481482
1 0.06145833333333333 0.39490740740740743 0.01875 0.04166666666666667
0 0.48828125 0.48240740740740745 0.04010416666666666 0.08148148148148149
0 0.48411458333333335 0.4439814814814815 0.0453125 0.03796296296296296
2 0.5619791666666667 0.4527777777777778 0.05625 0.16111111111111112
2 0.47552083333333334 0.4439814814814815 0.040625 0.14166666666666666
2 0.28541666666666665 0.425 0.05 0.14444444444444446
2 0.28671875 0.44953703703703707 0.05677083333333333 0.1824074074074074
2 0.11432291666666666 0.3990740740740741 0.030729166666666665 0.11111111111111112
2 0.22708333333333333 0.4 0.05416666666666667 0.10740740740740741
2 0.5333333333333333 0.5 0.06354166666666666 0.21666666666666667
2 0.50859375 0.6763888888888889 0.17864583333333334 0.5212962962962964
2 0.06875 0.45555555555555555 0.058333333333333334 0.17962962962962964