1 0.5721354166666667 0.38981481481481484 0.018229166666666668 0.044444444444444446
1 0.35390625 0.3837962962962963 0.0171875 0.036111111111111115
1 0.171875 0.37592592592592594 0.014583333333333334 0.02592592592592593
0 0.41119791666666666 0.4671296296296297 0.0453125 0.0787037037037037
2 0.56484375 0.45416666666666666 0.06302083333333333 0.16203703703703703
2 0.47109375 0.4425925925925926 0.049479166666666664 0.1462962962962963
2 0.27369791666666665 0.41574074074074074 0.03802083333333333 0.11481481481481481
2 0.1953125 0.39814814814814814 0.04479166666666667 0.10555555555555556
2 0.17708333333333334 0.4300925925925926 0.051041666666666666 0.13240740740740742
2 0.35 0.45972222222222225 0.06041666666666667 0.18055555555555555
2 0.42552083333333335 0.6527777777777778 0.165625 0.4537037037037037