0 0.53515625 0.40324074074074073 0.027604166666666666 0.058333333333333334
0 0.019270833333333334 0.40185185185185185 0.02395833333333333 0.03518518518518519
1 0.10807291666666667 0.42685185185185187 0.0234375 0.040740740740740744
1 0.11796875 0.46851851851851856 0.022395833333333334 0.040740740740740744
1 0.57265625 0.39166666666666666 0.0203125 0.037037037037037035
2 0.5643229166666667 0.4527777777777778 0.0609375 0.1574074074074074
2 0.46640624999999997 0.4412037037037037 0.059895833333333336 0.14351851851851852
2 0.43723958333333335 0.38657407407407407 0.030729166666666665 0.08425925925925926
2 0.2703125 0.41620370370370374 0.03125 0.11018518518518519
2 0.08229166666666667 0.40694444444444444 0.028125 0.11018518518518519
2 0.5302083333333333 0.5060185185185185 0.08958333333333333 0.25092592592592594
2 0.11744791666666667 0.5203703703703704 0.0734375 0.23148148148148148
2 0.0234375 0.47314814814814815 0.04583333333333333 0.19444444444444445