0 0.31145833333333334 0.4550925925925926 0.03333333333333333 0.062037037037037036
1 0.2872395833333333 0.44953703703703707 0.028645833333333332 0.06759259259259259
1 0.6395833333333333 0.5157407407407407 0.034375 0.07962962962962963
1 0.665625 0.5865740740740741 0.036458333333333336 0.06574074074074074
1 0.6080729166666666 0.5148148148148148 0.043229166666666666 0.08148148148148149
1 0.0265625 0.3990740740740741 0.01875 0.044444444444444446
1 0.01328125 0.3944444444444445 0.015104166666666667 0.03888888888888889
1 0.5723958333333333 0.3912037037037037 0.019791666666666666 0.036111111111111115
0 0.49713541666666666 0.40324074074074073 0.025520833333333333 0.05092592592592593
2 0.5645833333333333 0.4527777777777778 0.06145833333333333 0.1574074074074074
2 0.4661458333333333 0.4412037037037037 0.059375 0.14351851851851852
2 0.4328125 0.3912037037037037 0.03854166666666667 0.09351851851851853
2 0.21562499999999998 0.40046296296296297 0.03854166666666667 0.09907407407407408
2 0.2703125 0.41620370370370374 0.03125 0.11018518518518519
2 0.052083333333333336 0.38703703703703707 0.027083333333333334 0.08888888888888889
2 0.19973958333333333 0.4416666666666667 0.043229166666666666 0.16481481481481483
2 0.49140625 0.4990740740740741 0.0828125 0.23148148148148148
2 0.6630208333333333 0.7152777777777778 0.22604166666666667 0.500925925925926
2 0.315625 0.5828703703703704 0.11562499999999999 0.3490740740740741
2 0.03125 0.47500000000000003 0.06041666666666667 0.20370370370370372