1 0.5744791666666667 0.3907407407407408 0.022916666666666665 0.03333333333333333
1 0.27734375 0.44537037037037036 0.0328125 0.06296296296296297
1 0.24322916666666666 0.4425925925925926 0.034375 0.06296296296296297
0 0.1984375 0.37592592592592594 0.017708333333333333 0.040740740740740744
2 0.56484375 0.4527777777777778 0.06197916666666667 0.1574074074074074
2 0.4661458333333333 0.4412037037037037 0.059375 0.14351851851851852
2 0.4322916666666667 0.3912037037037037 0.0375 0.09351851851851853
2 0.21588541666666666 0.40046296296296297 0.0390625 0.09907407407407408
2 0.27057291666666666 0.41620370370370374 0.03177083333333333 0.11018518518518519
2 0.07213541666666666 0.40601851851851856 0.030729166666666665 0.11574074074074074
2 0.19609375 0.4375 0.0421875 0.14907407407407408
2 0.27708333333333335 0.5782407407407407 0.11458333333333333 0.3453703703703704