1 0.3033854166666667 0.4203703703703704 0.022395833333333334 0.03888888888888889
1 0.2794270833333333 0.42638888888888893 0.022395833333333334 0.03981481481481482
1 0.07786458333333333 0.437962962962963 0.024479166666666666 0.05555555555555556
1 0.5744791666666667 0.3888888888888889 0.01875 0.040740740740740744
2 0.5651041666666666 0.4527777777777778 0.0625 0.1574074074074074
2 0.46588541666666666 0.4412037037037037 0.059895833333333336 0.14351851851851852
2 0.42994791666666665 0.39212962962962966 0.034895833333333334 0.09537037037037037
2 0.21614583333333334 0.40046296296296297 0.03958333333333333 0.09907407407407408
2 0.2713541666666667 0.41620370370370374 0.03125 0.11018518518518519
2 0.3015625 0.5240740740740741 0.08125 0.2555555555555556
2 0.08072916666666667 0.5532407407407408 0.078125 0.2935185185185185