0 0.121875 0.43703703703703706 0.03229166666666666 0.06851851851851852
0 0.31744791666666666 0.37777777777777777 0.0140625 0.02962962962962963
0 0.3325520833333333 0.38333333333333336 0.015104166666666667 0.02962962962962963
1 0.56875 0.39305555555555555 0.016666666666666666 0.036111111111111115
0 0.1734375 0.37592592592592594 0.011458333333333333 0.02962962962962963
2 0.56484375 0.4564814814814815 0.06510416666666667 0.16666666666666669
2 0.3375 0.44027777777777777 0.06875 0.1564814814814815
2 0.475 0.4416666666666667 0.041666666666666664 0.14444444444444446
2 0.27317708333333335 0.4138888888888889 0.034895833333333334 0.12037037037037038
2 0.1734375 0.4324074074074074 0.041666666666666664 0.1425925925925926
2 0.11979166666666667 0.576388888888889 0.0875 0.3472222222222222