0 0.6135416666666667 0.5453703703703704 0.06770833333333333 0.1277777777777778
0 0.08567708333333333 0.4078703703703704 0.027604166666666666 0.05277777777777778
0 0.43255208333333334 0.38472222222222224 0.018229166666666668 0.03981481481481482
0 0.45208333333333334 0.38657407407407407 0.017708333333333333 0.04166666666666667
1 0.5682291666666667 0.39166666666666666 0.015625 0.037037037037037035
2 0.5645833333333333 0.45601851851851855 0.06458333333333333 0.16574074074074074
2 0.4578125 0.4532407407407408 0.071875 0.17500000000000002
2 0.475 0.4416666666666667 0.041666666666666664 0.14444444444444446
2 0.27317708333333335 0.4138888888888889 0.034895833333333334 0.12037037037037038
2 0.05807291666666667 0.38981481481481484 0.027604166666666666 0.09444444444444444
2 0.6359375 0.7407407407407408 0.259375 0.5166666666666667
2 0.09322916666666667 0.5115740740740741 0.071875 0.25833333333333336