1 0.6911458333333333 0.44212962962962965 0.025 0.06018518518518519
1 0.7166666666666667 0.4342592592592593 0.029166666666666667 0.05555555555555556
0 0.24661458333333333 0.4115740740740741 0.030729166666666665 0.05092592592592593
0 0.9026041666666667 0.5768518518518518 0.078125 0.15
1 0.9755208333333333 0.4365740740740741 0.028125 0.05092592592592593
1 0.5736979166666667 0.39166666666666666 0.0140625 0.031481481481481485
1 0.4627604166666667 0.3861111111111111 0.013020833333333334 0.031481481481481485
2 0.9497395833333333 0.5560185185185186 0.09947916666666666 0.28055555555555556
2 0.5609375 0.4527777777777778 0.05520833333333333 0.15925925925925927
2 0.4661458333333333 0.4425925925925926 0.059375 0.1425925925925926
2 0.27239583333333334 0.4166666666666667 0.03958333333333333 0.11481481481481481
2 0.24635416666666665 0.5120370370370371 0.08645833333333333 0.24629629629629632
2 0.8828125 0.750462962962963 0.23333333333333334 0.49722222222222223
2 0.69765625 0.5546296296296297 0.15989583333333332 0.30185185185185187