0 0.5361979166666666 0.41203703703703703 0.022395833333333334 0.05185185185185186
0 0.49192708333333335 0.40694444444444444 0.021354166666666667 0.04166666666666667
0 0.51484375 0.4115740740740741 0.021354166666666667 0.04537037037037037
1 0.9671875 0.44583333333333336 0.02395833333333333 0.04351851851851852
1 0.5734375 0.38981481481481484 0.017708333333333333 0.03333333333333333
0 0.013541666666666667 0.39351851851851855 0.019791666666666666 0.037037037037037035
1 0.46249999999999997 0.3837962962962963 0.0125 0.028703703703703703
2 0.9502604166666666 0.5555555555555556 0.0984375 0.2814814814814815
2 0.5609375 0.4527777777777778 0.05520833333333333 0.15925925925925927
2 0.4661458333333333 0.4425925925925926 0.059375 0.1425925925925926
2 0.27239583333333334 0.4166666666666667 0.03958333333333333 0.11481481481481481
2 0.0234375 0.4671296296296297 0.04479166666666667 0.1824074074074074
2 0.09114583333333333 0.4027777777777778 0.0375 0.10925925925925926
2 0.48984374999999997 0.4935185185185185 0.07239583333333333 0.21296296296296297
2 0.5255208333333333 0.5333333333333333 0.1125 0.2888888888888889