1 0.9674479166666666 0.4449074074074074 0.027604166666666666 0.06018518518518519
0 0.24583333333333332 0.3819444444444445 0.011458333333333333 0.026851851851851852
0 0.25729166666666664 0.38287037037037036 0.011458333333333333 0.026851851851851852
0 0.13958333333333334 0.38101851851851853 0.01875 0.03981481481481482
1 0.5747395833333333 0.3893518518518519 0.0171875 0.036111111111111115
1 0.46249999999999997 0.38796296296296295 0.0125 0.02777777777777778
2 0.9502604166666666 0.5555555555555556 0.0984375 0.2814814814814815
2 0.5606770833333333 0.4527777777777778 0.0546875 0.15925925925925927
2 0.4661458333333333 0.4425925925925926 0.059375 0.1425925925925926
2 0.27239583333333334 0.4166666666666667 0.03958333333333333 0.11481481481481481
2 0.25 0.4444444444444445 0.046875 0.1537037037037037
2 0.13567708333333334 0.44027777777777777 0.0421875 0.1564814814814815