1 0.9716145833333333 0.44212962962962965 0.025520833333333333 0.05648148148148149
0 0.8380208333333333 0.45046296296296295 0.03125 0.05277777777777778
0 0.8825520833333333 0.44351851851851853 0.0328125 0.06296296296296297
1 0.465625 0.38657407407407407 0.013541666666666667 0.030555555555555558
0 0.12942708333333333 0.36574074074074076 0.0078125 0.018518518518518517
1 0.1359375 0.3652777777777778 0.009375 0.021296296296296296
1 0.575 0.3902777777777778 0.013541666666666667 0.026851851851851852
2 0.95 0.5550925925925926 0.09895833333333333 0.28240740740740744
2 0.5606770833333333 0.4527777777777778 0.0546875 0.15925925925925927
2 0.4661458333333333 0.4425925925925926 0.059375 0.1425925925925926
2 0.27239583333333334 0.4166666666666667 0.03958333333333333 0.11481481481481481
2 0.8325520833333333 0.5740740740740741 0.15364583333333334 0.32222222222222224
2 0.12942708333333333 0.41481481481481486 0.034895833333333334 0.12037037037037038
2 0.053125 0.4013888888888889 0.030208333333333334 0.10462962962962963