1 0.6690104166666666 0.40925925925925927 0.025520833333333333 0.05185185185185186
1 0.6986979166666667 0.4310185185185185 0.024479166666666666 0.05277777777777778
1 0.6807291666666666 0.45833333333333337 0.017708333333333333 0.040740740740740744
1 0.09739583333333333 0.43703703703703706 0.02395833333333333 0.0462962962962963
1 0.09505208333333333 0.41250000000000003 0.027604166666666666 0.04166666666666667
0 0.30885416666666665 0.3851851851851852 0.01875 0.04259259259259259
1 0.5729166666666666 0.39212962962962966 0.016666666666666666 0.030555555555555558
1 0.46953125 0.3907407407407408 0.0140625 0.031481481481481485
0 0.3294270833333333 0.37962962962962965 0.0171875 0.03333333333333333
2 0.2721354166666667 0.4152777777777778 0.03697916666666667 0.1212962962962963
2 0.565625 0.45231481481481484 0.06354166666666666 0.15833333333333333
2 0.4744791666666667 0.4425925925925926 0.04375 0.1425925925925926
2 0.33307291666666666 0.4388888888888889 0.043229166666666666 0.15
2 0.29765625 0.4625 0.0609375 0.19351851851851853
2 0.1 0.5402777777777777 0.078125 0.2935185185185185
2 0.6645833333333333 0.5185185185185185 0.10416666666666667 0.26296296296296295