1 0.57109375 0.3902777777777778 0.018229166666666668 0.030555555555555558
1 0.14635416666666667 0.4064814814814815 0.015625 0.03888888888888889
1 0.019791666666666666 0.4175925925925926 0.017708333333333333 0.037037037037037035
1 0.010677083333333334 0.40324074074074073 0.018229166666666668 0.03981481481481482
0 0.4942708333333333 0.38333333333333336 0.016666666666666666 0.03888888888888889
0 0.25703125 0.3814814814814815 0.011979166666666666 0.02592592592592593
0 0.2669270833333333 0.3773148148148148 0.013020833333333334 0.030555555555555558
2 0.46640624999999997 0.44583333333333336 0.057812499999999996 0.13611111111111113
2 0.27109375 0.41250000000000003 0.0328125 0.11388888888888889
2 0.5614583333333333 0.45462962962962966 0.052083333333333336 0.1574074074074074
2 0.10364583333333333 0.4046296296296297 0.030208333333333334 0.11666666666666667
2 0.2598958333333333 0.44351851851851853 0.05 0.16666666666666669
2 0.49765624999999997 0.45462962962962966 0.049479166666666664 0.1814814814814815
2 0.14869791666666665 0.49259259259259264 0.07135416666666666 0.21296296296296297
2 0.021875 0.4865740740740741 0.04375 0.2101851851851852