0 0.5283854166666666 0.3875 0.019270833333333334 0.04351851851851852
1 0.4080729166666667 0.45462962962962966 0.0265625 0.061111111111111116
1 0.15494791666666666 0.46851851851851856 0.027604166666666666 0.05
1 0.14817708333333332 0.4425925925925926 0.027604166666666666 0.04814814814814815
1 0.571875 0.3912037037037037 0.015625 0.032407407407407406
0 0.014583333333333334 0.39212962962962966 0.017708333333333333 0.04166666666666667
2 0.46640624999999997 0.44537037037037036 0.057812499999999996 0.13703703703703704
2 0.27109375 0.41250000000000003 0.0328125 0.11388888888888889
2 0.5614583333333333 0.45462962962962966 0.052083333333333336 0.1574074074074074
2 0.05963541666666666 0.3842592592592593 0.0265625 0.0925925925925926
2 0.13880208333333333 0.41620370370370374 0.034895833333333334 0.1287037037037037
2 0.5354166666666667 0.475462962962963 0.05416666666666667 0.2138888888888889
2 0.41354166666666664 0.5981481481481482 0.13229166666666667 0.3574074074074074
2 0.16223958333333333 0.5912037037037037 0.10781249999999999 0.33981481481481485
2 0.02421875 0.46990740740740744 0.04635416666666667 0.19166666666666668