0 0.8049479166666667 0.41064814814814815 0.033854166666666664 0.06574074074074074
0 0.44036458333333334 0.525462962962963 0.06302083333333333 0.11018518518518519
1 0.20208333333333334 0.45231481481481484 0.02395833333333333 0.06759259259259259
1 0.571875 0.3907407407407408 0.014583333333333334 0.02962962962962963
1 0.46484375 0.39305555555555555 0.011979166666666666 0.026851851851851852
2 0.46640624999999997 0.4439814814814815 0.057812499999999996 0.1398148148148148
2 0.27109375 0.41250000000000003 0.0328125 0.11388888888888889
2 0.56171875 0.45462962962962966 0.05260416666666667 0.1574074074074074
2 0.80859375 0.5365740740740741 0.11822916666666666 0.3027777777777778
2 0.4674479166666667 0.737037037037037 0.22343749999999998 0.5240740740740741
2 0.20364583333333333 0.5884259259259259 0.10520833333333333 0.3416666666666667