1 0.92578125 0.6097222222222223 0.06927083333333334 0.14722222222222223
1 0.8635416666666667 0.6402777777777778 0.06458333333333333 0.11574074074074074
1 0.36744791666666665 0.39722222222222225 0.0234375 0.0462962962962963
1 0.46432291666666664 0.39490740740740743 0.011979166666666666 0.026851851851851852
1 0.6192708333333333 0.40324074074074073 0.027083333333333334 0.05277777777777778
2 0.46640624999999997 0.44351851851851853 0.057812499999999996 0.14074074074074075
2 0.2713541666666667 0.41250000000000003 0.03229166666666666 0.11388888888888889
2 0.5619791666666667 0.45462962962962966 0.053125 0.1574074074074074
2 0.8794270833333333 0.7680555555555556 0.24010416666666667 0.4620370370370371
2 0.5994791666666667 0.5296296296296297 0.11666666666666667 0.3074074074074074
2 0.3658854166666667 0.4814814814814815 0.06614583333333333 0.20555555555555557