0 0.6677083333333333 0.4328703703703704 0.022916666666666665 0.05648148148148149
1 0.7013020833333333 0.4439814814814815 0.024479166666666666 0.05648148148148149
0 0.5348958333333333 0.3995370370370371 0.021875 0.049074074074074076
0 0.55234375 0.4064814814814815 0.028645833333333332 0.05555555555555556
0 0.3411458333333333 0.42083333333333334 0.03229166666666666 0.06944444444444445
0 0.384375 0.3861111111111111 0.03125 0.05925925925925926
1 0.46380208333333334 0.3875 0.0109375 0.028703703703703703
2 0.3658854166666667 0.4726851851851852 0.0828125 0.22314814814814815
2 0.35078125 0.5421296296296296 0.0953125 0.3101851851851852
2 0.46640624999999997 0.4439814814814815 0.058854166666666666 0.14166666666666666
2 0.5322916666666666 0.5087962962962963 0.096875 0.2601851851851852
2 0.6729166666666666 0.5583333333333333 0.11979166666666667 0.29814814814814816