1 0.7682291666666666 0.4291666666666667 0.025 0.05462962962962963
1 0.8088541666666667 0.4356481481481482 0.028125 0.058333333333333334
1 0.7911458333333333 0.49259259259259264 0.016666666666666666 0.037037037037037035
1 0.57578125 0.3907407407407408 0.015104166666666667 0.031481481481481485
1 0.4708333333333333 0.38657407407407407 0.0125 0.028703703703703703
0 0.08046875 0.3541666666666667 0.013020833333333334 0.02314814814814815
2 0.5619791666666667 0.45416666666666666 0.057291666666666664 0.15833333333333333
2 0.2721354166666667 0.4166666666666667 0.0359375 0.11481481481481481
2 0.034895833333333334 0.38101851851851853 0.026041666666666668 0.09166666666666667
2 0.0859375 0.40231481481481485 0.03125 0.10462962962962963
2 0.7682291666666666 0.5476851851851852 0.11354166666666667 0.28611111111111115