0 0.5049479166666666 0.39583333333333337 0.024479166666666666 0.05462962962962963
1 0.384375 0.40092592592592596 0.01875 0.037037037037037035
1 0.36432291666666666 0.3944444444444445 0.019270833333333334 0.03888888888888889
1 0.5765625 0.38796296296296295 0.014583333333333334 0.031481481481481485
1 0.46979166666666666 0.3902777777777778 0.0125 0.028703703703703703
0 0.0640625 0.39305555555555555 0.01875 0.03796296296296296
2 0.5619791666666667 0.45416666666666666 0.057291666666666664 0.15833333333333333
2 0.2721354166666667 0.4166666666666667 0.0359375 0.11481481481481481
2 0.36953125 0.4689814814814815 0.05677083333333333 0.1787037037037037
2 0.49921875 0.5148148148148148 0.09322916666666667 0.2777777777777778
2 0.06588541666666667 0.46944444444444444 0.057812499999999996 0.1925925925925926