1 0.359375 0.38101851851851853 0.014583333333333334 0.028703703703703703
1 0.375 0.40231481481481485 0.010416666666666666 0.025
1 0.36171875 0.42453703703703705 0.011979166666666666 0.028703703703703703
1 0.5736979166666667 0.3907407407407408 0.01614583333333333 0.031481481481481485
1 0.4700520833333333 0.3912037037037037 0.0109375 0.025
0 0.11744791666666667 0.35879629629629634 0.0109375 0.02314814814814815
0 0.19270833333333334 0.3712962962962963 0.013541666666666667 0.02777777777777778
2 0.11640625 0.40370370370370373 0.0328125 0.11481481481481481
2 0.27239583333333334 0.4166666666666667 0.034375 0.11666666666666667
2 0.18932291666666667 0.4217592592592593 0.049479166666666664 0.13240740740740742
2 0.35859375 0.45925925925925926 0.058854166666666666 0.18333333333333335
2 0.5638020833333334 0.45416666666666666 0.059895833333333336 0.1564814814814815