1 0.05364583333333333 0.40601851851851856 0.020833333333333332 0.04722222222222222
1 0.053906249999999996 0.45601851851851855 0.021354166666666667 0.04722222222222222
0 0.7018229166666666 0.42592592592592593 0.027604166666666666 0.05925925925925926
1 0.5747395833333333 0.38981481481481484 0.015104166666666667 0.02962962962962963
0 0.17057291666666666 0.36944444444444446 0.011979166666666666 0.024074074074074074
0 0.190625 0.36203703703703705 0.011458333333333333 0.024074074074074074
1 0.26666666666666666 0.3819444444444445 0.011458333333333333 0.025
2 0.2716145833333333 0.4166666666666667 0.0328125 0.11666666666666667
2 0.19609375 0.4013888888888889 0.030729166666666665 0.10833333333333334
2 0.2609375 0.4310185185185185 0.04375 0.14537037037037037
2 0.5638020833333334 0.45416666666666666 0.059895833333333336 0.1564814814814815
2 0.17005208333333333 0.4203703703703704 0.043229166666666666 0.12962962962962962
2 0.057812499999999996 0.5120370370370371 0.06979166666666667 0.26296296296296295
2 0.6890625 0.5476851851851852 0.12291666666666666 0.2972222222222222