1 0.7713541666666667 0.5587962962962963 0.07291666666666667 0.12685185185185185
1 0.803125 0.7023148148148148 0.06354166666666666 0.1175925925925926
0 0.6278645833333333 0.4314814814814815 0.0265625 0.05
0 0.28463541666666664 0.37824074074074077 0.021354166666666667 0.03796296296296296
1 0.5744791666666667 0.3907407407407408 0.016666666666666666 0.031481481481481485
0 0.134375 0.3787037037037037 0.013541666666666667 0.031481481481481485
0 0.20729166666666665 0.35694444444444445 0.009375 0.021296296296296296
2 0.27109375 0.4166666666666667 0.03177083333333333 0.11666666666666667
2 0.20625 0.39722222222222225 0.030208333333333334 0.10555555555555556
2 0.5638020833333334 0.45416666666666666 0.059895833333333336 0.1564814814814815
2 0.13489583333333333 0.4365740740740741 0.042708333333333334 0.1527777777777778
2 0.8111979166666666 0.7467592592592592 0.3171875 0.5046296296296297
2 0.28359375 0.4550925925925926 0.05364583333333333 0.17314814814814816
2 0.6276041666666666 0.5393518518518519 0.11145833333333333 0.26944444444444443