0 0.31744791666666666 0.425 0.0265625 0.06666666666666667
0 0.140625 0.3736111111111111 0.011458333333333333 0.025
0 0.19114583333333332 0.35694444444444445 0.009375 0.021296296296296296
0 0.09088541666666666 0.35879629629629634 0.008854166666666666 0.019444444444444445
1 0.2760416666666667 0.36712962962962964 0.014583333333333334 0.025
1 0.5744791666666667 0.3907407407407408 0.016666666666666666 0.03333333333333333
2 0.2700520833333333 0.41620370370370374 0.0296875 0.11574074074074074
2 0.19453125 0.3990740740740741 0.0328125 0.10740740740740741
2 0.5640625 0.45416666666666666 0.06041666666666667 0.1564814814814815
2 0.3263020833333333 0.5587962962962963 0.09739583333333333 0.325
2 0.090625 0.39583333333333337 0.028125 0.09907407407407408
2 0.14140625 0.42129629629629634 0.0359375 0.12407407407407407