0 0.5231770833333333 0.45925925925925926 0.0484375 0.09074074074074075
1 0.44296874999999997 0.3925925925925926 0.025520833333333333 0.04814814814814815
0 0.15989583333333332 0.41481481481481486 0.028125 0.05740740740740741
1 0.5682291666666667 0.38981481481481484 0.014583333333333334 0.02962962962962963
0 0.21458333333333332 0.3736111111111111 0.0125 0.030555555555555558
2 0.465625 0.4444444444444445 0.06041666666666667 0.1425925925925926
2 0.2721354166666667 0.4134259259259259 0.034895833333333334 0.11574074074074074
2 0.5635416666666666 0.45462962962962966 0.05520833333333333 0.15925925925925927
2 0.21510416666666665 0.44583333333333336 0.052083333333333336 0.17314814814814816
2 0.5354166666666667 0.6606481481481482 0.1875 0.487962962962963
2 0.1734375 0.5263888888888889 0.07916666666666666 0.28425925925925927
2 0.44479166666666664 0.48333333333333334 0.075 0.22592592592592595