1 0.53359375 0.5481481481481482 0.03802083333333333 0.0925925925925926
1 0.56015625 0.6620370370370371 0.0390625 0.07407407407407407
1 0.5046875 0.5708333333333333 0.03125 0.06944444444444445
0 0.5729166666666666 0.4217592592592593 0.027083333333333334 0.05277777777777778
0 0.5971354166666667 0.425462962962963 0.0234375 0.04722222222222222
1 0.46197916666666666 0.3888888888888889 0.011458333333333333 0.02777777777777778
1 0.03671875 0.39212962962962966 0.01614583333333333 0.032407407407407406
2 0.2716145833333333 0.41435185185185186 0.033854166666666664 0.11203703703703705
2 0.4661458333333333 0.44351851851851853 0.059375 0.14074074074074075
2 0.5630208333333333 0.45462962962962966 0.059375 0.1574074074074074
2 0.5736979166666667 0.5319444444444444 0.0921875 0.275
2 0.5583333333333333 0.7462962962962963 0.22708333333333333 0.5055555555555555
2 0.04140625 0.47175925925925927 0.05572916666666666 0.20462962962962963