1 0.32057291666666665 0.4425925925925926 0.0359375 0.08333333333333334
0 0.39817708333333335 0.39351851851851855 0.0171875 0.037037037037037035
1 0.5731770833333333 0.3907407407407408 0.01614583333333333 0.03333333333333333
1 0.4622395833333333 0.38796296296296295 0.009895833333333333 0.024074074074074074
0 0.26119791666666664 0.3819444444444445 0.013020833333333334 0.030555555555555558
0 0.271875 0.3842592592592593 0.0125 0.02592592592592593
2 0.27109375 0.41435185185185186 0.0328125 0.11203703703703705
2 0.4661458333333333 0.44351851851851853 0.059375 0.14074074074074075
2 0.5630208333333333 0.45462962962962966 0.059375 0.1574074074074074
2 0.26458333333333334 0.44907407407407407 0.04895833333333333 0.16481481481481483
2 0.3885416666666667 0.4791666666666667 0.06041666666666667 0.20833333333333334
2 0.325 0.6199074074074075 0.12604166666666666 0.4305555555555556