1 0.9765625 0.4416666666666667 0.030208333333333334 0.05555555555555556
1 0.5739583333333333 0.38981481481481484 0.014583333333333334 0.02962962962962963
0 0.2677083333333333 0.3842592592592593 0.0125 0.02777777777777778
0 0.25625 0.3888888888888889 0.013541666666666667 0.024074074074074074
1 0.46328125 0.39166666666666666 0.0109375 0.022222222222222223
2 0.95078125 0.5532407407407408 0.09739583333333333 0.28055555555555556
2 0.4661458333333333 0.4430555555555556 0.06041666666666667 0.14351851851851852
2 0.5627604166666667 0.4550925925925926 0.058854166666666666 0.16018518518518518
2 0.2721354166666667 0.4185185185185185 0.0390625 0.11481481481481481
2 0.2598958333333333 0.44351851851851853 0.051041666666666666 0.15555555555555556
2 0.06614583333333333 0.3842592592592593 0.025 0.08888888888888889