0 0.5265625 0.46342592592592596 0.036458333333333336 0.08981481481481482
1 0.5356770833333333 0.5263888888888889 0.03177083333333333 0.06574074074074074
1 0.49192708333333335 0.47824074074074074 0.027604166666666666 0.06759259259259259
1 0.97734375 0.4449074074074074 0.024479166666666666 0.058333333333333334
1 0.5744791666666667 0.3907407407407408 0.015625 0.03333333333333333
1 0.46432291666666664 0.3893518518518519 0.011979166666666666 0.028703703703703703
1 0.020572916666666666 0.39305555555555555 0.0109375 0.030555555555555558
2 0.9505208333333334 0.5532407407407408 0.09791666666666667 0.28055555555555556
2 0.46588541666666666 0.4425925925925926 0.059895833333333336 0.1425925925925926
2 0.5630208333333333 0.4550925925925926 0.059375 0.16018518518518518
2 0.27239583333333334 0.4185185185185185 0.03958333333333333 0.11481481481481481
2 0.53515625 0.6523148148148148 0.1703125 0.45833333333333337
2 0.02395833333333333 0.44907407407407407 0.042708333333333334 0.14444444444444446