0 0.5372395833333333 0.40925925925925927 0.0234375 0.05555555555555556
0 0.3645833333333333 0.39814814814814814 0.021875 0.0462962962962963
1 0.46640624999999997 0.3856481481481482 0.0140625 0.030555555555555558
0 0.12838541666666667 0.3666666666666667 0.013020833333333334 0.02777777777777778
1 0.0296875 0.38101851851851853 0.011458333333333333 0.026851851851851852
0 0.06614583333333333 0.36712962962962964 0.011458333333333333 0.02314814814814815
2 0.4666666666666667 0.4416666666666667 0.05625 0.1425925925925926
2 0.61171875 0.4342592592592593 0.0453125 0.15185185185185185
2 0.0734375 0.4083333333333333 0.0375 0.10740740740740741
2 0.12604166666666666 0.41481481481481486 0.035416666666666666 0.12592592592592594
2 0.029427083333333333 0.4425925925925926 0.04114583333333333 0.15185185185185185
2 0.36015625 0.4912037037037037 0.07447916666666667 0.22314814814814815
2 0.5325520833333334 0.5074074074074074 0.09739583333333333 0.2425925925925926