0 0.35494791666666664 0.39722222222222225 0.022395833333333334 0.044444444444444446
0 0.225 0.3837962962962963 0.017708333333333333 0.032407407407407406
1 0.46588541666666666 0.3814814814814815 0.0140625 0.02777777777777778
0 0.11666666666666667 0.36203703703703705 0.0125 0.024074074074074074
0 0.12786458333333334 0.3662037037037037 0.0109375 0.025
0 0.07265625 0.3675925925925926 0.013020833333333334 0.022222222222222223
1 0.0328125 0.39583333333333337 0.013541666666666667 0.03796296296296296
2 0.46640624999999997 0.44027777777777777 0.05677083333333333 0.14537037037037037
2 0.61328125 0.4337962962962963 0.0453125 0.15092592592592594
2 0.07239583333333333 0.4083333333333333 0.03958333333333333 0.10740740740740741
2 0.11484375 0.4087962962962963 0.0328125 0.11574074074074074
2 0.03177083333333333 0.46990740740740744 0.057291666666666664 0.18981481481481483
2 0.22083333333333333 0.4625 0.05416666666666667 0.18796296296296297
2 0.3455729166666667 0.4800925925925926 0.09322916666666667 0.20462962962962963