1 0.18333333333333332 0.41435185185185186 0.019791666666666666 0.05462962962962963
0 0.15 0.3768518518518519 0.0125 0.024074074074074074
0 0.12994791666666666 0.3648148148148148 0.011979166666666666 0.022222222222222223
0 0.075 0.3662037037037037 0.009375 0.017592592592592594
0 0.11588541666666667 0.3597222222222222 0.011979166666666666 0.02314814814814815
1 0.45989583333333334 0.37824074074074077 0.0125 0.026851851851851852
1 0.6171875 0.4115740740740741 0.030208333333333334 0.09907407407407408
2 0.46640624999999997 0.4388888888888889 0.05677083333333333 0.14814814814814814
2 0.61484375 0.4328703703703704 0.0453125 0.15092592592592594
2 0.07135416666666666 0.4083333333333333 0.041666666666666664 0.10740740740740741
2 0.11432291666666666 0.4087962962962963 0.03177083333333333 0.11574074074074074
2 0.19479166666666667 0.5148148148148148 0.0875 0.2537037037037037
2 0.14765625 0.44212962962962965 0.043229166666666666 0.15833333333333333
2 0.19375 0.45462962962962966 0.04375 0.17222222222222222