1 0.56640625 0.46111111111111114 0.03802083333333333 0.0925925925925926
1 0.5372395833333333 0.48055555555555557 0.034895833333333334 0.07407407407407407
0 0.14348958333333334 0.3773148148148148 0.015104166666666667 0.028703703703703703
0 0.1140625 0.36203703703703705 0.0125 0.02592592592592593
0 0.12786458333333334 0.36712962962962964 0.011979166666666666 0.026851851851851852
1 0.46041666666666664 0.37824074074074077 0.010416666666666666 0.02314814814814815
2 0.4661458333333333 0.4388888888888889 0.05625 0.14814814814814814
2 0.6158854166666666 0.43333333333333335 0.0453125 0.15185185185185185
2 0.11380208333333333 0.4087962962962963 0.030729166666666665 0.11574074074074074
2 0.5903645833333333 0.6393518518518518 0.19010416666666666 0.44537037037037036
2 0.14036458333333332 0.43333333333333335 0.030729166666666665 0.14444444444444446
2 0.14453125 0.44074074074074077 0.03802083333333333 0.1537037037037037