1 0.42526041666666664 0.5222222222222223 0.0484375 0.11111111111111112
1 0.4614583333333333 0.37824074074074077 0.0125 0.028703703703703703
0 0.14166666666666666 0.36435185185185187 0.010416666666666666 0.021296296296296296
0 0.16875 0.3675925925925926 0.014583333333333334 0.02592592592592593
0 0.11458333333333333 0.36203703703703705 0.0125 0.022222222222222223
0 0.07265625 0.3662037037037037 0.0109375 0.017592592592592594
2 0.4661458333333333 0.4388888888888889 0.05625 0.14814814814814814
2 0.6184895833333334 0.4342592592592593 0.0453125 0.1537037037037037
2 0.11276041666666667 0.4087962962962963 0.028645833333333332 0.11574074074074074
2 0.4296875 0.7333333333333334 0.18333333333333332 0.5314814814814816
2 0.14010416666666667 0.41712962962962963 0.036458333333333336 0.13055555555555556
2 0.17604166666666665 0.4203703703703704 0.03958333333333333 0.1277777777777778