0 0.9210937499999999 0.4375 0.0390625 0.0638888888888889
0 0.04791666666666666 0.37962962962962965 0.016666666666666666 0.03333333333333333
1 0.5057291666666667 0.3703703703703704 0.011458333333333333 0.02592592592592593
0 0.6018229166666667 0.375462962962963 0.011979166666666666 0.02314814814814815
0 0.0796875 0.3574074074074074 0.009375 0.016666666666666666
2 0.5106770833333333 0.4277777777777778 0.06614583333333333 0.1425925925925926
2 0.26848958333333334 0.4027777777777778 0.0296875 0.11666666666666667
2 0.5981770833333333 0.43842592592592594 0.049479166666666664 0.1638888888888889
2 0.08125 0.3944444444444445 0.027083333333333334 0.0962962962962963
2 0.05182291666666666 0.45416666666666666 0.0515625 0.1824074074074074
2 0.9080729166666667 0.5680555555555555 0.15989583333333332 0.3175925925925926