1 0.10416666666666667 0.425462962962963 0.030208333333333334 0.05648148148148149
0 0.23229166666666667 0.375462962962963 0.013541666666666667 0.028703703703703703
0 0.21276041666666667 0.3699074074074074 0.013020833333333334 0.02314814814814815
0 0.5984375 0.3712962962962963 0.014583333333333334 0.02777777777777778
1 0.50390625 0.36944444444444446 0.0109375 0.020370370370370372
2 0.5106770833333333 0.4287037037037037 0.06614583333333333 0.14074074074074075
2 0.26979166666666665 0.40324074074074073 0.03229166666666666 0.1175925925925926
2 0.5916666666666667 0.4356481481481482 0.05625 0.16203703703703703
2 0.1125 0.5518518518518519 0.07916666666666666 0.31851851851851853
2 0.20807291666666666 0.42083333333333334 0.0328125 0.1287037037037037
2 0.22890625 0.4398148148148148 0.0546875 0.1574074074074074