1 0.8341145833333333 0.5657407407407408 0.049479166666666664 0.11296296296296297
1 0.7703125 0.5412037037037037 0.042708333333333334 0.09166666666666667
0 0.86796875 0.4365740740740741 0.033854166666666664 0.06944444444444445
0 0.8447916666666666 0.4291666666666667 0.0375 0.07314814814814816
0 0.5296875 0.4027777777777778 0.027083333333333334 0.05
0 0.5161458333333333 0.4134259259259259 0.022916666666666665 0.05277777777777778
0 0.037760416666666664 0.3912037037037037 0.0140625 0.036111111111111115
1 0.46380208333333334 0.3902777777777778 0.015104166666666667 0.032407407407407406
0 0.11692708333333333 0.3625 0.011979166666666666 0.025
2 0.46640624999999997 0.4444444444444445 0.0609375 0.1388888888888889
2 0.13515625 0.41481481481481486 0.0390625 0.12592592592592594
2 0.07161458333333333 0.4115740740740741 0.043229166666666666 0.10648148148148148
2 0.18463541666666666 0.41250000000000003 0.034895833333333334 0.11944444444444445
2 0.128125 0.42962962962962964 0.04583333333333333 0.1462962962962963
2 0.8583333333333333 0.750462962962963 0.28229166666666666 0.49722222222222223
2 0.11171874999999999 0.40925925925925927 0.0328125 0.11851851851851852
2 0.5122395833333333 0.5097222222222222 0.11197916666666667 0.25833333333333336
2 0.8408854166666666 0.5736111111111112 0.1703125 0.3527777777777778
2 0.03958333333333333 0.45 0.04583333333333333 0.15555555555555556