0 0.5505208333333333 0.4115740740740741 0.028125 0.05462962962962963
0 0.5359375 0.4050925925925926 0.026041666666666668 0.05648148148148149
0 0.33229166666666665 0.3944444444444445 0.020833333333333332 0.04814814814814815
0 0.15390625 0.4138888888888889 0.021354166666666667 0.05
2 0.46640624999999997 0.4444444444444445 0.0609375 0.1388888888888889
2 0.13515625 0.41435185185185186 0.0390625 0.125
2 0.071875 0.4115740740740741 0.042708333333333334 0.10648148148148148
2 0.184375 0.4134259259259259 0.034375 0.11944444444444445
2 0.07760416666666667 0.4185185185185185 0.03958333333333333 0.13148148148148148
2 0.11171874999999999 0.4087962962962963 0.0328125 0.1175925925925926
2 0.3263020833333333 0.47870370370370374 0.0796875 0.21481481481481482
2 0.5333333333333333 0.5157407407407407 0.11145833333333333 0.27037037037037037
2 0.15390625 0.4986111111111111 0.06510416666666667 0.22314814814814815