0 0.54921875 0.47314814814814815 0.034895833333333334 0.07962962962962963
1 0.521875 0.4740740740740741 0.03125 0.06296296296296297
0 0.35182291666666665 0.3925925925925926 0.022395833333333334 0.037037037037037035
0 0.34348958333333335 0.3902777777777778 0.021354166666666667 0.036111111111111115
0 0.22395833333333334 0.3824074074074074 0.01875 0.03518518518518519
0 0.9757812499999999 0.7083333333333334 0.04635416666666667 0.17777777777777778
0 0.13567708333333334 0.362962962962963 0.009895833333333333 0.020370370370370372
2 0.4661458333333333 0.4444444444444445 0.06041666666666667 0.1388888888888889
2 0.13515625 0.41435185185185186 0.0390625 0.125
2 0.07213541666666666 0.4115740740740741 0.0421875 0.10648148148148148
2 0.18385416666666665 0.41435185185185186 0.03333333333333333 0.11944444444444445
2 0.058854166666666666 0.4101851851851852 0.036458333333333336 0.12037037037037038
2 0.11197916666666667 0.4087962962962963 0.03333333333333333 0.1175925925925926
2 0.22343749999999998 0.45601851851851855 0.057291666666666664 0.18425925925925926
2 0.3411458333333333 0.4842592592592593 0.08333333333333333 0.22592592592592595
2 0.5541666666666667 0.6361111111111112 0.15104166666666666 0.40555555555555556