0 0.33984375 0.7060185185185186 0.13177083333333334 0.21203703703703705
0 0.3731770833333333 0.4439814814814815 0.033854166666666664 0.06759259259259259
0 0.34921875 0.4444444444444445 0.0265625 0.061111111111111116
0 0.07942708333333333 0.4277777777777778 0.0296875 0.061111111111111116
0 0.11875 0.3875 0.016666666666666666 0.04537037037037037
0 0.026302083333333334 0.3458333333333333 0.0109375 0.021296296296296296
1 0.10598958333333333 0.4305555555555556 0.025520833333333333 0.05185185185185186
1 0.4627604166666667 0.3875 0.0109375 0.02314814814814815
1 0.26901041666666664 0.3648148148148148 0.0109375 0.018518518518518517
2 0.4744791666666667 0.4416666666666667 0.042708333333333334 0.1462962962962963
2 0.27317708333333335 0.4138888888888889 0.0359375 0.12222222222222223
2 0.38958333333333334 0.5949074074074074 0.12395833333333334 0.3675925925925926
2 0.13125 0.4652777777777778 0.053125 0.20462962962962963
2 0.11067708333333333 0.5518518518518519 0.1203125 0.32037037037037036