0 0.45598958333333334 0.6944444444444444 0.09427083333333333 0.21666666666666667
0 0.4395833333333333 0.4236111111111111 0.030208333333333334 0.06759259259259259
0 0.4705729166666667 0.3976851851851852 0.019270833333333334 0.036111111111111115
0 0.79296875 0.48055555555555557 0.05364583333333333 0.1
1 0.8546874999999999 0.4949074074074074 0.052083333333333336 0.10462962962962963
1 0.3377604166666667 0.40092592592592596 0.009895833333333333 0.020370370370370372
2 0.4747395833333333 0.4416666666666667 0.043229166666666666 0.1462962962962963
2 0.27317708333333335 0.4138888888888889 0.0359375 0.12222222222222223
2 0.46770833333333334 0.7921296296296296 0.240625 0.4138888888888889
2 0.45651041666666664 0.5777777777777778 0.1296875 0.3740740740740741
2 0.8624999999999999 0.7106481481481481 0.2739583333333333 0.5768518518518518
2 0.4518229166666667 0.4842592592592593 0.07135416666666666 0.2111111111111111