1 0.46041666666666664 0.3888888888888889 0.011458333333333333 0.02777777777777778
1 0.5705729166666667 0.3944444444444445 0.015104166666666667 0.031481481481481485
0 0.3169270833333333 0.38472222222222224 0.0171875 0.036111111111111115
0 0.5119791666666667 0.3699074074074074 0.013541666666666667 0.028703703703703703
0 0.8408854166666666 0.4342592592592593 0.0296875 0.05185185185185186
0 0.8825520833333333 0.4287037037037037 0.0296875 0.06481481481481481
2 0.5640625 0.4550925925925926 0.06145833333333333 0.16018518518518518
2 0.5177083333333333 0.4310185185185185 0.040625 0.15833333333333333
2 0.46640624999999997 0.44212962962962965 0.0609375 0.14537037037037037
2 0.27421875 0.4152777777777778 0.04010416666666666 0.1175925925925926
2 0.8403645833333333 0.5569444444444445 0.15885416666666666 0.3231481481481482
2 0.31484375 0.45925925925925926 0.058854166666666666 0.19074074074074074