1 0.4083333333333333 0.600462962962963 0.025 0.049074074074074076
0 0.39036458333333335 0.6101851851851852 0.024479166666666666 0.05185185185185186
0 0.13984375 0.5731481481481482 0.0140625 0.02962962962962963
0 0.12916666666666665 0.5740740740740741 0.013541666666666667 0.02962962962962963
2 0.13229166666666667 0.6328703703703704 0.0625 0.16018518518518518
2 0.3841145833333333 0.7194444444444444 0.11510416666666666 0.2851851851851852
2 0.04244791666666667 0.663425925925926 0.08177083333333333 0.18611111111111112
2 0.23958333333333334 0.6791666666666667 0.1 0.23055555555555557
2 0.2955729166666667 0.6722222222222223 0.059895833333333336 0.20555555555555557
2 0.42578125 0.6699074074074074 0.05677083333333333 0.24166666666666667
2 0.28046875 0.8032407407407408 0.13489583333333333 0.39166666666666666
2 0.03723958333333333 0.6935185185185185 0.05572916666666666 0.2425925925925926