0 0.6026041666666666 0.6074074074074074 0.040625 0.07592592592592592
0 0.5205729166666666 0.5907407407407408 0.025520833333333333 0.05555555555555556
1 0.2559895833333333 0.5824074074074075 0.018229166666666668 0.03333333333333333
1 0.065625 0.6310185185185185 0.028125 0.058333333333333334
0 0.13776041666666666 0.5708333333333333 0.0140625 0.028703703703703703
0 0.12734375 0.5703703703703704 0.011979166666666666 0.024074074074074074
0 0.09453125 0.5986111111111111 0.0203125 0.03425925925925926
1 0.11484375 0.5990740740740741 0.019270833333333334 0.03518518518518519
0 0.026041666666666668 0.5837962962962964 0.019791666666666666 0.03425925925925926
1 0.290625 0.5921296296296297 0.017708333333333333 0.036111111111111115
2 0.13203125 0.6324074074074074 0.06197916666666667 0.16111111111111112
2 0.0953125 0.6842592592592592 0.06875 0.22222222222222224
2 0.043229166666666666 0.6638888888888889 0.08333333333333333 0.18703703703703706
2 0.24192708333333332 0.6777777777777778 0.09947916666666666 0.22962962962962963
2 0.2955729166666667 0.6722222222222223 0.059895833333333336 0.20555555555555557
2 0.5200520833333333 0.6990740740740741 0.10572916666666667 0.27037037037037037
2 0.6296875 0.763425925925926 0.21458333333333332 0.3805555555555556
2 0.07994791666666666 0.7759259259259259 0.1359375 0.3592592592592593