0 0.8231770833333333 0.5912037037037037 0.030729166666666665 0.06018518518518519
1 0.7864583333333334 0.6 0.022916666666666665 0.05555555555555556
0 0.3885416666666667 0.763425925925926 0.078125 0.13611111111111113
1 0.30364583333333334 0.788425925925926 0.05416666666666667 0.125
1 0.27369791666666665 0.6435185185185185 0.03697916666666667 0.07407407407407407
0 0.15078125 0.5949074074074074 0.0328125 0.0638888888888889
1 0.08723958333333333 0.6087962962962963 0.022395833333333334 0.03981481481481482
1 0.2916666666666667 0.5875 0.017708333333333333 0.036111111111111115
0 0.038802083333333334 0.5847222222222223 0.01614583333333333 0.03425925925925926
2 0.13177083333333334 0.6319444444444444 0.0625 0.16018518518518518
2 0.044270833333333336 0.6643518518518519 0.08541666666666667 0.18796296296296297
2 0.24375 0.6773148148148148 0.1 0.22870370370370371
2 0.2955729166666667 0.6722222222222223 0.059895833333333336 0.20555555555555557
2 0.8416666666666667 0.7203703703703704 0.18854166666666666 0.31851851851851853
2 0.2778645833333333 0.7907407407407407 0.12135416666666667 0.37962962962962965
2 0.3809895833333333 0.8462962962962963 0.2609375 0.3055555555555556
2 0.16953125 0.737037037037037 0.1578125 0.35370370370370374
2 0.07760416666666667 0.7092592592592593 0.09791666666666667 0.2537037037037037