0 0.7682291666666666 0.6157407407407408 0.042708333333333334 0.0925925925925926
1 0.25026041666666665 0.675 0.03697916666666667 0.07962962962962963
1 0.20755208333333333 0.6791666666666667 0.0390625 0.07314814814814816
1 0.07239583333333333 0.6981481481481482 0.03854166666666667 0.08518518518518518
1 0.03177083333333333 0.7435185185185186 0.034375 0.06666666666666667
0 0.018489583333333334 0.5810185185185185 0.019270833333333334 0.032407407407407406
1 0.2583333333333333 0.587962962962963 0.01875 0.03888888888888889
1 0.11614583333333334 0.5907407407407408 0.017708333333333333 0.031481481481481485
0 0.13255208333333332 0.5638888888888889 0.0109375 0.024074074074074074
0 0.11510416666666666 0.5685185185185185 0.016666666666666666 0.02592592592592593
2 0.11536458333333333 0.6300925925925926 0.07239583333333333 0.15833333333333333
2 0.040364583333333336 0.6638888888888889 0.07760416666666667 0.18703703703703706
2 0.24609375 0.6773148148148148 0.1046875 0.22870370370370371
2 0.8013020833333333 0.7842592592592593 0.2713541666666667 0.42962962962962964
2 0.27291666666666664 0.8157407407407408 0.18645833333333334 0.3666666666666667