1 0.33697916666666666 0.6324074074074074 0.02395833333333333 0.05740740740740741
1 0.9122395833333333 0.6129629629629629 0.0265625 0.06481481481481481
1 0.2526041666666667 0.5856481481481481 0.020833333333333332 0.03981481481481482
1 0.14609375 0.587962962962963 0.021354166666666667 0.03333333333333333
0 0.020833333333333332 0.5865740740740741 0.015625 0.03425925925925926
0 0.08541666666666667 0.5662037037037038 0.0125 0.025
0 0.06536458333333334 0.5703703703703704 0.0140625 0.022222222222222223
1 0.3033854166666667 0.6342592592592593 0.024479166666666666 0.05555555555555556
0 0.2875 0.5847222222222223 0.019791666666666666 0.030555555555555558
2 0.07291666666666667 0.6268518518518519 0.06458333333333333 0.15185185185185185
2 0.03984375 0.6657407407407407 0.0765625 0.19074074074074074
2 0.24739583333333334 0.6768518518518519 0.10729166666666666 0.22777777777777777
2 0.8908854166666667 0.7666666666666667 0.2171875 0.3740740740740741
2 0.33958333333333335 0.7814814814814816 0.18541666666666667 0.3851851851851852