1 0.4614583333333333 0.3837962962962963 0.0125 0.026851851851851852
1 0.5731770833333333 0.38842592592592595 0.01614583333333333 0.028703703703703703
1 0.5109375 0.41064814814814815 0.021875 0.04351851851851852
0 0.49921875 0.4064814814814815 0.019270833333333334 0.04259259259259259
0 0.9403645833333333 0.437962962962963 0.0359375 0.06481481481481481
0 0.10963541666666667 0.362962962962963 0.009895833333333333 0.020370370370370372
2 0.11041666666666666 0.4101851851851852 0.03229166666666666 0.11481481481481481
2 0.05416666666666667 0.3791666666666667 0.02395833333333333 0.08796296296296297
2 0.26953125 0.41805555555555557 0.0328125 0.11574074074074074
2 0.46588541666666666 0.4425925925925926 0.0609375 0.14444444444444446
2 0.5651041666666666 0.4550925925925926 0.06354166666666666 0.16203703703703703
2 0.9510416666666667 0.5546296296296297 0.096875 0.2740740740740741
2 0.49895833333333334 0.5236111111111111 0.10520833333333333 0.27870370370370373
2 0.9130208333333333 0.5912037037037037 0.17083333333333334 0.3787037037037037