1 0.4614583333333333 0.3837962962962963 0.0125 0.026851851851851852
1 0.5731770833333333 0.38842592592592595 0.01614583333333333 0.028703703703703703
1 0.9776041666666666 0.44074074074074077 0.02395833333333333 0.05185185185185186
0 0.34010416666666665 0.3875 0.019791666666666666 0.032407407407407406
0 0.16223958333333333 0.4444444444444445 0.033854166666666664 0.06851851851851852
1 0.2046875 0.3814814814814815 0.014583333333333334 0.02962962962962963
2 0.04739583333333333 0.38703703703703707 0.025 0.09074074074074075
2 0.26953125 0.41805555555555557 0.0328125 0.11574074074074074
2 0.4661458333333333 0.4430555555555556 0.06041666666666667 0.14537037037037037
2 0.5653645833333333 0.4550925925925926 0.0640625 0.16203703703703703
2 0.9510416666666667 0.5550925925925926 0.096875 0.275
2 0.20546875 0.4481481481481482 0.05260416666666667 0.17407407407407408
2 0.33671875 0.46481481481481485 0.059895833333333336 0.1925925925925926
2 0.15755208333333334 0.5921296296296297 0.1046875 0.35833333333333334