1 0.4614583333333333 0.3837962962962963 0.0125 0.026851851851851852
1 0.5731770833333333 0.38842592592592595 0.01614583333333333 0.028703703703703703
0 0.46770833333333334 0.40555555555555556 0.017708333333333333 0.040740740740740744
1 0.97890625 0.44212962962962965 0.024479166666666666 0.04722222222222222
0 0.165625 0.3666666666666667 0.010416666666666666 0.020370370370370372
0 0.15677083333333333 0.3689814814814815 0.010416666666666666 0.021296296296296296
1 0.09244791666666667 0.36388888888888893 0.0109375 0.020370370370370372
2 0.26979166666666665 0.41805555555555557 0.03333333333333333 0.11574074074074074
2 0.4661458333333333 0.4430555555555556 0.06041666666666667 0.14537037037037037
2 0.5653645833333333 0.4550925925925926 0.0640625 0.16203703703703703
2 0.9510416666666667 0.5550925925925926 0.096875 0.275
2 0.09322916666666667 0.41574074074074074 0.03958333333333333 0.12407407407407407
2 0.16380208333333332 0.4185185185185185 0.03802083333333333 0.12962962962962962
2 0.46380208333333334 0.49722222222222223 0.08177083333333333 0.22962962962962963