1 0.4614583333333333 0.3837962962962963 0.0125 0.026851851851851852
1 0.5731770833333333 0.38842592592592595 0.01614583333333333 0.028703703703703703
1 0.07161458333333333 0.41111111111111115 0.0171875 0.044444444444444446
0 0.20078125 0.37777777777777777 0.011979166666666666 0.02592592592592593
0 0.7919270833333333 0.42453703703703705 0.027604166666666666 0.05092592592592593
1 0.9807291666666667 0.4398148148148148 0.02395833333333333 0.0462962962962963
2 0.26979166666666665 0.41805555555555557 0.03333333333333333 0.11574074074074074
2 0.46640624999999997 0.4430555555555556 0.059895833333333336 0.14537037037037037
2 0.5653645833333333 0.4550925925925926 0.0640625 0.16203703703703703
2 0.9510416666666667 0.5550925925925926 0.096875 0.275
2 0.038802083333333334 0.3925925925925926 0.03177083333333333 0.1
2 0.090625 0.3944444444444445 0.03125 0.0962962962962963
2 0.20026041666666666 0.4337962962962963 0.0484375 0.14351851851851852
2 0.790625 0.5370370370370371 0.11666666666666667 0.27037037037037037
2 0.07760416666666667 0.5060185185185185 0.059375 0.23796296296296296