1 0.4614583333333333 0.3837962962962963 0.0125 0.026851851851851852
1 0.5731770833333333 0.38842592592592595 0.01614583333333333 0.028703703703703703
1 0.56171875 0.538425925925926 0.043229166666666666 0.09907407407407408
0 0.6997395833333333 0.4328703703703704 0.025520833333333333 0.05277777777777778
0 0.7216145833333333 0.4273148148148148 0.022395833333333334 0.04722222222222222
0 0.58984375 0.41250000000000003 0.019270833333333334 0.04351851851851852
1 0.9786458333333333 0.4393518518518519 0.025 0.049074074074074076
1 0.017708333333333333 0.4 0.016666666666666666 0.03518518518518519
0 0.09635416666666667 0.36064814814814816 0.009375 0.019444444444444445
2 0.26979166666666665 0.41805555555555557 0.03333333333333333 0.11574074074074074
2 0.46640624999999997 0.4430555555555556 0.059895833333333336 0.14537037037037037
2 0.5653645833333333 0.4550925925925926 0.0640625 0.16203703703703703
2 0.9510416666666667 0.5555555555555556 0.096875 0.27592592592592596
2 0.09635416666666667 0.40231481481481485 0.03125 0.10648148148148148
2 0.5880208333333333 0.4986111111111111 0.08854166666666667 0.22314814814814815
2 0.5776041666666667 0.7416666666666667 0.21770833333333334 0.5148148148148148
2 0.6966145833333334 0.5560185185185186 0.13072916666666667 0.30648148148148147
2 0.0265625 0.48240740740740745 0.04895833333333333 0.21296296296296297