1 0.5731770833333333 0.38842592592592595 0.01614583333333333 0.028703703703703703
0 0.14322916666666666 0.4217592592592593 0.027083333333333334 0.05462962962962963
0 0.12578125 0.41712962962962963 0.018229166666666668 0.04351851851851852
0 0.23333333333333334 0.3856481481481482 0.014583333333333334 0.030555555555555558
0 0.41015625 0.3944444444444445 0.0234375 0.03888888888888889
2 0.5697916666666667 0.45416666666666666 0.07083333333333333 0.1564814814814815
2 0.4671875 0.4412037037037037 0.059375 0.1398148148148148
2 0.27291666666666664 0.41481481481481486 0.03854166666666667 0.11666666666666667
2 0.17578125 0.39212962962962966 0.0546875 0.09722222222222222
2 0.23463541666666665 0.4467592592592593 0.044270833333333336 0.15462962962962964
2 0.4083333333333333 0.48240740740740745 0.071875 0.22037037037037038
2 0.14765625 0.5356481481481482 0.0828125 0.28611111111111115