1 0.5731770833333333 0.38842592592592595 0.01614583333333333 0.028703703703703703
0 0.18958333333333333 0.37453703703703706 0.014583333333333334 0.025
0 0.11145833333333333 0.3666666666666667 0.010416666666666666 0.018518518518518517
0 0.26848958333333334 0.3652777777777778 0.013020833333333334 0.02314814814814815
1 0.4692708333333333 0.38796296296296295 0.0125 0.03333333333333333
2 0.56953125 0.45416666666666666 0.0703125 0.1564814814814815
2 0.4671875 0.44212962962962965 0.059375 0.1398148148148148
2 0.27265625 0.4152777777777778 0.0390625 0.1175925925925926
2 0.21119791666666665 0.3939814814814815 0.03802083333333333 0.09722222222222222
2 0.11276041666666667 0.4134259259259259 0.034895833333333334 0.11574074074074074
2 0.19088541666666667 0.43194444444444446 0.04635416666666667 0.14537037037037037