1 0.5731770833333333 0.38842592592592595 0.01614583333333333 0.028703703703703703
0 0.09401041666666667 0.3592592592592593 0.009895833333333333 0.016666666666666666
0 0.04348958333333333 0.3564814814814815 0.009895833333333333 0.018518518518518517
0 0.26901041666666664 0.36435185185185187 0.011979166666666666 0.021296296296296296
1 0.4674479166666667 0.3925925925925926 0.0109375 0.02592592592592593
2 0.5692708333333333 0.45416666666666666 0.07083333333333333 0.1564814814814815
2 0.4669270833333333 0.4430555555555556 0.059895833333333336 0.1398148148148148
2 0.27239583333333334 0.41574074074074074 0.03854166666666667 0.11666666666666667
2 0.21666666666666667 0.39583333333333337 0.03333333333333333 0.09722222222222222
2 0.0453125 0.39305555555555555 0.027083333333333334 0.09166666666666667
2 0.0953125 0.40555555555555556 0.0375 0.11296296296296297