1 0.57265625 0.38657407407407407 0.01614583333333333 0.028703703703703703
0 0.5958333333333333 0.38472222222222224 0.01875 0.036111111111111115
1 0.46770833333333334 0.3888888888888889 0.011458333333333333 0.02962962962962963
1 0.5661458333333333 0.4203703703703704 0.021875 0.0462962962962963
1 0.32916666666666666 0.4 0.016666666666666666 0.03518518518518519
2 0.27239583333333334 0.41435185185185186 0.035416666666666666 0.12314814814814816
2 0.4744791666666667 0.44212962962962965 0.041666666666666664 0.14537037037037037
2 0.5583333333333333 0.4527777777777778 0.05416666666666667 0.16296296296296298
2 0.6033854166666667 0.46342592592592596 0.10885416666666667 0.1953703703703704
2 0.32421875 0.48333333333333334 0.0609375 0.20185185185185187
2 0.56796875 0.5162037037037037 0.09947916666666666 0.23425925925925928