1 0.57265625 0.38657407407407407 0.01614583333333333 0.028703703703703703
0 0.5958333333333333 0.38472222222222224 0.01875 0.036111111111111115
0 0.6591145833333333 0.43842592592592594 0.022395833333333334 0.062037037037037036
0 0.6794270833333333 0.4342592592592593 0.03177083333333333 0.06851851851851852
0 0.8645833333333334 0.4287037037037037 0.027083333333333334 0.05740740740740741
0 0.8294270833333334 0.4291666666666667 0.0296875 0.058333333333333334
1 0.2921875 0.39212962962962966 0.014583333333333334 0.030555555555555558
1 0.18229166666666666 0.38333333333333336 0.0125 0.024074074074074074
1 0.4674479166666667 0.3907407407407408 0.011979166666666666 0.02777777777777778
2 0.27265625 0.41435185185185186 0.034895833333333334 0.12314814814814816
2 0.4744791666666667 0.44212962962962965 0.041666666666666664 0.14537037037037037
2 0.55859375 0.4527777777777778 0.0546875 0.16296296296296298
2 0.6033854166666667 0.46435185185185185 0.10885416666666667 0.19351851851851853
2 0.1796875 0.4412037037037037 0.03958333333333333 0.14722222222222223
2 0.2953125 0.4625 0.05625 0.1675925925925926
2 0.64453125 0.5768518518518518 0.14427083333333332 0.35370370370370374
2 0.81484375 0.5675925925925926 0.15260416666666665 0.337037037037037