1 0.57265625 0.38657407407407407 0.01614583333333333 0.028703703703703703
0 0.5984375 0.3875 0.01875 0.036111111111111115
0 0.21901041666666665 0.3736111111111111 0.011979166666666666 0.02314814814814815
0 0.20859375 0.3731481481481482 0.0109375 0.022222222222222223
0 0.26848958333333334 0.36388888888888893 0.009895833333333333 0.018518518518518517
0 0.10963541666666667 0.3699074074074074 0.0140625 0.02314814814814815
1 0.4674479166666667 0.3893518518518519 0.009895833333333333 0.02314814814814815
2 0.27265625 0.41435185185185186 0.034895833333333334 0.12314814814814816
2 0.4744791666666667 0.44212962962962965 0.041666666666666664 0.14537037037037037
2 0.559375 0.45231481481481484 0.05625 0.16203703703703703
2 0.6033854166666667 0.46574074074074073 0.10885416666666667 0.19074074074074074
2 0.046875 0.40694444444444444 0.028125 0.10277777777777779
2 0.10572916666666667 0.42129629629629634 0.03958333333333333 0.1277777777777778
2 0.21015625 0.43194444444444446 0.0421875 0.14907407407407408