0 0.5619791666666667 0.39212962962962966 0.019791666666666666 0.03796296296296296
0 0.54609375 0.3861111111111111 0.01614583333333333 0.037037037037037035
1 0.7765625 0.41435185185185186 0.02395833333333333 0.04537037037037037
1 0.796875 0.4217592592592593 0.020833333333333332 0.04351851851851852
1 0.8221354166666667 0.4134259259259259 0.0203125 0.049074074074074076
0 0.6903645833333333 0.45740740740740743 0.034895833333333334 0.07962962962962963
0 0.5098958333333333 0.4981481481481482 0.04479166666666667 0.0925925925925926
0 0.36953125 0.4467592592592593 0.033854166666666664 0.0712962962962963
0 0.32369791666666664 0.4226851851851852 0.022395833333333334 0.049074074074074076
1 0.17838541666666666 0.5273148148148148 0.03177083333333333 0.0712962962962963
0 0.15859375 0.40046296296296297 0.019270833333333334 0.03981481481481482
1 0.14401041666666667 0.3962962962962963 0.018229166666666668 0.03888888888888889
0 0.08645833333333333 0.41250000000000003 0.021875 0.05092592592592593
0 0.07682291666666667 0.36574074074074076 0.013020833333333334 0.02777777777777778
1 0.9559895833333333 0.44583333333333336 0.024479166666666666 0.05277777777777778
2 0.9489583333333333 0.5537037037037037 0.10104166666666667 0.2796296296296296
2 0.5705729166666667 0.4666666666666667 0.08385416666666666 0.19444444444444445
2 0.7770833333333333 0.5041666666666667 0.13541666666666666 0.23240740740740742
2 0.71171875 0.6523148148148148 0.19010416666666666 0.47314814814814815
2 0.5125 0.7125 0.21875 0.5120370370370371
2 0.37005208333333334 0.5962962962962963 0.13072916666666667 0.37777777777777777
2 0.32447916666666665 0.5324074074074074 0.06041666666666667 0.27222222222222225
2 0.1921875 0.6953703703703704 0.11354166666666667 0.45925925925925926
2 0.09505208333333333 0.5199074074074074 0.07447916666666667 0.27314814814814814
2 0.1609375 0.4759259259259259 0.0625 0.20925925925925926