0 0.5606770833333333 0.39583333333333337 0.019270833333333334 0.03796296296296296
0 0.5486979166666667 0.38796296296296295 0.01614583333333333 0.037037037037037035
1 0.77578125 0.4189814814814815 0.024479166666666666 0.04537037037037037
1 0.7973958333333333 0.4217592592592593 0.020833333333333332 0.04351851851851852
1 0.8205729166666667 0.41481481481481486 0.0203125 0.04814814814814815
1 0.39427083333333335 0.6208333333333333 0.04895833333333333 0.09537037037037037
1 0.3731770833333333 0.5824074074074075 0.0484375 0.0962962962962963
1 0.24869791666666666 0.4115740740740741 0.0203125 0.049074074074074076
1 0.74296875 0.4361111111111111 0.028645833333333332 0.06851851851851852
1 0.6453125 0.41620370370370374 0.022916666666666665 0.05092592592592593
1 0.9466145833333334 0.45046296296296295 0.027604166666666666 0.05092592592592593
0 0.6794270833333333 0.4861111111111111 0.049479166666666664 0.09814814814814815
0 0.9731770833333333 0.5787037037037037 0.050520833333333334 0.11851851851851852
0 0.5270833333333333 0.4537037037037037 0.03125 0.07222222222222223
0 0.26901041666666664 0.4189814814814815 0.025520833333333333 0.05092592592592593
0 0.19609375 0.45231481481481484 0.030729166666666665 0.06759259259259259
1 0.16119791666666666 0.3768518518518519 0.01614583333333333 0.03518518518518519
2 0.9489583333333333 0.5532407407407408 0.10104166666666667 0.28055555555555556
2 0.5703125 0.46574074074074073 0.08229166666666667 0.1925925925925926
2 0.7763020833333333 0.5041666666666667 0.13697916666666665 0.23240740740740742
2 0.8919270833333334 0.7569444444444444 0.21510416666666665 0.4842592592592593
2 0.6901041666666666 0.7106481481481481 0.24270833333333333 0.5472222222222223
2 0.54453125 0.6175925925925926 0.14635416666666667 0.40370370370370373
2 0.42916666666666664 0.7666666666666667 0.22083333333333333 0.46481481481481485
2 0.62734375 0.5087962962962963 0.07135416666666666 0.23055555555555557
2 0.7484375 0.5796296296296296 0.13645833333333332 0.3648148148148148
2 0.20625 0.6064814814814815 0.10416666666666667 0.3814814814814815
2 0.27447916666666666 0.5328703703703704 0.08645833333333333 0.2953703703703704
2 0.1671875 0.4425925925925926 0.05 0.16481481481481483