0 0.5606770833333333 0.39583333333333337 0.019270833333333334 0.03796296296296296
0 0.5486979166666667 0.38796296296296295 0.01614583333333333 0.037037037037037035
1 0.7736979166666667 0.41620370370370374 0.0203125 0.04166666666666667
1 0.8 0.4240740740740741 0.020833333333333332 0.044444444444444446
1 0.8221354166666667 0.41574074074074074 0.01614583333333333 0.04814814814814815
1 0.3145833333333333 0.40185185185185185 0.022916666666666665 0.053703703703703705
0 0.4627604166666667 0.4537037037037037 0.028645833333333332 0.07222222222222223
0 0.4049479166666667 0.5166666666666667 0.043229166666666666 0.10555555555555556
1 0.54140625 0.4189814814814815 0.024479166666666666 0.049074074074074076
0 0.9020833333333333 0.4939814814814815 0.04583333333333333 0.09537037037037037
1 0.43124999999999997 0.4324074074074074 0.030208333333333334 0.07037037037037037
1 0.96171875 0.4356481481481482 0.024479166666666666 0.049074074074074076
1 0.39791666666666664 0.3939814814814815 0.013541666666666667 0.028703703703703703
2 0.9489583333333333 0.5532407407407408 0.10104166666666667 0.28055555555555556
2 0.5713541666666666 0.46574074074074073 0.08229166666666667 0.1925925925925926
2 0.7755208333333333 0.5041666666666667 0.13854166666666667 0.23240740740740742
2 0.8940104166666667 0.7106481481481481 0.2109375 0.5268518518518519
2 0.3963541666666667 0.4703703703703704 0.06354166666666666 0.19074074074074074
2 0.5455729166666666 0.5356481481481482 0.10364583333333333 0.28611111111111115
2 0.41744791666666664 0.7310185185185185 0.18385416666666665 0.5361111111111111
2 0.47552083333333334 0.6129629629629629 0.12291666666666666 0.4240740740740741
2 0.3140625 0.5055555555555555 0.07291666666666667 0.25925925925925924