0 0.5755208333333334 0.3944444444444445 0.019791666666666666 0.03888888888888889
0 0.5505208333333333 0.39166666666666666 0.016666666666666666 0.037037037037037035
1 0.7736979166666667 0.41620370370370374 0.0203125 0.04166666666666667
1 0.8 0.4240740740740741 0.020833333333333332 0.044444444444444446
1 0.8221354166666667 0.41574074074074074 0.01614583333333333 0.04814814814814815
0 0.6489583333333333 0.42685185185185187 0.03229166666666666 0.07037037037037037
0 0.76796875 0.6097222222222223 0.06510416666666667 0.15092592592592594
0 0.8708333333333333 0.5087962962962963 0.046875 0.10277777777777779
1 0.8156249999999999 0.4902777777777778 0.04791666666666666 0.10648148148148148
1 0.9606770833333333 0.4439814814814815 0.021354166666666667 0.05092592592592593
1 0.4145833333333333 0.40694444444444444 0.022916666666666665 0.04166666666666667
1 0.25625 0.3824074074074074 0.013541666666666667 0.02592592592592593
2 0.9489583333333333 0.5527777777777778 0.10104166666666667 0.2814814814814815
2 0.5721354166666667 0.46620370370370373 0.08177083333333333 0.19351851851851853
2 0.7752604166666667 0.5041666666666667 0.1390625 0.23240740740740742
2 0.2583333333333333 0.4444444444444445 0.04895833333333333 0.15555555555555556
2 0.4153645833333333 0.5037037037037038 0.08177083333333333 0.24629629629629632
2 0.8096354166666666 0.7662037037037037 0.37864583333333335 0.46574074074074073
2 0.8903645833333333 0.7180555555555556 0.21822916666666667 0.5620370370370371
2 0.6638020833333333 0.6013888888888889 0.16822916666666665 0.41574074074074074