1 0.6953125 0.638425925925926 0.03854166666666667 0.07685185185185185
0 0.4453125 0.7439814814814815 0.05520833333333333 0.09722222222222222
1 0.27708333333333335 0.6129629629629629 0.025 0.05555555555555556
0 0.353125 0.5976851851851852 0.027083333333333334 0.049074074074074076
1 0.24244791666666665 0.5875 0.0203125 0.03425925925925926
2 0.03411458333333333 0.6606481481481482 0.06927083333333334 0.19166666666666668
2 0.25390625 0.7115740740740741 0.09635416666666667 0.24722222222222223
2 0.33880208333333334 0.7236111111111111 0.14427083333333332 0.30092592592592593
2 0.7533854166666667 0.7986111111111112 0.19739583333333333 0.40092592592592596
2 0.24687499999999998 0.6800925925925926 0.096875 0.225
2 0.6395833333333333 0.8222222222222223 0.15520833333333334 0.35370370370370374