1 0.7489583333333333 0.6152777777777778 0.03125 0.05462962962962963
0 0.9486979166666667 0.6050925925925926 0.033854166666666664 0.0638888888888889
0 0.58828125 0.6356481481481482 0.049479166666666664 0.09166666666666667
0 0.54140625 0.6375000000000001 0.03802083333333333 0.0787037037037037
0 0.3463541666666667 0.6106481481481482 0.026041666666666668 0.06018518518518519
1 0.054947916666666666 0.587037037037037 0.01614583333333333 0.031481481481481485
2 0.048177083333333336 0.6555555555555556 0.0734375 0.1814814814814815
2 0.5458333333333333 0.7384259259259259 0.10520833333333333 0.27870370370370373
2 0.9166666666666666 0.7578703703703704 0.165625 0.36944444444444446
2 0.34140625 0.7407407407407408 0.13385416666666666 0.32037037037037036
2 0.5236979166666667 0.7949074074074074 0.2265625 0.4083333333333333