1 0.740625 0.6189814814814815 0.02395833333333333 0.04722222222222222
0 0.9481770833333333 0.6060185185185185 0.033854166666666664 0.0638888888888889
1 0.5627604166666667 0.6277777777777778 0.025520833333333333 0.05555555555555556
1 0.4419270833333333 0.6180555555555556 0.0390625 0.075
0 0.46328125 0.5944444444444444 0.0234375 0.044444444444444446
0 0.47109375 0.7912037037037037 0.08489583333333334 0.1527777777777778
0 0.01875 0.5921296296296297 0.017708333333333333 0.036111111111111115
1 0.05651041666666667 0.587962962962963 0.018229166666666668 0.031481481481481485
2 0.04791666666666666 0.6555555555555556 0.07291666666666667 0.1814814814814815
2 0.5466145833333333 0.7384259259259259 0.10677083333333333 0.27870370370370373
2 0.9166666666666666 0.7587962962962963 0.165625 0.3712962962962963
2 0.02734375 0.6805555555555556 0.05364583333333333 0.20925925925925926
2 0.49557291666666664 0.8587962962962963 0.22135416666666666 0.28055555555555556
2 0.4236979166666667 0.775 0.19739583333333333 0.38703703703703707