1 0.5708333333333333 0.3893518518518519 0.015625 0.032407407407407406
0 0.8770833333333333 0.4481481481481482 0.036458333333333336 0.07037037037037037
0 0.9231770833333334 0.44537037037037036 0.04010416666666666 0.06666666666666667
0 0.128125 0.3736111111111111 0.0125 0.021296296296296296
1 0.18671875 0.37777777777777777 0.008854166666666666 0.018518518518518517
2 0.27109375 0.41435185185185186 0.033854166666666664 0.11944444444444445
2 0.46588541666666666 0.44351851851851853 0.059895833333333336 0.14074074074074075
2 0.5658854166666667 0.45462962962962966 0.06302083333333333 0.1574074074074074
2 0.8721354166666666 0.6125 0.20052083333333334 0.39722222222222225
2 0.128125 0.4314814814814815 0.041666666666666664 0.13703703703703704
2 0.18385416666666665 0.425462962962963 0.036458333333333336 0.11944444444444445