0 0.7307291666666667 0.6027777777777777 0.029166666666666667 0.06296296296296297
0 0.9541666666666666 0.6171296296296297 0.042708333333333334 0.08055555555555556
1 0.475 0.6189814814814815 0.02395833333333333 0.05462962962962963
0 0.22083333333333333 0.6564814814814816 0.04791666666666666 0.0962962962962963
0 0.13177083333333334 0.6023148148148149 0.021875 0.049074074074074076
1 0.14401041666666667 0.6111111111111112 0.018229166666666668 0.040740740740740744
0 0.03984375 0.6050925925925926 0.021354166666666667 0.04537037037037037
2 0.46979166666666666 0.7337962962962963 0.18541666666666667 0.287962962962963
2 0.73203125 0.7356481481481482 0.17239583333333333 0.33055555555555555
2 0.13046875 0.6986111111111112 0.07552083333333333 0.23981481481481481
2 0.04973958333333333 0.7018518518518518 0.06510416666666667 0.24074074074074076
2 0.253125 0.8032407407407408 0.21354166666666666 0.39166666666666666