1 0.57421875 0.3907407407407408 0.0140625 0.031481481481481485
1 0.3736979166666667 0.4791666666666667 0.034895833333333334 0.0712962962962963
1 0.38567708333333334 0.46296296296296297 0.03802083333333333 0.08703703703703704
0 0.13307291666666665 0.3768518518518519 0.015104166666666667 0.02962962962962963
0 0.146875 0.3699074074074074 0.017708333333333333 0.03425925925925926
2 0.56171875 0.4527777777777778 0.05572916666666666 0.15925925925925927
2 0.27265625 0.41435185185185186 0.0359375 0.125
2 0.4734375 0.44351851851851853 0.04479166666666667 0.14074074074074075
2 0.15416666666666667 0.412962962962963 0.027083333333333334 0.12407407407407407
2 0.134375 0.4439814814814815 0.046875 0.1564814814814815
2 0.38515625 0.6833333333333333 0.1859375 0.5333333333333333