0 0.053906249999999996 0.6268518518518519 0.030729166666666665 0.06481481481481481
1 0.027604166666666666 0.6481481481481481 0.02395833333333333 0.044444444444444446
1 0.12838541666666667 0.7458333333333333 0.049479166666666664 0.10092592592592593
1 0.18802083333333333 0.7583333333333334 0.05 0.11111111111111112
1 0.35234375 0.700925925925926 0.028645833333333332 0.061111111111111116
1 0.3338541666666667 0.6398148148148148 0.03333333333333333 0.07407407407407407
1 0.3046875 0.6356481481481482 0.026041666666666668 0.05462962962962963
0 0.7450520833333333 0.6 0.0359375 0.053703703703703705
2 0.74453125 0.7481481481481482 0.19427083333333334 0.35185185185185186
2 0.3638020833333333 0.7990740740740742 0.1984375 0.4
2 0.28515625 0.7402777777777778 0.06510416666666667 0.2638888888888889
2 0.20286458333333332 0.8467592592592593 0.2994791666666667 0.30462962962962964
2 0.057291666666666664 0.7592592592592593 0.10416666666666667 0.3388888888888889
2 0.05651041666666667 0.6949074074074074 0.0984375 0.2138888888888889