0 0.7109375 0.6337962962962963 0.05416666666666667 0.09351851851851853
0 0.4861979166666667 0.674537037037037 0.057812499999999996 0.11388888888888889
1 0.5299479166666666 0.6342592592592593 0.024479166666666666 0.05555555555555556
1 0.5510416666666667 0.6347222222222223 0.028125 0.058333333333333334
1 0.5817708333333333 0.6291666666666667 0.029166666666666667 0.062037037037037036
1 0.2604166666666667 0.6875 0.030208333333333334 0.05648148148148149
0 0.24375 0.6263888888888889 0.036458333333333336 0.06944444444444445
1 0.7700520833333333 0.6550925925925927 0.0515625 0.12314814814814816
2 0.5755208333333334 0.7217592592592593 0.13958333333333334 0.25277777777777777
2 0.7471354166666666 0.7916666666666667 0.3046875 0.41481481481481486
2 0.5020833333333333 0.8087962962962963 0.23333333333333334 0.3805555555555556
2 0.2635416666666667 0.7833333333333333 0.17604166666666665 0.3888888888888889