1 0.5731770833333333 0.38796296296296295 0.013020833333333334 0.02962962962962963
1 0.46510416666666665 0.3861111111111111 0.0125 0.03333333333333333
0 0.35911458333333335 0.5092592592592593 0.0421875 0.07407407407407407
1 0.36666666666666664 0.5726851851851852 0.040625 0.075
0 0.12604166666666666 0.38101851851851853 0.015625 0.03425925925925926
0 0.20104166666666667 0.3717592592592593 0.014583333333333334 0.030555555555555558
0 0.0033854166666666668 0.3990740740740741 0.0078125 0.03333333333333333
2 0.27369791666666665 0.4138888888888889 0.0390625 0.12037037037037038
2 0.21848958333333332 0.40046296296296297 0.04114583333333333 0.10092592592592593
2 0.46953125 0.4425925925925926 0.05260416666666667 0.14074074074074075
2 0.5638020833333334 0.4532407407407408 0.059895833333333336 0.15833333333333333
2 0.371875 0.7337962962962963 0.171875 0.5212962962962964
2 0.13020833333333334 0.45 0.04895833333333333 0.17037037037037037
2 0.20338541666666665 0.425 0.0359375 0.13148148148148148