1 0.5731770833333333 0.38796296296296295 0.013020833333333334 0.02962962962962963
1 0.46380208333333334 0.3888888888888889 0.013020833333333334 0.031481481481481485
0 0.24270833333333333 0.4708333333333333 0.034375 0.06759259259259259
0 0.44140625 0.4189814814814815 0.0265625 0.05462962962962963
1 0.34270833333333334 0.3893518518518519 0.013541666666666667 0.028703703703703703
2 0.2734375 0.4138888888888889 0.03854166666666667 0.12037037037037038
2 0.21848958333333332 0.40046296296296297 0.04114583333333333 0.10092592592592593
2 0.46875 0.4425925925925926 0.05416666666666667 0.14074074074074075
2 0.5635416666666666 0.4532407407407408 0.059375 0.15833333333333333
2 0.45390625 0.5462962962962963 0.10989583333333333 0.3111111111111111
2 0.2544270833333333 0.6305555555555555 0.11197916666666667 0.3814814814814815
2 0.3455729166666667 0.4537037037037037 0.05364583333333333 0.15925925925925927