0 0.7684895833333333 0.44074074074074077 0.0328125 0.05185185185185186
1 0.6455729166666666 0.47962962962962963 0.0328125 0.06666666666666667
1 0.6559895833333333 0.4777777777777778 0.0328125 0.06666666666666667
1 0.46796875 0.46944444444444444 0.0328125 0.06666666666666667
1 0.490625 0.4851851851851852 0.03229166666666666 0.06666666666666667
1 0.4200520833333333 0.7833333333333333 0.058854166666666666 0.11481481481481481
1 0.93828125 0.42824074074074076 0.019270833333333334 0.04351851851851852
1 0.9505208333333334 0.41944444444444445 0.019791666666666666 0.04259259259259259
0 0.9481770833333333 0.325 0.0109375 0.024074074074074074
0 0.7184895833333333 0.3236111111111111 0.009895833333333333 0.019444444444444445
2 0.9471354166666667 0.37453703703703706 0.030729166666666665 0.11203703703703705
2 0.9455729166666667 0.5300925925925926 0.08385416666666666 0.2638888888888889
2 0.7127604166666667 0.3675925925925926 0.028645833333333332 0.11851851851851852
2 0.7575520833333333 0.5537037037037037 0.09322916666666667 0.2796296296296296
2 0.4888020833333333 0.6342592592592593 0.13697916666666665 0.4
2 0.6513020833333333 0.6611111111111111 0.16614583333333333 0.4351851851851852
2 0.44296874999999997 0.8583333333333334 0.2015625 0.2814814814814815