0 0.9677083333333333 0.39305555555555555 0.021875 0.03425925925925926
1 0.3294270833333333 0.5504629629629629 0.04010416666666666 0.08981481481481482
1 0.28046875 0.6217592592592592 0.04010416666666666 0.08240740740740742
1 0.7708333333333334 0.40092592592592596 0.020833333333333332 0.044444444444444446
1 0.7776041666666667 0.40601851851851856 0.020833333333333332 0.03796296296296296
1 0.8640625 0.3875 0.020833333333333332 0.03796296296296296
1 0.9135416666666667 0.4652777777777778 0.022916666666666665 0.04537037037037037
0 0.5666666666666667 0.3388888888888889 0.013541666666666667 0.02777777777777778
2 0.9864583333333333 0.3550925925925926 0.026041666666666668 0.09907407407407408
2 0.5604166666666667 0.40185185185185185 0.04895833333333333 0.16296296296296298
2 0.9614583333333333 0.4763888888888889 0.059375 0.20277777777777778
2 0.7760416666666666 0.5069444444444444 0.07291666666666667 0.25462962962962965
2 0.8622395833333333 0.49259259259259264 0.08489583333333334 0.2425925925925926
2 0.8989583333333333 0.6162037037037037 0.09583333333333333 0.33240740740740743
2 0.34010416666666665 0.7490740740740741 0.18229166666666666 0.5