0 0.24765625 0.3814814814814815 0.022395833333333334 0.0462962962962963
1 0.5963541666666666 0.44537037037037036 0.022916666666666665 0.05925925925925926
1 0.7458333333333333 0.3976851851851852 0.016666666666666666 0.04351851851851852
1 0.7361979166666667 0.42083333333333334 0.018229166666666668 0.03981481481481482
1 0.8182291666666667 0.41620370370370374 0.020833333333333332 0.04537037037037037
1 0.8122395833333333 0.41805555555555557 0.019270833333333334 0.03796296296296296
1 0.9078125 0.36388888888888893 0.015625 0.03518518518518519
1 0.9638020833333333 0.34675925925925927 0.015104166666666667 0.028703703703703703
2 0.23854166666666665 0.46944444444444444 0.10104166666666667 0.23703703703703705
2 0.9093749999999999 0.4365740740740741 0.051041666666666666 0.18611111111111112
2 0.9609375 0.4134259259259259 0.06041666666666667 0.16574074074074074
2 0.7505208333333333 0.4851851851851852 0.06458333333333333 0.23703703703703705
2 0.8184895833333333 0.5356481481481482 0.08802083333333333 0.28611111111111115
2 0.59453125 0.5921296296296297 0.11510416666666666 0.3509259259259259