0 0.7528645833333333 0.45416666666666666 0.024479166666666666 0.049074074074074076
0 0.7463541666666667 0.4476851851851852 0.02395833333333333 0.04722222222222222
1 0.5611979166666666 0.49212962962962964 0.03177083333333333 0.06759259259259259
1 0.5783854166666667 0.5166666666666667 0.0328125 0.07222222222222223
0 0.28671875 0.5796296296296296 0.057812499999999996 0.10740740740740741
0 0.18385416666666665 0.7138888888888889 0.09583333333333333 0.14444444444444446
1 0.16171875 0.5023148148148149 0.043229166666666666 0.08425925925925926
2 0.7513020833333334 0.5888888888888889 0.1140625 0.32962962962962966
2 0.5802083333333333 0.6930555555555555 0.184375 0.4842592592592593
2 0.07447916666666667 0.5236111111111111 0.13020833333333334 0.287962962962963
2 0.21562499999999998 0.8185185185185185 0.21354166666666666 0.3611111111111111
2 0.16927083333333334 0.7097222222222223 0.178125 0.5101851851851852
2 0.28671875 0.7587962962962963 0.22343749999999998 0.4675925925925926