0 0.6638020833333333 0.5703703703703704 0.05364583333333333 0.09814814814814815
0 0.74765625 0.4527777777777778 0.030729166666666665 0.05555555555555556
1 0.6427083333333333 0.46944444444444444 0.030208333333333334 0.06666666666666667
1 0.66953125 0.49953703703703706 0.0296875 0.06018518518518519
0 0.42734374999999997 0.5296296296296297 0.04010416666666666 0.07592592592592592
1 0.1890625 0.512962962962963 0.03854166666666667 0.08333333333333334
2 0.759375 0.5842592592592593 0.10625 0.32592592592592595
2 0.6611979166666666 0.6555555555555556 0.16927083333333334 0.4425925925925926
2 0.6578125 0.7574074074074074 0.2604166666666667 0.48333333333333334
2 0.19453125 0.7175925925925927 0.2109375 0.5055555555555555
2 0.43046875 0.7185185185185186 0.14739583333333334 0.4851851851851852