0 0.51484375 0.4712962962962963 0.0328125 0.06851851851851852
1 0.4653645833333333 0.6453703703703704 0.04739583333333333 0.10185185185185186
1 0.34869791666666666 0.47361111111111115 0.033854166666666664 0.07314814814814816
1 0.6778645833333333 0.46990740740740744 0.0296875 0.062037037037037036
1 0.7020833333333333 0.4939814814814815 0.027083333333333334 0.05277777777777778
0 0.75234375 0.44907407407407407 0.0234375 0.05185185185185186
0 0.8856770833333333 0.5115740740740741 0.04114583333333333 0.075
2 0.7674479166666667 0.5800925925925926 0.0984375 0.3231481481481482
2 0.6859375 0.649537037037037 0.165625 0.4342592592592593
2 0.8739583333333333 0.7074074074074075 0.134375 0.4759259259259259
2 0.35078125 0.6481481481481481 0.16302083333333334 0.42962962962962964
2 0.5221354166666666 0.6157407407407408 0.09635416666666667 0.3611111111111111
2 0.490625 0.7935185185185185 0.19479166666666667 0.41111111111111115
2 0.7549479166666666 0.3773148148148148 0.03802083333333333 0.13055555555555556
2 0.79921875 0.35000000000000003 0.028645833333333332 0.0962962962962963