0 0.8291666666666666 0.437962962962963 0.026041666666666668 0.05555555555555556
0 0.7885416666666667 0.3805555555555556 0.017708333333333333 0.03888888888888889
1 0.77890625 0.3615740740740741 0.015104166666666667 0.030555555555555558
1 0.696875 0.4152777777777778 0.021875 0.04166666666666667
1 0.6221354166666666 0.40555555555555556 0.019270833333333334 0.03888888888888889
1 0.6276041666666666 0.3939814814814815 0.019791666666666666 0.03981481481481482
1 0.47031249999999997 0.35185185185185186 0.0125 0.02592592592592593
1 0.48385416666666664 0.35000000000000003 0.0125 0.02592592592592593
2 0.790625 0.47962962962962963 0.08020833333333333 0.23703703703703705
2 0.8325520833333333 0.5819444444444445 0.1171875 0.3453703703703704
2 0.6994791666666667 0.5351851851851852 0.08125 0.2888888888888889
2 0.61953125 0.48935185185185187 0.0796875 0.24722222222222223
2 0.46770833333333334 0.42129629629629634 0.07083333333333333 0.18333333333333335