1 0.12890625 0.3995370370370371 0.019270833333333334 0.04351851851851852
1 0.8018229166666666 0.38333333333333336 0.015104166666666667 0.03333333333333333
1 0.8723958333333334 0.3476851851851852 0.011458333333333333 0.02314814814814815
1 0.33489583333333334 0.3592592592592593 0.013541666666666667 0.02962962962962963
1 0.37578125 0.3509259259259259 0.013020833333333334 0.02592592592592593
2 0.8731770833333333 0.4041666666666667 0.04739583333333333 0.14537037037037037
2 0.7979166666666666 0.4671296296296297 0.06354166666666666 0.2101851851851852
2 0.13489583333333333 0.5041666666666667 0.11041666666666666 0.26203703703703707
2 0.375 0.4138888888888889 0.051041666666666666 0.15925925925925927
2 0.3286458333333333 0.42824074074074076 0.051041666666666666 0.18425925925925926
2 0.7979166666666666 0.3611111111111111 0.03854166666666667 0.10925925925925926