0 0.4223958333333333 0.4814814814814815 0.03125 0.06666666666666667
1 0.48932291666666666 0.35694444444444445 0.0140625 0.030555555555555558
1 0.5002604166666667 0.35462962962962963 0.011979166666666666 0.02962962962962963
1 0.5799479166666667 0.34814814814814815 0.011979166666666666 0.02777777777777778
0 0.6833333333333333 0.3513888888888889 0.015625 0.030555555555555558
0 0.6572916666666666 0.3282407407407408 0.011458333333333333 0.02314814814814815
1 0.9690104166666667 0.3564814814814815 0.0140625 0.02962962962962963
2 0.9640624999999999 0.41203703703703703 0.05 0.14444444444444446
2 0.4270833333333333 0.6574074074074074 0.14895833333333333 0.4203703703703704
2 0.48333333333333334 0.43333333333333335 0.07291666666666667 0.18888888888888888
2 0.6736979166666667 0.41712962962962963 0.04635416666666667 0.1675925925925926
2 0.571875 0.4050925925925926 0.052083333333333336 0.14907407407407408
2 0.6588541666666666 0.3768518518518519 0.04479166666666667 0.12592592592592594