1 0.5604166666666667 0.6152777777777778 0.04375 0.10833333333333334
1 0.7416666666666667 0.48564814814814816 0.027083333333333334 0.062037037037037036
0 0.8080729166666667 0.3888888888888889 0.022395833333333334 0.037037037037037035
0 0.5739583333333333 0.33935185185185185 0.013541666666666667 0.028703703703703703
0 0.3375 0.39814814814814814 0.022916666666666665 0.044444444444444446
1 0.33177083333333335 0.3689814814814815 0.020833333333333332 0.03425925925925926
1 0.13854166666666667 0.4013888888888889 0.020833333333333332 0.04537037037037037
1 0.16041666666666665 0.40370370370370373 0.019791666666666666 0.04259259259259259
2 0.81015625 0.48379629629629634 0.06822916666666666 0.22685185185185186
2 0.7453125 0.6351851851851852 0.11145833333333333 0.3740740740740741
2 0.5802083333333333 0.7777777777777778 0.171875 0.4425925925925926
2 0.11692708333333333 0.5111111111111112 0.13072916666666667 0.2833333333333333
2 0.32005208333333335 0.5143518518518518 0.1109375 0.28425925925925927
2 0.31536458333333334 0.4550925925925926 0.08385416666666666 0.2064814814814815
2 0.5708333333333333 0.39861111111111114 0.058333333333333334 0.14722222222222223