0 0.4927083333333333 0.7175925925925927 0.07916666666666666 0.14444444444444446
1 0.8794270833333333 0.4388888888888889 0.0234375 0.05
1 0.9716145833333333 0.38981481481481484 0.01614583333333333 0.031481481481481485
0 0.9575520833333333 0.3439814814814815 0.013020833333333334 0.02314814814814815
0 0.42265625 0.35462962962962963 0.015104166666666667 0.031481481481481485
2 0.9609375 0.3805555555555556 0.040625 0.10185185185185186
2 0.96484375 0.4740740740740741 0.057812499999999996 0.20370370370370372
2 0.87890625 0.5476851851851852 0.07760416666666667 0.28240740740740744
2 0.48515625 0.8217592592592593 0.22552083333333334 0.35462962962962963
2 0.41770833333333335 0.43194444444444446 0.07708333333333334 0.19351851851851853
2 0.7302083333333333 0.37777777777777777 0.03958333333333333 0.13333333333333333
2 0.7778645833333333 0.3578703703703704 0.027604166666666666 0.10833333333333334