0 0.5208333333333334 0.5527777777777778 0.029166666666666667 0.06296296296296297
0 0.5580729166666667 0.5481481481481482 0.030729166666666665 0.06296296296296297
1 0.7809895833333333 0.4800925925925926 0.0203125 0.049074074074074076
1 0.778125 0.5939814814814816 0.036458333333333336 0.06944444444444445
1 0.7653645833333333 0.6319444444444444 0.030729166666666665 0.062037037037037036
1 0.7705729166666666 0.7402777777777778 0.043229166666666666 0.08240740740740742
0 0.8223958333333333 0.6916666666666667 0.057291666666666664 0.09074074074074075
0 0.9520833333333333 0.4236111111111111 0.015625 0.028703703703703703
2 0.9505208333333334 0.5018518518518519 0.06354166666666666 0.1851851851851852
2 0.78515625 0.5537037037037037 0.0703125 0.1962962962962963
2 0.8302083333333333 0.8208333333333334 0.19583333333333333 0.3564814814814815
2 0.78671875 0.7277777777777779 0.11927083333333333 0.3388888888888889
2 0.5494791666666666 0.7166666666666667 0.159375 0.40740740740740744