1 0.07552083333333333 0.5847222222222223 0.04895833333333333 0.08796296296296297
1 0.6705729166666666 0.44027777777777777 0.025520833333333333 0.05092592592592593
1 0.6627604166666666 0.39583333333333337 0.0171875 0.03425925925925926
0 0.9421875 0.40601851851851856 0.020833333333333332 0.03796296296296296
1 0.8372395833333334 0.3125 0.005729166666666666 0.01388888888888889
1 0.7763020833333333 0.3125 0.0078125 0.015740740740740743
1 0.91015625 0.3138888888888889 0.005729166666666666 0.014814814814814815
2 0.94609375 0.5069444444444444 0.06614583333333333 0.24351851851851852
2 0.66328125 0.4300925925925926 0.058854166666666666 0.11203703703703705
2 0.6755208333333333 0.5921296296296297 0.09166666666666666 0.36388888888888893
2 0.121875 0.7685185185185186 0.240625 0.46111111111111114