0 0.528125 0.3351851851851852 0.010416666666666666 0.022222222222222223
0 0.53828125 0.33333333333333337 0.009895833333333333 0.024074074074074074
1 0.5653645833333333 0.38101851851851853 0.013020833333333334 0.032407407407407406
1 0.5791666666666666 0.37222222222222223 0.0125 0.02962962962962963
1 0.90703125 0.39675925925925926 0.0203125 0.03981481481481482
0 0.8546874999999999 0.3050925925925926 0.007291666666666667 0.017592592592592594
0 0.8325520833333333 0.3148148148148148 0.0078125 0.018518518518518517
2 0.9057291666666667 0.48703703703703705 0.05416666666666667 0.22592592592592595
2 0.5658854166666667 0.4564814814814815 0.07239583333333333 0.20740740740740743
2 0.8317708333333333 0.35370370370370374 0.025 0.09074074074074075
2 0.5270833333333333 0.3925925925925926 0.04375 0.15185185185185185