1 0.3963541666666667 0.5027777777777778 0.03333333333333333 0.07037037037037037
1 0.7934895833333333 0.46574074074074073 0.0265625 0.05740740740740741
1 0.8104166666666667 0.4601851851851852 0.027083333333333334 0.061111111111111116
1 0.778125 0.3800925925925926 0.013541666666666667 0.026851851851851852
1 0.78828125 0.3805555555555556 0.013020833333333334 0.03333333333333333
1 0.6901041666666666 0.33333333333333337 0.009375 0.020370370370370372
1 0.8575520833333333 0.3819444444444445 0.015104166666666667 0.03425925925925926
0 0.98828125 0.38101851851851853 0.01614583333333333 0.03425925925925926
0 0.90390625 0.3013888888888889 0.0067708333333333336 0.01388888888888889
2 0.9757812499999999 0.46064814814814814 0.04739583333333333 0.19907407407407407
2 0.6872395833333333 0.3851851851851852 0.0453125 0.1388888888888889
2 0.7778645833333333 0.4449074074074074 0.06614583333333333 0.1675925925925926
2 0.8591145833333333 0.46111111111111114 0.05677083333333333 0.2
2 0.79921875 0.6087962962962963 0.12760416666666666 0.35462962962962963
2 0.4080729166666667 0.7092592592592593 0.16197916666666667 0.48703703703703705