1 0.38671875 0.3703703703703704 0.01614583333333333 0.037037037037037035
1 0.3971354166666667 0.36388888888888893 0.01614583333333333 0.03518518518518519
0 0.8424479166666666 0.31203703703703706 0.008854166666666666 0.018518518518518517
1 0.8322916666666667 0.3740740740740741 0.014583333333333334 0.02777777777777778
1 0.8781249999999999 0.3513888888888889 0.011458333333333333 0.02314814814814815
1 0.8830729166666667 0.350462962962963 0.009895833333333333 0.025
1 0.91640625 0.38703703703703707 0.0171875 0.037037037037037035
1 0.9260416666666667 0.3837962962962963 0.014583333333333334 0.03425925925925926
1 0.9583333333333334 0.3458333333333333 0.010416666666666666 0.02314814814814815
2 0.3763020833333333 0.4564814814814815 0.0890625 0.2240740740740741
2 0.8395833333333333 0.34953703703703703 0.026041666666666668 0.09722222222222222
2 0.87734375 0.4013888888888889 0.0453125 0.13611111111111113
2 0.9565104166666667 0.40046296296296297 0.04010416666666666 0.1398148148148148
2 0.9151041666666666 0.46851851851851856 0.08020833333333333 0.2111111111111111
2 0.8338541666666667 0.45925925925925926 0.06145833333333333 0.20370370370370372