0 0.7208333333333333 0.46944444444444444 0.029166666666666667 0.06296296296296297
0 0.74453125 0.46851851851851856 0.027604166666666666 0.06481481481481481
1 0.8953125 0.3819444444444445 0.014583333333333334 0.028703703703703703
1 0.90625 0.3851851851851852 0.011458333333333333 0.02777777777777778
1 0.9963541666666667 0.325 0.007291666666666667 0.018518518518518517
1 0.9609375 0.3439814814814815 0.011458333333333333 0.021296296296296296
0 0.8247395833333333 0.31666666666666665 0.0078125 0.016666666666666666
2 0.9583333333333334 0.39351851851851855 0.035416666666666666 0.12962962962962962
2 0.9049479166666666 0.47314814814814815 0.059895833333333336 0.21666666666666667
2 0.73515625 0.6273148148148149 0.13697916666666665 0.38981481481481484
2 0.8205729166666667 0.3527777777777778 0.025520833333333333 0.09814814814814815