1 0.7098958333333333 0.47361111111111115 0.028125 0.062037037037037036
0 0.8979166666666667 0.38796296296296295 0.01875 0.037037037037037035
0 0.9096354166666667 0.38796296296296295 0.015104166666666667 0.03518518518518519
1 0.9559895833333333 0.3458333333333333 0.009895833333333333 0.02314814814814815
1 0.9640624999999999 0.3476851851851852 0.008333333333333333 0.019444444444444445
1 0.9893229166666666 0.32592592592592595 0.0078125 0.016666666666666666
0 0.6776041666666667 0.33842592592592596 0.013541666666666667 0.026851851851851852
1 0.7921875 0.3175925925925926 0.008333333333333333 0.018518518518518517
2 0.9856770833333334 0.3648148148148148 0.027604166666666666 0.1
2 0.9606770833333333 0.4087962962962963 0.0390625 0.1527777777777778
2 0.7119791666666666 0.6342592592592593 0.109375 0.3907407407407408
2 0.9010416666666666 0.4814814814814815 0.078125 0.23148148148148148
2 0.6755208333333333 0.3861111111111111 0.03854166666666667 0.14074074074074075
2 0.7895833333333333 0.3578703703703704 0.028125 0.10092592592592593