1 0.7315104166666666 0.5111111111111112 0.03697916666666667 0.07592592592592592
1 0.7565104166666666 0.5236111111111111 0.021354166666666667 0.05648148148148149
1 0.7359375 0.4310185185185185 0.02395833333333333 0.05092592592592593
1 0.6229166666666667 0.3939814814814815 0.015625 0.032407407407407406
0 0.8585937499999999 0.3842592592592593 0.0171875 0.03333333333333333
0 0.8705729166666667 0.38333333333333336 0.015104166666666667 0.03518518518518519
1 0.8354166666666667 0.35555555555555557 0.011458333333333333 0.024074074074074074
2 0.8692708333333333 0.46944444444444444 0.06041666666666667 0.20925925925925926
2 0.82890625 0.42314814814814816 0.04114583333333333 0.15925925925925927
2 0.6192708333333333 0.49583333333333335 0.06979166666666667 0.24722222222222223
2 0.7440104166666667 0.5050925925925926 0.0890625 0.2101851851851852
2 0.7393229166666666 0.6976851851851852 0.1421875 0.4638888888888889