1 0.54296875 0.45 0.028645833333333332 0.06851851851851852
1 0.5794270833333334 0.4652777777777778 0.027604166666666666 0.058333333333333334
1 0.9169270833333333 0.39861111111111114 0.0203125 0.03981481481481482
1 0.9289062499999999 0.4046296296296297 0.0140625 0.03518518518518519
1 0.9033854166666666 0.3652777777777778 0.0109375 0.026851851851851852
1 0.91015625 0.3703703703703704 0.008854166666666666 0.024074074074074074
0 0.94296875 0.34351851851851856 0.011979166666666666 0.020370370370370372
1 0.7864583333333334 0.3592592592592593 0.010416666666666666 0.024074074074074074
2 0.9466145833333334 0.3990740740740741 0.03697916666666667 0.13703703703703704
2 0.7846354166666667 0.4300925925925926 0.0484375 0.1712962962962963
2 0.8984375 0.4189814814814815 0.0375 0.14166666666666666
2 0.9190104166666666 0.4981481481481482 0.07760416666666667 0.24444444444444446
2 0.57890625 0.6236111111111111 0.13072916666666667 0.41944444444444445