1 0.5197916666666667 0.5939814814814816 0.042708333333333334 0.09351851851851853
0 0.9265625 0.4175925925925926 0.025 0.0462962962962963
0 0.9125 0.3731481481481482 0.016666666666666666 0.02777777777777778
1 0.9174479166666667 0.3648148148148148 0.01614583333333333 0.02777777777777778
1 0.8927083333333333 0.3143518518518519 0.007291666666666667 0.015740740740740743
0 0.83359375 0.31203703703703706 0.008854166666666666 0.020370370370370372
2 0.9135416666666667 0.5305555555555556 0.096875 0.27222222222222225
2 0.90703125 0.4481481481481482 0.05677083333333333 0.1814814814814815
2 0.98828125 0.3523148148148148 0.022395833333333334 0.09722222222222222
2 0.9458333333333333 0.3662037037037037 0.030208333333333334 0.10648148148148148
2 0.5236979166666667 0.7726851851851853 0.19739583333333333 0.4527777777777778
2 0.546875 0.4087962962962963 0.05520833333333333 0.1564814814814815