1 0.2591145833333333 0.38842592592592595 0.019270833333333334 0.03981481481481482
0 0.6255208333333333 0.5504629629629629 0.03958333333333333 0.0638888888888889
0 0.6361979166666667 0.5287037037037037 0.034895833333333334 0.07037037037037037
1 0.8846354166666667 0.42083333333333334 0.022395833333333334 0.04537037037037037
0 0.984375 0.3421296296296296 0.011458333333333333 0.02314814814814815
1 0.7278645833333334 0.3314814814814815 0.009895833333333333 0.020370370370370372
1 0.73671875 0.3314814814814815 0.009895833333333333 0.022222222222222223
2 0.8895833333333333 0.5402777777777777 0.078125 0.2935185185185185
2 0.63359375 0.725462962962963 0.16197916666666667 0.47500000000000003
2 0.24453125 0.48333333333333334 0.1015625 0.23333333333333334
2 0.7278645833333334 0.375 0.04114583333333333 0.12407407407407407