1 0.5549479166666667 0.35462962962962963 0.0109375 0.022222222222222223
1 0.5653645833333333 0.35462962962962963 0.008854166666666666 0.022222222222222223
1 0.5731770833333333 0.35370370370370374 0.008854166666666666 0.022222222222222223
1 0.70546875 0.3425925925925926 0.008854166666666666 0.018518518518518517
1 0.7130208333333333 0.3365740740740741 0.007291666666666667 0.015740740740740743
0 0.8885416666666667 0.43472222222222223 0.021875 0.03981481481481482
0 0.8895833333333333 0.4152777777777778 0.020833333333333332 0.026851851851851852
1 0.9869791666666666 0.36342592592592593 0.013541666666666667 0.028703703703703703
2 0.9799479166666667 0.4365740740740741 0.0390625 0.18425925925925926
2 0.884375 0.5351851851851852 0.090625 0.27222222222222225
2 0.5518229166666666 0.4152777777777778 0.0640625 0.16944444444444445
2 0.70234375 0.38287037037037036 0.044270833333333336 0.13055555555555556
2 0.79921875 0.3574074074074074 0.028645833333333332 0.10185185185185186