1 0.70625 0.33472222222222225 0.011458333333333333 0.025
1 0.525 0.36435185185185187 0.0125 0.028703703703703703
1 0.5348958333333333 0.3550925925925926 0.009375 0.017592592592592594
1 0.528125 0.35185185185185186 0.009375 0.020370370370370372
1 0.4908854166666667 0.4337962962962963 0.022395833333333334 0.05092592592592593
1 0.509375 0.43703703703703706 0.025 0.05185185185185186
1 0.23854166666666665 0.3995370370370371 0.017708333333333333 0.036111111111111115
1 0.259375 0.4027777777777778 0.015625 0.03518518518518519
1 0.2734375 0.3962962962962963 0.016666666666666666 0.03518518518518519
0 0.9796874999999999 0.38101851851851853 0.015625 0.030555555555555558
0 0.9736979166666666 0.37222222222222223 0.015104166666666667 0.02777777777777778
2 0.9684895833333333 0.4462962962962963 0.0609375 0.17962962962962964
2 0.5026041666666666 0.5736111111111112 0.1125 0.33055555555555555
2 0.2520833333333333 0.44074074074074077 0.08645833333333333 0.1537037037037037
2 0.5205729166666666 0.4222222222222222 0.06197916666666667 0.17777777777777778
2 0.7044270833333334 0.3837962962962963 0.0390625 0.13055555555555556