0 0.33046875 0.3814814814814815 0.021354166666666667 0.04259259259259259
0 0.3690104166666667 0.3703703703703704 0.0171875 0.040740740740740744
1 0.4184895833333333 0.5833333333333334 0.04635416666666667 0.1
0 0.5895833333333333 0.4851851851851852 0.036458333333333336 0.06666666666666667
0 0.8294270833333334 0.4305555555555556 0.021354166666666667 0.0462962962962963
0 0.9502604166666666 0.3837962962962963 0.01614583333333333 0.03796296296296296
1 0.5666666666666667 0.37222222222222223 0.014583333333333334 0.02962962962962963
1 0.054947916666666666 0.5592592592592592 0.0453125 0.08888888888888889
2 0.94375 0.45601851851851855 0.071875 0.18796296296296297
2 0.8322916666666667 0.5421296296296296 0.103125 0.27685185185185185
2 0.36354166666666665 0.4481481481481482 0.06145833333333333 0.20185185185185187
2 0.31171875 0.4814814814814815 0.0984375 0.2537037037037037
2 0.5546875 0.4467592592592593 0.057291666666666664 0.19351851851851853
2 0.5880208333333333 0.6342592592592593 0.11875 0.3703703703703704
2 0.8041666666666667 0.3648148148148148 0.030208333333333334 0.10555555555555556
2 0.76796875 0.36388888888888893 0.028645833333333332 0.10370370370370371
2 0.4153645833333333 0.762962962962963 0.22864583333333333 0.47222222222222227
2 0.10234375 0.7574074074074074 0.2046875 0.48333333333333334