0 0.53984375 0.6541666666666667 0.07552083333333333 0.125
1 0.8486979166666666 0.3814814814814815 0.0171875 0.040740740740740744
1 0.8598958333333333 0.3907407407407408 0.0125 0.024074074074074074
0 0.8096354166666666 0.31666666666666665 0.0067708333333333336 0.016666666666666666
0 0.6203125 0.33564814814814814 0.010416666666666666 0.025
1 0.8161458333333333 0.31666666666666665 0.007291666666666667 0.014814814814814815
1 0.9679687499999999 0.3125 0.0078125 0.017592592592592594
2 0.9651041666666667 0.3578703703703704 0.03229166666666666 0.11388888888888889
2 0.85390625 0.4842592592592593 0.07447916666666667 0.25
2 0.615625 0.3902777777777778 0.03854166666666667 0.14351851851851852
2 0.5421875 0.7921296296296296 0.21562499999999998 0.4138888888888889