1 0.5307291666666667 0.4620370370370371 0.034375 0.06296296296296297
1 0.5458333333333333 0.45462962962962966 0.020833333333333332 0.061111111111111116
1 0.7747395833333334 0.48194444444444445 0.028645833333333332 0.06574074074074074
0 0.6536458333333334 0.3421296296296296 0.0125 0.02314814814814815
1 0.7375 0.3365740740740741 0.010416666666666666 0.02314814814814815
1 0.8723958333333334 0.4041666666666667 0.015625 0.030555555555555558
1 0.8677083333333333 0.3976851851851852 0.015625 0.030555555555555558
1 0.92734375 0.3416666666666667 0.008854166666666666 0.016666666666666666
2 0.921875 0.39583333333333337 0.0375 0.13055555555555556
2 0.8609375 0.49722222222222223 0.0875 0.22777777777777777
2 0.7669270833333334 0.6490740740740741 0.11302083333333333 0.412962962962963
2 0.5390625 0.625 0.13125 0.40370370370370373
2 0.7361979166666667 0.39583333333333337 0.04010416666666666 0.14907407407407408
2 0.6502604166666667 0.3995370370370371 0.04010416666666666 0.14537037037037037