0 0.3013020833333333 0.3939814814814815 0.019270833333333334 0.04351851851851852
1 0.32317708333333334 0.39166666666666666 0.019270833333333334 0.04259259259259259
1 0.4421875 0.48194444444444445 0.030208333333333334 0.06574074074074074
1 0.4796875 0.5796296296296296 0.040625 0.0925925925925926
1 0.8515625 0.3675925925925926 0.014583333333333334 0.03333333333333333
1 0.9583333333333334 0.3731481481481482 0.0125 0.031481481481481485
1 0.9846354166666667 0.3527777777777778 0.013020833333333334 0.024074074074074074
0 0.9434895833333333 0.2986111111111111 0.005729166666666666 0.012037037037037037
2 0.9846354166666667 0.40972222222222227 0.0296875 0.14351851851851852
2 0.9515625 0.45046296296296295 0.053125 0.19351851851851853
2 0.85 0.4476851851851852 0.05416666666666667 0.19907407407407407
2 0.44166666666666665 0.6453703703703704 0.13125 0.39814814814814814
2 0.48854166666666665 0.7643518518518518 0.18125 0.46944444444444444
2 0.309375 0.5120370370370371 0.11562499999999999 0.2925925925925926
2 0.27708333333333335 0.4851851851851852 0.07395833333333333 0.24074074074074076