1 0.5489583333333333 0.35370370370370374 0.013541666666666667 0.02962962962962963
1 0.5614583333333333 0.35185185185185186 0.015625 0.037037037037037035
0 0.19869791666666667 0.3736111111111111 0.0203125 0.04166666666666667
1 0.6669270833333333 0.40185185185185185 0.018229166666666668 0.040740740740740744
1 0.7903645833333334 0.3685185185185185 0.0140625 0.02962962962962963
1 0.8885416666666667 0.47314814814814815 0.034375 0.061111111111111116
0 0.8502604166666666 0.30833333333333335 0.0078125 0.016666666666666666
2 0.7901041666666666 0.4537037037037037 0.053125 0.20555555555555557
2 0.6643229166666667 0.512962962962963 0.0734375 0.27222222222222225
2 0.196875 0.45787037037037037 0.08125 0.21574074074074076
2 0.5440104166666666 0.425 0.06197916666666667 0.19444444444444445
2 0.8481770833333333 0.3425925925925926 0.024479166666666666 0.08703703703703704