0 0.16848958333333333 0.3990740740740741 0.0234375 0.0462962962962963
0 0.18776041666666665 0.37824074074074077 0.0265625 0.04166666666666667
1 0.5783854166666667 0.42314814814814816 0.0234375 0.040740740740740744
1 0.74453125 0.4291666666666667 0.021354166666666667 0.03981481481481482
0 0.7661458333333333 0.4314814814814815 0.02395833333333333 0.04814814814814815
0 0.9088541666666666 0.39861111111111114 0.019791666666666666 0.04166666666666667
1 0.9679687499999999 0.33564814814814814 0.013020833333333334 0.021296296296296296
1 0.9184895833333333 0.3138888888888889 0.0078125 0.018518518518518517
2 0.18072916666666666 0.46435185185185185 0.08229166666666667 0.225
2 0.96328125 0.3851851851851852 0.04739583333333333 0.12407407407407407
2 0.9091145833333333 0.4898148148148148 0.06197916666666667 0.23333333333333334
2 0.16536458333333334 0.5032407407407408 0.09947916666666666 0.26203703703703707
2 0.5817708333333333 0.5296296296296297 0.08125 0.2555555555555556
2 0.7622395833333333 0.5615740740740741 0.09322916666666667 0.31203703703703706