0 0.18645833333333334 0.3773148148148148 0.025 0.04351851851851852
1 0.78828125 0.37222222222222223 0.0140625 0.02777777777777778
1 0.9059895833333333 0.362962962962963 0.013020833333333334 0.02592592592592593
0 0.915625 0.36342592592592593 0.0125 0.026851851851851852
0 0.9716145833333333 0.3490740740740741 0.011979166666666666 0.024074074074074074
1 0.8580729166666666 0.32407407407407407 0.008854166666666666 0.018518518518518517
2 0.18046875 0.46435185185185185 0.08177083333333333 0.225
2 0.9697916666666666 0.40601851851851856 0.03854166666666667 0.14537037037037037
2 0.8546874999999999 0.3685185185185185 0.03125 0.11111111111111112
2 0.7895833333333333 0.4393518518518519 0.04895833333333333 0.1675925925925926
2 0.9106770833333333 0.4375 0.0515625 0.1787037037037037