1 0.5544270833333333 0.45555555555555555 0.0328125 0.07037037037037037
1 0.56953125 0.46064814814814814 0.0234375 0.06018518518518519
1 0.6765625 0.4138888888888889 0.022916666666666665 0.04259259259259259
0 0.8049479166666667 0.3662037037037037 0.0171875 0.026851851851851852
1 0.8299479166666667 0.34814814814814815 0.0109375 0.02592592592592593
1 0.8002604166666667 0.3194444444444445 0.0067708333333333336 0.018518518518518517
1 0.8192708333333333 0.31203703703703706 0.00625 0.014814814814814815
1 0.35546875 0.3597222222222222 0.013020833333333334 0.028703703703703703
2 0.8348958333333333 0.40972222222222227 0.04479166666666667 0.1527777777777778
2 0.8072916666666666 0.4513888888888889 0.05416666666666667 0.20462962962962963
2 0.6713541666666667 0.5259259259259259 0.07916666666666666 0.27592592592592596
2 0.56796875 0.6125 0.10572916666666667 0.39166666666666666
2 0.35 0.4365740740740741 0.08541666666666667 0.20462962962962963
2 0.796875 0.35833333333333334 0.03125 0.10370370370370371