1 0.4315104166666667 0.4449074074074074 0.028645833333333332 0.06018518518518519
1 0.4549479166666667 0.4467592592592593 0.025520833333333333 0.05277777777777778
1 0.37604166666666666 0.5217592592592593 0.0375 0.07685185185185185
1 0.7182291666666667 0.6490740740740741 0.06458333333333333 0.14814814814814814
1 0.9630208333333333 0.37222222222222223 0.015625 0.031481481481481485
1 0.9666666666666667 0.3189814814814815 0.010416666666666666 0.019444444444444445
1 0.48828125 0.3527777777777778 0.015104166666666667 0.02962962962962963
2 0.9921875 0.38472222222222224 0.014583333333333334 0.11574074074074074
2 0.9578125 0.4537037037037037 0.053125 0.19814814814814816
2 0.4848958333333333 0.4236111111111111 0.065625 0.1824074074074074
2 0.7190104166666667 0.7856481481481482 0.20052083333333334 0.42685185185185187
2 0.3924479166666667 0.7347222222222223 0.1515625 0.5046296296296297
2 0.45208333333333334 0.5726851851851852 0.11666666666666667 0.3287037037037037