1 0.20651041666666667 0.3685185185185185 0.01614583333333333 0.03333333333333333
0 0.4158854166666667 0.35833333333333334 0.0171875 0.03518518518518519
1 0.42890625 0.35833333333333334 0.0109375 0.02592592592592593
1 0.5458333333333333 0.3675925925925926 0.013541666666666667 0.031481481481481485
1 0.6354166666666666 0.34675925925925927 0.009375 0.02314814814814815
1 0.7130208333333333 0.37777777777777777 0.014583333333333334 0.03333333333333333
1 0.57421875 0.3231481481481482 0.008854166666666666 0.020370370370370372
2 0.7091145833333333 0.46342592592592596 0.06614583333333333 0.21203703703703705
2 0.4127604166666667 0.4388888888888889 0.07864583333333333 0.20370370370370372
2 0.20286458333333332 0.45 0.10677083333333333 0.20740740740740743
2 0.6315104166666666 0.3990740740740741 0.0453125 0.14444444444444446
2 0.5390625 0.4356481481481482 0.06145833333333333 0.2101851851851852
2 0.5682291666666667 0.3731481481481482 0.04895833333333333 0.13333333333333333