1 0.20651041666666667 0.3685185185185185 0.01614583333333333 0.03333333333333333
1 0.04453125 0.43472222222222223 0.025520833333333333 0.058333333333333334
1 0.07161458333333333 0.40925925925925927 0.0234375 0.04814814814814815
1 0.13125 0.39675925925925926 0.01875 0.04351851851851852
1 0.4317708333333333 0.38333333333333336 0.017708333333333333 0.037037037037037035
1 0.44479166666666664 0.5615740740740741 0.03854166666666667 0.07685185185185185
1 0.475 0.5662037037037038 0.035416666666666666 0.08796296296296297
1 0.5223958333333333 0.3277777777777778 0.010416666666666666 0.02592592592592593
1 0.8791666666666667 0.35000000000000003 0.0125 0.02592592592592593
1 0.8552083333333333 0.30833333333333335 0.005208333333333333 0.012962962962962964
1 0.8580729166666666 0.3055555555555556 0.005729166666666666 0.014814814814814815
0 0.8924479166666667 0.30462962962962964 0.0067708333333333336 0.014814814814814815
2 0.87734375 0.412962962962963 0.050520833333333334 0.1537037037037037
2 0.103125 0.5032407407407408 0.121875 0.27314814814814814
2 0.20390624999999998 0.45046296296296295 0.10677083333333333 0.20833333333333334
2 0.4231770833333333 0.45787037037037037 0.07239583333333333 0.2175925925925926
2 0.043229166666666666 0.5513888888888889 0.08333333333333333 0.3564814814814815
2 0.5153645833333333 0.3787037037037037 0.050520833333333334 0.13703703703703704
2 0.4434895833333333 0.7587962962962963 0.22864583333333333 0.48055555555555557