1 0.20546875 0.3689814814814815 0.01614583333333333 0.032407407407407406
1 0.47578125 0.33194444444444443 0.0109375 0.025
1 0.6177083333333333 0.4842592592592593 0.029166666666666667 0.06481481481481481
1 0.6421875 0.487962962962963 0.026041666666666668 0.05925925925925926
1 0.8700520833333333 0.39305555555555555 0.0171875 0.032407407407407406
0 0.8195312499999999 0.31527777777777777 0.0067708333333333336 0.015740740740740743
1 0.77578125 0.31851851851851853 0.0067708333333333336 0.016666666666666666
1 0.7794270833333333 0.31666666666666665 0.0067708333333333336 0.016666666666666666
1 0.9916666666666667 0.33240740740740743 0.009375 0.018518518518518517
2 0.9864583333333333 0.3787037037037037 0.026041666666666668 0.12222222222222223
2 0.20494791666666667 0.45092592592592595 0.10677083333333333 0.20925925925925926
2 0.46796875 0.38657407407407407 0.0546875 0.14166666666666666
2 0.85703125 0.48194444444444445 0.08489583333333334 0.2175925925925926
2 0.6380208333333334 0.6537037037037037 0.14270833333333333 0.40925925925925927
2 0.8177083333333334 0.3523148148148148 0.029166666666666667 0.10277777777777779
2 0.7723958333333333 0.34953703703703703 0.03333333333333333 0.10092592592592593