1 0.21276041666666667 0.36712962962962964 0.01614583333333333 0.032407407407407406
0 0.490625 0.5694444444444444 0.05 0.08518518518518518
1 0.453125 0.33194444444444443 0.010416666666666666 0.025
1 0.6658854166666667 0.3351851851851852 0.008854166666666666 0.022222222222222223
0 0.7161458333333334 0.32916666666666666 0.010416666666666666 0.025
1 0.8729166666666667 0.3912037037037037 0.017708333333333333 0.032407407407407406
1 0.884375 0.39166666666666666 0.013541666666666667 0.031481481481481485
1 0.975 0.3472222222222222 0.010416666666666666 0.024074074074074074
2 0.20598958333333334 0.4513888888888889 0.10677083333333333 0.2101851851851852
2 0.44635416666666666 0.38981481481481484 0.05520833333333333 0.15185185185185185
2 0.9658854166666666 0.40231481481481485 0.0546875 0.13425925925925927
2 0.8747395833333333 0.47685185185185186 0.07239583333333333 0.2111111111111111
2 0.4984375 0.7606481481481482 0.17395833333333333 0.47685185185185186
2 0.7122395833333334 0.3824074074074074 0.033854166666666664 0.13333333333333333
2 0.6630208333333333 0.3787037037037037 0.04375 0.12962962962962962