0 0.5859375 0.3453703703703704 0.0125 0.02777777777777778
0 0.59921875 0.35000000000000003 0.011979166666666666 0.02777777777777778
1 0.75859375 0.3175925925925926 0.008854166666666666 0.018518518518518517
0 0.5763020833333333 0.4314814814814815 0.025520833333333333 0.053703703703703705
0 0.990625 0.3453703703703704 0.013541666666666667 0.02592592592592593
0 0.91484375 0.30092592592592593 0.0067708333333333336 0.014814814814814815
0 0.14583333333333334 0.3990740740740741 0.02395833333333333 0.04814814814814815
0 0.16614583333333333 0.39675925925925926 0.017708333333333333 0.04537037037037037
2 0.9856770833333334 0.4 0.027604166666666666 0.13518518518518519
2 0.13385416666666666 0.5074074074074074 0.12604166666666666 0.2833333333333333
2 0.5747395833333333 0.5680555555555555 0.10052083333333334 0.33611111111111114
2 0.5859375 0.40694444444444444 0.05416666666666667 0.15833333333333333
2 0.7567708333333333 0.35879629629629634 0.03229166666666666 0.10648148148148148