1 0.49244791666666665 0.35694444444444445 0.015104166666666667 0.032407407407407406
0 0.8158854166666667 0.3143518518518519 0.008854166666666666 0.021296296296296296
1 0.89453125 0.31157407407407406 0.0067708333333333336 0.01388888888888889
0 0.978125 0.3199074074074074 0.010416666666666666 0.017592592592592594
0 0.8890625 0.4314814814814815 0.021875 0.044444444444444446
0 0.6783854166666666 0.4425925925925926 0.025520833333333333 0.040740740740740744
1 0.6802083333333333 0.4726851851851852 0.028125 0.05092592592592593
2 0.9778645833333334 0.36064814814814816 0.028645833333333332 0.10092592592592593
2 0.8833333333333333 0.5398148148148149 0.075 0.27222222222222225
2 0.4875 0.43333333333333335 0.065625 0.19074074074074074
2 0.6763020833333333 0.6027777777777777 0.12135416666666667 0.3703703703703704
2 0.8140625 0.34953703703703703 0.03125 0.10092592592592593