1 0.19583333333333333 0.41620370370370374 0.022916666666666665 0.05092592592592593
1 0.21276041666666667 0.412962962962963 0.019270833333333334 0.04814814814814815
1 0.3658854166666667 0.5370370370370371 0.04114583333333333 0.07592592592592592
1 0.5575520833333333 0.4564814814814815 0.0359375 0.061111111111111116
1 0.4875 0.36388888888888893 0.014583333333333334 0.03333333333333333
0 0.821875 0.3925925925925926 0.016666666666666666 0.03888888888888889
1 0.8507812499999999 0.3523148148148148 0.011979166666666666 0.028703703703703703
1 0.7005208333333334 0.33842592592592596 0.008333333333333333 0.021296296296296296
2 0.8528645833333334 0.41944444444444445 0.0421875 0.16666666666666669
2 0.18567708333333333 0.5375 0.1453125 0.30648148148148147
2 0.81875 0.48379629629629634 0.057291666666666664 0.22314814814814815
2 0.4822916666666667 0.4416666666666667 0.059375 0.19444444444444445
2 0.5697916666666667 0.6069444444444445 0.11666666666666667 0.36574074074074076
2 0.3888020833333333 0.7407407407407408 0.21302083333333333 0.49074074074074076
2 0.6966145833333334 0.3814814814814815 0.0390625 0.11666666666666667