1 0.23541666666666666 0.6356481481481482 0.051041666666666666 0.09351851851851853
1 0.5078125 0.4388888888888889 0.025 0.05740740740740741
1 0.5958333333333333 0.35000000000000003 0.011458333333333333 0.02592592592592593
1 0.28541666666666665 0.39583333333333337 0.01875 0.04351851851851852
1 0.30885416666666665 0.425462962962963 0.016666666666666666 0.036111111111111115
1 0.8390624999999999 0.3888888888888889 0.020833333333333332 0.02777777777777778
1 0.840625 0.4166666666666667 0.019791666666666666 0.03518518518518519
0 0.9289062499999999 0.35370370370370374 0.013020833333333334 0.02777777777777778
1 0.9635416666666666 0.325 0.009375 0.018518518518518517
2 0.9619791666666666 0.3736111111111111 0.035416666666666666 0.1175925925925926
2 0.9294270833333333 0.41481481481481486 0.0421875 0.1574074074074074
2 0.27421875 0.4916666666666667 0.11302083333333333 0.25
2 0.8291666666666666 0.4726851851851852 0.046875 0.20092592592592592
2 0.8471354166666667 0.525 0.07864583333333333 0.26666666666666666
2 0.5111979166666667 0.5773148148148148 0.10052083333333334 0.3416666666666667
2 0.59375 0.40324074074074073 0.05520833333333333 0.14166666666666666
2 0.2674479166666667 0.7902777777777779 0.30052083333333335 0.4175925925925926
2 0.8302083333333333 0.35185185185185186 0.030208333333333334 0.10185185185185186