1 0.4783854166666667 0.35694444444444445 0.0109375 0.025
1 0.5489583333333333 0.45462962962962966 0.027083333333333334 0.05925925925925926
1 0.32526041666666666 0.4939814814814815 0.0359375 0.08055555555555556
1 0.85703125 0.42083333333333334 0.018229166666666668 0.036111111111111115
1 0.7841145833333333 0.36342592592592593 0.0140625 0.028703703703703703
1 0.9036458333333334 0.3541666666666667 0.013541666666666667 0.02314814814814815
1 0.92734375 0.3699074074074074 0.0140625 0.026851851851851852
0 0.996875 0.33425925925925926 0.007291666666666667 0.024074074074074074
1 0.734375 0.32175925925925924 0.009375 0.017592592592592594
1 0.7432291666666666 0.3231481481481482 0.009375 0.020370370370370372
2 0.8986979166666667 0.41944444444444445 0.04114583333333333 0.16666666666666669
2 0.9278645833333333 0.4462962962962963 0.05260416666666667 0.18333333333333335
2 0.7841145833333333 0.44027777777777777 0.05260416666666667 0.18796296296296297
2 0.47421874999999997 0.4166666666666667 0.06822916666666666 0.1574074074074074
2 0.86015625 0.5236111111111111 0.06302083333333333 0.25277777777777777
2 0.8338541666666667 0.34351851851851856 0.030208333333333334 0.09444444444444444
2 0.5552083333333333 0.6032407407407407 0.11041666666666666 0.36944444444444446
2 0.3325520833333333 0.687962962962963 0.18802083333333333 0.4759259259259259
2 0.7875 0.36064814814814816 0.027083333333333334 0.10277777777777779
2 0.7348958333333333 0.37083333333333335 0.03958333333333333 0.125