1 0.378125 0.3648148148148148 0.013541666666666667 0.02962962962962963
1 0.6153645833333333 0.3388888888888889 0.011979166666666666 0.02592592592592593
1 0.6265625 0.3365740740740741 0.010416666666666666 0.025
0 0.7182291666666667 0.33564814814814814 0.011458333333333333 0.02314814814814815
1 0.76171875 0.32222222222222224 0.0078125 0.018518518518518517
1 0.76875 0.3180555555555556 0.007291666666666667 0.017592592592592594
1 0.8010416666666667 0.37453703703703706 0.015625 0.03425925925925926
1 0.8299479166666667 0.38657407407407407 0.0203125 0.03796296296296296
1 0.9255208333333333 0.3592592592592593 0.010416666666666666 0.022222222222222223
1 0.9723958333333333 0.3490740740740741 0.010416666666666666 0.022222222222222223
1 0.8950520833333333 0.33611111111111114 0.009895833333333333 0.020370370370370372
1 0.9721354166666667 0.33425925925925926 0.013020833333333334 0.014814814814814815
2 0.965625 0.38333333333333336 0.028125 0.12407407407407407
2 0.9739583333333334 0.40046296296296297 0.036458333333333336 0.13796296296296298
2 0.8950520833333333 0.38657407407407407 0.0359375 0.1287037037037037
2 0.3729166666666667 0.41435185185185186 0.06354166666666666 0.13611111111111113
2 0.9234375 0.42083333333333334 0.040625 0.1527777777777778
2 0.7622395833333333 0.3597222222222222 0.033854166666666664 0.11388888888888889
2 0.7940104166666666 0.4532407407407408 0.043229166666666666 0.19722222222222224
2 0.828125 0.48333333333333334 0.06979166666666667 0.24444444444444446
2 0.7161458333333334 0.38703703703703707 0.0375 0.13333333333333333
2 0.6130208333333333 0.3939814814814815 0.051041666666666666 0.14907407407407408