1 0.54140625 0.5310185185185186 0.04010416666666666 0.08425925925925926
1 0.5838541666666667 0.5472222222222223 0.0375 0.08148148148148149
1 0.27057291666666666 0.3800925925925926 0.0140625 0.032407407407407406
1 0.5067708333333333 0.350462962962963 0.011458333333333333 0.025
1 0.4927083333333333 0.3541666666666667 0.014583333333333334 0.036111111111111115
0 0.62109375 0.3564814814814815 0.0140625 0.031481481481481485
1 0.67265625 0.33333333333333337 0.0078125 0.018518518518518517
1 0.68203125 0.32731481481481484 0.008854166666666666 0.019444444444444445
1 0.8981770833333333 0.3388888888888889 0.0109375 0.024074074074074074
1 0.9651041666666667 0.3421296296296296 0.0125 0.02314814814814815
1 0.9757812499999999 0.31712962962962965 0.008854166666666666 0.017592592592592594
2 0.2661458333333333 0.45462962962962966 0.09270833333333334 0.19074074074074074
2 0.5721354166666667 0.7425925925925926 0.1640625 0.512962962962963
2 0.67265625 0.3490740740740741 0.043229166666666666 0.07592592592592592
2 0.896875 0.3939814814814815 0.035416666666666666 0.13425925925925927
2 0.9640624999999999 0.4050925925925926 0.041666666666666664 0.15462962962962964
2 0.61640625 0.41111111111111115 0.0453125 0.1425925925925926
2 0.4903645833333333 0.4203703703703704 0.06510416666666667 0.18333333333333335