1 0.5721354166666667 0.3402777777777778 0.009895833333333333 0.021296296296296296
1 0.5822916666666667 0.33472222222222225 0.010416666666666666 0.02314814814814815
1 0.6669270833333333 0.3189814814814815 0.0078125 0.017592592592592594
1 0.6721354166666667 0.31666666666666665 0.0067708333333333336 0.014814814814814815
1 0.8346354166666666 0.39814814814814814 0.018229166666666668 0.04259259259259259
1 0.8526041666666666 0.4046296296296297 0.01875 0.03518518518518519
1 0.9627604166666667 0.3212962962962963 0.0078125 0.016666666666666666
2 0.8473958333333333 0.5018518518518519 0.07395833333333333 0.25925925925925924
2 0.5713541666666666 0.3925925925925926 0.052083333333333336 0.15185185185185185
2 0.9611979166666667 0.36064814814814816 0.027604166666666666 0.10462962962962963
2 0.4513020833333333 0.47314814814814815 0.0859375 0.2240740740740741
2 0.3638020833333333 0.4486111111111111 0.08697916666666666 0.2175925925925926