0 0.036458333333333336 0.4152777777777778 0.03125 0.0638888888888889
0 0.065625 0.4236111111111111 0.026041666666666668 0.05277777777777778
1 0.6955729166666667 0.33055555555555555 0.008854166666666666 0.022222222222222223
1 0.6322916666666667 0.41435185185185186 0.02395833333333333 0.05092592592592593
1 0.6497395833333334 0.4166666666666667 0.019270833333333334 0.040740740740740744
1 0.6455729166666666 0.5402777777777777 0.030729166666666665 0.0712962962962963
1 0.6234375 0.5365740740740741 0.030208333333333334 0.0712962962962963
1 0.6026041666666666 0.5504629629629629 0.034375 0.075
1 0.7700520833333333 0.4361111111111111 0.024479166666666666 0.04814814814814815
1 0.8075520833333333 0.37592592592592594 0.0171875 0.03333333333333333
1 0.884375 0.3675925925925926 0.015625 0.02962962962962963
1 0.8919270833333334 0.37453703703703706 0.009895833333333333 0.021296296296296296
1 0.9442708333333333 0.33472222222222225 0.010416666666666666 0.019444444444444445
1 0.95078125 0.33287037037037037 0.0078125 0.015740740740740743
0 0.8997395833333334 0.2972222222222222 0.0078125 0.012962962962962964
2 0.9450520833333333 0.3800925925925926 0.0453125 0.11574074074074074
2 0.8895833333333333 0.45462962962962966 0.06770833333333333 0.20925925925925926
2 0.8114583333333333 0.45 0.05416666666666667 0.19074074074074074
2 0.7674479166666667 0.5518518518518519 0.0859375 0.2888888888888889
2 0.6416666666666666 0.5064814814814815 0.08125 0.24444444444444446
2 0.6309895833333333 0.7277777777777779 0.1546875 0.46481481481481485
2 0.044270833333333336 0.5324074074074074 0.08645833333333333 0.3092592592592593
2 0.6958333333333333 0.3791666666666667 0.046875 0.13055555555555556