0 0.036458333333333336 0.4152777777777778 0.03125 0.0638888888888889
0 0.065625 0.4236111111111111 0.026041666666666668 0.05277777777777778
1 0.23020833333333332 0.5194444444444445 0.03229166666666666 0.07777777777777778
1 0.26197916666666665 0.5083333333333333 0.028125 0.07037037037037037
1 0.803125 0.40324074074074073 0.017708333333333333 0.03796296296296296
1 0.8174479166666666 0.39722222222222225 0.0171875 0.03333333333333333
1 0.8567708333333334 0.3574074074074074 0.013541666666666667 0.02777777777777778
1 0.8677083333333333 0.3564814814814815 0.0125 0.02592592592592593
1 0.9088541666666666 0.3685185185185185 0.015625 0.02592592592592593
1 0.9708333333333333 0.33611111111111114 0.010416666666666666 0.020370370370370372
0 0.9020833333333333 0.2962962962962963 0.00625 0.012962962962962964
1 0.91796875 0.29305555555555557 0.0046875 0.010185185185185186
1 0.5955729166666667 0.34074074074074073 0.0109375 0.02592592592592593
2 0.9708333333333333 0.3893518518518519 0.042708333333333334 0.13611111111111113
2 0.9057291666666667 0.4375 0.05416666666666667 0.1675925925925926
2 0.8585937499999999 0.4199074074074074 0.049479166666666664 0.15833333333333333
2 0.8119791666666667 0.49074074074074076 0.06770833333333333 0.2240740740740741
2 0.04401041666666666 0.5333333333333333 0.0859375 0.3074074074074074
2 0.5966145833333333 0.4 0.05572916666666666 0.1537037037037037
2 0.26875 0.7263888888888889 0.18854166666666666 0.5157407407407407