0 0.036458333333333336 0.4152777777777778 0.03125 0.0638888888888889
0 0.06614583333333333 0.4217592592592593 0.027083333333333334 0.05277777777777778
1 0.5026041666666666 0.3513888888888889 0.010416666666666666 0.025
1 0.51015625 0.350462962962963 0.008854166666666666 0.02314814814814815
1 0.027083333333333334 0.6555555555555556 0.05625 0.13148148148148148
1 0.7341145833333333 0.46342592592592596 0.0265625 0.05462962962962963
1 0.6776041666666667 0.39861111111111114 0.021875 0.03981481481481482
1 0.9125 0.3541666666666667 0.011458333333333333 0.026851851851851852
1 0.9210937499999999 0.35370370370370374 0.0109375 0.024074074074074074
1 0.9630208333333333 0.33101851851851855 0.010416666666666666 0.021296296296296296
1 0.9697916666666666 0.33101851851851855 0.009375 0.021296296296296296
1 0.9830729166666666 0.33796296296296297 0.009895833333333333 0.016666666666666666
1 0.98984375 0.337037037037037 0.008854166666666666 0.016666666666666666
2 0.9830729166666666 0.3791666666666667 0.0328125 0.12685185185185185
2 0.96328125 0.3740740740740741 0.0328125 0.11296296296296297
2 0.9171874999999999 0.41250000000000003 0.05 0.14907407407407408
2 0.04348958333333333 0.5342592592592593 0.0859375 0.3074074074074074
2 0.5052083333333334 0.4189814814814815 0.07083333333333333 0.17685185185185187
2 0.67421875 0.5 0.0921875 0.2537037037037037
2 0.7348958333333333 0.6092592592592593 0.090625 0.34444444444444444
2 0.1140625 0.7902777777777779 0.228125 0.4175925925925926