0 0.024479166666666666 0.4166666666666667 0.03125 0.06296296296296297
0 0.05 0.4217592592592593 0.027083333333333334 0.05277777777777778
1 0.3260416666666667 0.3768518518518519 0.014583333333333334 0.03333333333333333
1 0.3341145833333333 0.3736111111111111 0.008854166666666666 0.028703703703703703
1 0.7619791666666667 0.40370370370370373 0.01875 0.03888888888888889
1 0.7739583333333333 0.4050925925925926 0.017708333333333333 0.03796296296296296
1 0.9135416666666667 0.37222222222222223 0.014583333333333334 0.031481481481481485
1 0.9523437499999999 0.3527777777777778 0.013020833333333334 0.024074074074074074
1 0.94140625 0.3287037037037037 0.013020833333333334 0.02592592592592593
1 0.8708333333333333 0.3148148148148148 0.00625 0.018518518518518517
2 0.042708333333333334 0.5365740740740741 0.08541666666666667 0.30462962962962964
2 0.3260416666666667 0.46481481481481485 0.08854166666666667 0.22592592592592595
2 0.9528645833333333 0.4152777777777778 0.0421875 0.14907407407407408
2 0.7622395833333333 0.5087962962962963 0.0859375 0.2601851851851852
2 0.91015625 0.4550925925925926 0.0609375 0.20462962962962963