0 0.016927083333333332 0.41805555555555557 0.03177083333333333 0.0638888888888889
0 0.0484375 0.4217592592592593 0.027083333333333334 0.05277777777777778
1 0.29973958333333334 0.5902777777777778 0.044270833333333336 0.08796296296296297
1 0.33515625 0.5930555555555556 0.0359375 0.08611111111111111
1 0.25703125 0.38981481481481484 0.015104166666666667 0.03888888888888889
1 0.9153645833333334 0.3560185185185185 0.015104166666666667 0.028703703703703703
1 0.9783854166666667 0.3416666666666667 0.0109375 0.020370370370370372
1 0.9950520833333333 0.31574074074074077 0.0078125 0.016666666666666666
1 0.7833333333333333 0.3287037037037037 0.009375 0.020370370370370372
1 0.8859374999999999 0.2986111111111111 0.005208333333333333 0.012037037037037037
2 0.042708333333333334 0.537962962962963 0.08541666666666667 0.3037037037037037
2 0.353125 0.7699074074074075 0.24791666666666667 0.45833333333333337
2 0.7825520833333334 0.3740740740740741 0.03177083333333333 0.12407407407407407
2 0.26328125 0.48935185185185187 0.08802083333333333 0.25092592592592594
2 0.91171875 0.42083333333333334 0.05364583333333333 0.16574074074074074
2 0.9768229166666667 0.3995370370370371 0.0421875 0.14537037037037037