1 0.58828125 0.4652777777777778 0.030729166666666665 0.0638888888888889
1 0.7252604166666666 0.39583333333333337 0.01614583333333333 0.032407407407407406
0 0.8890625 0.41111111111111115 0.021875 0.0462962962962963
1 0.9093749999999999 0.38333333333333336 0.013541666666666667 0.031481481481481485
1 0.8140625 0.36342592592592593 0.011458333333333333 0.025
1 0.96875 0.3180555555555556 0.007291666666666667 0.015740740740740743
1 0.9765625 0.3189814814814815 0.007291666666666667 0.01388888888888889
0 0.9052083333333333 0.2976851851851852 0.00625 0.012037037037037037
0 0.9093749999999999 0.29814814814814816 0.005208333333333333 0.011111111111111112
2 0.9645833333333333 0.3574074074074074 0.03958333333333333 0.10185185185185186
2 0.8127604166666667 0.4305555555555556 0.04635416666666667 0.16481481481481483
2 0.915625 0.4481481481481482 0.041666666666666664 0.16481481481481483
2 0.8890625 0.5046296296296297 0.06458333333333333 0.2388888888888889
2 0.7260416666666667 0.49259259259259264 0.071875 0.23148148148148148
2 0.5911458333333334 0.6305555555555555 0.10833333333333334 0.3925925925925926