1 0.30416666666666664 0.7000000000000001 0.052083333333333336 0.10370370370370371
1 0.2989583333333333 0.6523148148148148 0.057291666666666664 0.11018518518518519
1 0.8411458333333334 0.3726851851851852 0.015625 0.032407407407407406
1 0.8880208333333334 0.3578703703703704 0.011458333333333333 0.02314814814814815
1 0.8958333333333334 0.34120370370370373 0.008333333333333333 0.019444444444444445
0 0.97421875 0.36435185185185187 0.015104166666666667 0.030555555555555558
0 0.8486979166666666 0.3037037037037037 0.005729166666666666 0.012962962962962964
0 0.8515625 0.3013888888888889 0.00625 0.01388888888888889
2 0.8942708333333333 0.39305555555555555 0.035416666666666666 0.12685185185185185
2 0.97109375 0.4300925925925926 0.04635416666666667 0.1712962962962963
2 0.8861979166666667 0.4203703703703704 0.04635416666666667 0.15
2 0.8380208333333333 0.45231481481481484 0.05520833333333333 0.20092592592592592
2 0.3169270833333333 0.7972222222222223 0.2838541666666667 0.40370370370370373