1 0.18307291666666667 0.5439814814814815 0.0421875 0.08055555555555556
1 0.23307291666666666 0.5421296296296296 0.03802083333333333 0.0787037037037037
0 0.6059895833333333 0.4342592592592593 0.0296875 0.05925925925925926
1 0.8388020833333333 0.41203703703703703 0.019270833333333334 0.03888888888888889
1 0.8330729166666666 0.40092592592592596 0.022395833333333334 0.040740740740740744
1 0.9372395833333333 0.33842592592592596 0.013020833333333334 0.021296296296296296
1 0.9536458333333333 0.3263888888888889 0.008333333333333333 0.015740740740740743
0 0.7684895833333333 0.3148148148148148 0.008854166666666666 0.016666666666666666
2 0.9546875 0.36574074074074076 0.02395833333333333 0.1
2 0.9822916666666667 0.37824074074074077 0.03229166666666666 0.11388888888888889
2 0.9348958333333334 0.3925925925925926 0.0375 0.13703703703703704
2 0.828125 0.5097222222222222 0.078125 0.2638888888888889
2 0.6072916666666667 0.5620370370370371 0.11145833333333333 0.31666666666666665
2 0.24973958333333332 0.7481481481481482 0.22864583333333333 0.5018518518518519
2 0.7666666666666666 0.3513888888888889 0.03125 0.09907407407407408