1 0.6309895833333333 0.4763888888888889 0.024479166666666666 0.05092592592592593
1 0.6536458333333334 0.47314814814814815 0.027083333333333334 0.05740740740740741
1 0.69609375 0.41481481481481486 0.0203125 0.04259259259259259
1 0.71171875 0.41620370370370374 0.018229166666666668 0.04351851851851852
0 0.65 0.3277777777777778 0.010416666666666666 0.024074074074074074
0 0.65703125 0.32546296296296295 0.009895833333333333 0.02314814814814815
0 0.8947916666666667 0.3768518518518519 0.019791666666666666 0.03518518518518519
1 0.9502604166666666 0.34305555555555556 0.011979166666666666 0.02314814814814815
1 0.9549479166666667 0.350462962962963 0.011979166666666666 0.02314814814814815
1 0.9953124999999999 0.32222222222222224 0.009375 0.016666666666666666
2 0.9486979166666667 0.4041666666666667 0.0453125 0.15462962962962964
2 0.8958333333333334 0.45925925925925926 0.057291666666666664 0.1962962962962963
2 0.7104166666666667 0.5166666666666667 0.08020833333333333 0.25925925925925924
2 0.6486979166666667 0.3773148148148148 0.044270833333333336 0.13611111111111113
2 0.6388020833333333 0.6240740740740741 0.12447916666666667 0.3648148148148148