1 0.35 0.5462962962962963 0.03958333333333333 0.08333333333333334
0 0.4114583333333333 0.3550925925925926 0.015625 0.03425925925925926
0 0.42734374999999997 0.35462962962962963 0.01614583333333333 0.03518518518518519
1 0.8565104166666666 0.3907407407407408 0.013020833333333334 0.02777777777777778
1 0.8638020833333333 0.39490740740740743 0.01614583333333333 0.032407407407407406
1 0.8684895833333334 0.3805555555555556 0.013020833333333334 0.02592592592592593
1 0.8768229166666667 0.36203703703703705 0.013020833333333334 0.02777777777777778
1 0.8674479166666667 0.36064814814814816 0.013020833333333334 0.026851851851851852
0 0.996875 0.3458333333333333 0.00625 0.025
2 0.37005208333333334 0.7518518518518519 0.1921875 0.49444444444444446
2 0.40703125 0.43333333333333335 0.07447916666666667 0.20555555555555557
2 0.8591145833333333 0.47453703703703703 0.0703125 0.2138888888888889