1 0.3424479166666667 0.5675925925925926 0.0421875 0.08888888888888889
1 0.5734375 0.4375 0.029166666666666667 0.0638888888888889
1 0.7458333333333333 0.5166666666666667 0.034375 0.07777777777777778
1 0.7122395833333334 0.37962962962962965 0.0140625 0.031481481481481485
0 0.6018229166666667 0.3375 0.011979166666666666 0.026851851851851852
0 0.9442708333333333 0.29953703703703705 0.00625 0.012037037037037037
0 0.99453125 0.3453703703703704 0.011979166666666666 0.02592592592592593
2 0.709375 0.4638888888888889 0.057291666666666664 0.20740740740740743
2 0.59765625 0.39305555555555555 0.04635416666666667 0.14166666666666666
2 0.74765625 0.6912037037037038 0.11927083333333333 0.42685185185185187
2 0.5747395833333333 0.5819444444444445 0.10052083333333334 0.3564814814814815
2 0.35885416666666664 0.7592592592592593 0.190625 0.47962962962962963