0 0.8549479166666667 0.36712962962962964 0.015104166666666667 0.030555555555555558
0 0.865625 0.37083333333333335 0.0125 0.032407407407407406
0 0.8078124999999999 0.5148148148148148 0.03854166666666667 0.07037037037037037
0 0.9236979166666667 0.37453703703703706 0.021354166666666667 0.03425925925925926
0 0.9338541666666667 0.3726851851851852 0.0125 0.030555555555555558
1 0.9848958333333333 0.3175925925925926 0.008333333333333333 0.016666666666666666
0 0.6825520833333333 0.33472222222222225 0.011979166666666666 0.025
0 0.53671875 0.4375 0.027604166666666666 0.058333333333333334
1 0.50546875 0.4393518518518519 0.025520833333333333 0.05462962962962963
2 0.9302083333333333 0.44953703703703707 0.06041666666666667 0.18796296296296297
2 0.8546874999999999 0.437962962962963 0.06979166666666667 0.1814814814814815
2 0.8065104166666667 0.6935185185185185 0.12447916666666667 0.4240740740740741
2 0.528125 0.5712962962962963 0.13645833333333332 0.32962962962962966
2 0.6815104166666667 0.38796296296296295 0.0453125 0.1388888888888889