1 0.06354166666666666 0.7476851851851852 0.07291666666666667 0.13611111111111113
1 0.12604166666666666 0.7291666666666667 0.06458333333333333 0.12685185185185185
1 0.5966145833333333 0.40046296296296297 0.025520833333333333 0.04722222222222222
1 0.6127604166666667 0.41111111111111115 0.018229166666666668 0.044444444444444446
1 0.8820312499999999 0.41620370370370374 0.0265625 0.03981481481481482
0 0.95 0.2986111111111111 0.007291666666666667 0.015740740740740743
1 0.9578125 0.32916666666666666 0.009375 0.017592592592592594
2 0.9544270833333334 0.3736111111111111 0.0328125 0.11388888888888889
2 0.8861979166666667 0.5083333333333333 0.07239583333333333 0.23333333333333334
2 0.6020833333333333 0.5277777777777778 0.11562499999999999 0.3055555555555556
2 0.14505208333333333 0.8305555555555556 0.2890625 0.337037037037037