1 0.18307291666666667 0.7041666666666667 0.059895833333333336 0.13055555555555556
1 0.8114583333333333 0.3689814814814815 0.0125 0.028703703703703703
1 0.8291666666666666 0.3189814814814815 0.008333333333333333 0.017592592592592594
1 0.9216145833333333 0.3314814814814815 0.008854166666666666 0.018518518518518517
1 0.93984375 0.3652777777777778 0.0140625 0.032407407407407406
1 0.9393229166666667 0.3282407407407408 0.009895833333333333 0.019444444444444445
1 0.9455729166666667 0.33240740740740743 0.0078125 0.012962962962962964
1 0.8861979166666667 0.30694444444444446 0.0067708333333333336 0.015740740740740743
2 0.91796875 0.38842592592592595 0.034895833333333334 0.13796296296296298
2 0.9367187499999999 0.425 0.0453125 0.16666666666666669
2 0.8143229166666667 0.4476851851851852 0.05364583333333333 0.19351851851851853
2 0.8265625 0.36203703703703705 0.028125 0.10925925925925926
2 0.24270833333333333 0.8162037037037038 0.2375 0.36574074074074076