0 0.1921875 0.6217592592592592 0.0625 0.11203703703703705
0 0.06354166666666666 0.40555555555555556 0.020833333333333332 0.0462962962962963
0 0.66640625 0.4810185185185185 0.0328125 0.06944444444444445
0 0.8473958333333333 0.3787037037037037 0.015625 0.02962962962962963
1 0.3963541666666667 0.4708333333333333 0.030208333333333334 0.062037037037037036
1 0.8231770833333333 0.32731481481481484 0.009895833333333333 0.025
1 0.03984375 0.4050925925925926 0.0203125 0.04166666666666667
0 0.9833333333333333 0.3462962962962963 0.0125 0.024074074074074074
0 0.8419270833333333 0.3148148148148148 0.0078125 0.016666666666666666
0 0.8984375 0.31157407407407406 0.007291666666666667 0.015740740740740743
0 0.8872395833333333 0.30092592592592593 0.0067708333333333336 0.012962962962962964
2 0.9794270833333333 0.40555555555555556 0.04010416666666666 0.1462962962962963
2 0.04375 0.5023148148148149 0.08333333333333333 0.2601851851851852
2 0.8494791666666667 0.4513888888888889 0.058333333333333334 0.18796296296296297
2 0.66484375 0.6523148148148148 0.11197916666666667 0.4138888888888889
2 0.40234375 0.6435185185185185 0.14739583333333334 0.4222222222222222
2 0.20625 0.7796296296296297 0.259375 0.4388888888888889
2 0.8197916666666667 0.3731481481481482 0.03333333333333333 0.12222222222222223