0 0.7088541666666667 0.4138888888888889 0.021875 0.0462962962962963
1 0.6 0.36203703703703705 0.016666666666666666 0.03518518518518519
1 0.7932291666666667 0.375462962962963 0.017708333333333333 0.030555555555555558
0 0.7927083333333333 0.32962962962962966 0.0125 0.022222222222222223
0 0.7671875 0.32453703703703707 0.008333333333333333 0.017592592592592594
1 0.7651041666666667 0.34120370370370373 0.007291666666666667 0.01388888888888889
0 0.8976562499999999 0.39305555555555555 0.018229166666666668 0.036111111111111115
0 0.9580729166666666 0.3439814814814815 0.0109375 0.021296296296296296
2 0.9588541666666667 0.39166666666666666 0.041666666666666664 0.13148148148148148
2 0.8937499999999999 0.48564814814814816 0.06145833333333333 0.22685185185185186
2 0.7924479166666667 0.46111111111111114 0.05677083333333333 0.20555555555555557
2 0.7080729166666666 0.5333333333333333 0.0734375 0.2888888888888889
2 0.6 0.4416666666666667 0.0625 0.19074074074074074
2 0.7919270833333333 0.37824074074074077 0.0421875 0.125
2 0.7645833333333333 0.3666666666666667 0.036458333333333336 0.10370370370370371