0 0.35703125 0.39351851851851855 0.021354166666666667 0.0462962962962963
0 0.9330729166666667 0.3337962962962963 0.0109375 0.021296296296296296
0 0.8598958333333333 0.3125 0.009375 0.021296296296296296
0 0.6794270833333333 0.3236111111111111 0.011979166666666666 0.02314814814814815
1 0.7302083333333333 0.4050925925925926 0.016666666666666666 0.04351851851851852
1 0.7416666666666667 0.4013888888888889 0.016666666666666666 0.03796296296296296
1 0.8723958333333334 0.36712962962962964 0.0125 0.025
1 0.8833333333333333 0.35879629629629634 0.0125 0.026851851851851852
1 0.9973958333333334 0.3194444444444445 0.00625 0.016666666666666666
1 0.3515625 0.4314814814814815 0.014583333333333334 0.031481481481481485
2 0.9330729166666667 0.38657407407407407 0.03697916666666667 0.13240740740740742
2 0.8786458333333333 0.425 0.053125 0.16296296296296298
2 0.7411458333333333 0.5106481481481482 0.075 0.2638888888888889
2 0.35703125 0.4902777777777778 0.11510416666666666 0.24351851851851852
2 0.6770833333333334 0.3652777777777778 0.03125 0.10833333333333334