0 0.53984375 0.34351851851851856 0.013020833333333334 0.02962962962962963
0 0.9861979166666667 0.3148148148148148 0.008854166666666666 0.020370370370370372
1 0.7486979166666666 0.33472222222222225 0.008854166666666666 0.021296296296296296
1 0.796875 0.3189814814814815 0.00625 0.015740740740740743
1 0.8010416666666667 0.31203703703703706 0.00625 0.012962962962962964
1 0.90703125 0.3472222222222222 0.0109375 0.024074074074074074
1 0.9109375 0.3439814814814815 0.008333333333333333 0.021296296296296296
1 0.9645833333333333 0.33611111111111114 0.008333333333333333 0.014814814814814815
1 0.9708333333333333 0.33101851851851855 0.009375 0.017592592592592594
2 0.9674479166666666 0.37592592592592594 0.034895833333333334 0.11296296296296297
2 0.9078125 0.4046296296296297 0.04479166666666667 0.15185185185185185
2 0.5348958333333333 0.4050925925925926 0.04791666666666666 0.15833333333333333
2 0.7447916666666666 0.37962962962962965 0.03229166666666666 0.11481481481481481
2 0.7963541666666667 0.35324074074074074 0.03229166666666666 0.10277777777777779