1 0.6270833333333333 0.38657407407407407 0.027083333333333334 0.04722222222222222
1 0.66015625 0.4361111111111111 0.024479166666666666 0.05185185185185186
1 0.7020833333333333 0.32916666666666666 0.008333333333333333 0.021296296296296296
1 0.7098958333333333 0.32592592592592595 0.008333333333333333 0.018518518518518517
1 0.8453125 0.38287037037037036 0.013541666666666667 0.028703703703703703
0 0.8481770833333333 0.36944444444444446 0.0171875 0.02962962962962963
1 0.9822916666666667 0.3550925925925926 0.014583333333333334 0.028703703703703703
1 0.9734375 0.3375 0.0125 0.02314814814814815
1 0.98984375 0.31342592592592594 0.0078125 0.015740740740740743
2 0.9776041666666666 0.42314814814814816 0.042708333333333334 0.16666666666666669
2 0.8403645833333333 0.44537037037037036 0.0671875 0.1851851851851852
2 0.6286458333333333 0.5023148148148149 0.07708333333333334 0.28240740740740744
2 0.6572916666666666 0.5657407407407408 0.09479166666666666 0.32037037037037036
2 0.7010416666666667 0.3740740740740741 0.03854166666666667 0.12037037037037038