1 0.05911458333333333 0.5740740740740741 0.050520833333333334 0.10185185185185186
1 0.3677083333333333 0.35462962962962963 0.014583333333333334 0.02592592592592593
1 0.6911458333333333 0.37222222222222223 0.016666666666666666 0.03518518518518519
1 0.6942708333333333 0.33240740740740743 0.010416666666666666 0.024074074074074074
1 0.6684895833333333 0.3212962962962963 0.008854166666666666 0.020370370370370372
0 0.8822916666666667 0.4226851851851852 0.025 0.04722222222222222
2 0.7 0.47222222222222227 0.06666666666666667 0.24074074074074076
2 0.8713541666666667 0.5296296296296297 0.09375 0.26666666666666666
2 0.09505208333333333 0.7611111111111112 0.18802083333333333 0.4759259259259259
2 0.3619791666666667 0.41944444444444445 0.07916666666666666 0.17962962962962964
2 0.68671875 0.3824074074074074 0.0421875 0.13148148148148148
2 0.6645833333333333 0.3662037037037037 0.03229166666666666 0.1175925925925926