1 0.20390624999999998 0.7902777777777779 0.06302083333333333 0.1175925925925926
1 0.17682291666666666 0.8328703703703704 0.06927083333333334 0.13055555555555556
1 0.5986979166666666 0.4199074074074074 0.021354166666666667 0.04722222222222222
0 0.5091145833333334 0.3351851851851852 0.011979166666666666 0.02777777777777778
1 0.4981770833333333 0.3402777777777778 0.008854166666666666 0.02314814814814815
1 0.40781249999999997 0.3615740740740741 0.014583333333333334 0.032407407407407406
1 0.20651041666666667 0.3652777777777778 0.0140625 0.032407407407407406
1 0.8393229166666667 0.3458333333333333 0.013020833333333334 0.026851851851851852
2 0.8434895833333333 0.4134259259259259 0.0484375 0.16944444444444445
2 0.5942708333333333 0.5361111111111111 0.08645833333333333 0.2796296296296296
2 0.24765625 0.8606481481481482 0.31927083333333334 0.27685185185185185
2 0.2 0.44074074074074077 0.09479166666666666 0.20370370370370372
2 0.39869791666666665 0.44212962962962965 0.07552083333333333 0.1953703703703704
2 0.49895833333333334 0.40185185185185185 0.0625 0.1685185185185185