1 0.14453125 0.3837962962962963 0.0171875 0.04166666666666667
1 0.16588541666666667 0.38287037037037036 0.018229166666666668 0.04166666666666667
1 0.85 0.5078703703703704 0.026041666666666668 0.05648148148148149
1 0.81796875 0.3666666666666667 0.0140625 0.02962962962962963
1 0.9302083333333333 0.3263888888888889 0.009375 0.019444444444444445
1 0.9369791666666667 0.33287037037037037 0.00625 0.017592592592592594
1 0.83828125 0.49259259259259264 0.024479166666666666 0.053703703703703705
2 0.9315104166666667 0.3800925925925926 0.03802083333333333 0.13796296296296298
2 0.8145833333333333 0.437962962962963 0.052083333333333336 0.17592592592592593
2 0.8312499999999999 0.6523148148148148 0.14479166666666665 0.3787037037037037
2 0.15651041666666665 0.45046296296296295 0.08177083333333333 0.20092592592592592
2 0.13958333333333334 0.48888888888888893 0.12083333333333333 0.26296296296296295