0 0.5388020833333333 0.34305555555555556 0.013020833333333334 0.028703703703703703
0 0.5515625 0.34351851851851856 0.011458333333333333 0.024074074074074074
1 0.9914062499999999 0.47314814814814815 0.018229166666666668 0.05740740740740741
1 0.9916666666666667 0.4388888888888889 0.016666666666666666 0.031481481481481485
1 0.9674479166666666 0.3611111111111111 0.011979166666666666 0.02592592592592593
1 0.7979166666666666 0.4314814814814815 0.017708333333333333 0.037037037037037035
1 0.8067708333333333 0.4217592592592593 0.016666666666666666 0.036111111111111115
1 0.69296875 0.3162037037037037 0.008854166666666666 0.019444444444444445
1 0.6765625 0.3189814814814815 0.009375 0.019444444444444445
1 0.61640625 0.3226851851851852 0.009895833333333333 0.019444444444444445
2 0.5380208333333333 0.40740740740740744 0.05625 0.15925925925925927
2 0.6153645833333333 0.3652777777777778 0.044270833333333336 0.11388888888888889
2 0.9614583333333333 0.4115740740740741 0.04895833333333333 0.13240740740740742
2 0.7971354166666667 0.5328703703703704 0.0921875 0.2601851851851852