1 0.2994791666666667 0.6393518518518518 0.04583333333333333 0.10833333333333334
1 0.3302083333333333 0.6069444444444445 0.04583333333333333 0.09166666666666667
1 0.73984375 0.38333333333333336 0.01614583333333333 0.03333333333333333
1 0.8544270833333333 0.3944444444444445 0.015104166666666667 0.03518518518518519
1 0.8638020833333333 0.3888888888888889 0.0140625 0.03333333333333333
1 0.9606770833333333 0.45833333333333337 0.0265625 0.05925925925925926
1 0.9861979166666667 0.45787037037037037 0.025520833333333333 0.05648148148148149
1 0.6231770833333333 0.3226851851851852 0.0078125 0.019444444444444445
1 0.8421875 0.32407407407407407 0.007291666666666667 0.016666666666666666
2 0.6182291666666666 0.3666666666666667 0.04479166666666667 0.11111111111111112
2 0.8401041666666667 0.3685185185185185 0.027083333333333334 0.10925925925925926
2 0.7408854166666666 0.46805555555555556 0.0640625 0.20833333333333334
2 0.8614583333333333 0.4810185185185185 0.07083333333333333 0.21944444444444444
2 0.9455729166666667 0.6069444444444445 0.10781249999999999 0.36388888888888893
2 0.33541666666666664 0.7810185185185186 0.22604166666666667 0.4361111111111111