0 0.27734375 0.6851851851851852 0.06510416666666667 0.12407407407407407
0 0.8046875 0.33101851851851855 0.010416666666666666 0.021296296296296296
1 0.9486979166666667 0.3888888888888889 0.019270833333333334 0.03333333333333333
1 0.9359375 0.34675925925925927 0.0125 0.026851851851851852
1 0.95703125 0.350462962962963 0.013020833333333334 0.028703703703703703
1 0.7377604166666667 0.38657407407407407 0.018229166666666668 0.03425925925925926
0 0.8971354166666666 0.30833333333333335 0.008854166666666666 0.018518518518518517
1 0.23489583333333333 0.7180555555555556 0.07083333333333333 0.14537037037037037
1 0.853125 0.300462962962963 0.007291666666666667 0.01388888888888889
2 0.9330729166666667 0.39722222222222225 0.0328125 0.1277777777777778
2 0.9518229166666666 0.4800925925925926 0.0640625 0.2175925925925926
2 0.7359375 0.47222222222222227 0.06458333333333333 0.2111111111111111
2 0.803125 0.3787037037037037 0.03125 0.11851851851851852
2 0.28932291666666665 0.8097222222222222 0.31197916666666664 0.3787037037037037