1 0.08619791666666667 0.8282407407407407 0.07760416666666667 0.14537037037037037
1 0.4861979166666667 0.5013888888888889 0.03697916666666667 0.0787037037037037
1 0.5768229166666666 0.43842592592592594 0.0296875 0.05648148148148149
1 0.94296875 0.41250000000000003 0.0203125 0.04166666666666667
1 0.9450520833333333 0.3314814814814815 0.009895833333333333 0.018518518518518517
1 0.5791666666666666 0.3476851851851852 0.011458333333333333 0.026851851851851852
1 0.58984375 0.34351851851851856 0.013020833333333334 0.024074074074074074
0 0.5059895833333333 0.37777777777777777 0.0203125 0.03888888888888889
0 0.7291666666666666 0.33101851851851855 0.010416666666666666 0.02314814814814815
0 0.73671875 0.30324074074074076 0.009895833333333333 0.015740740740740743
0 0.934375 0.4078703703703704 0.014583333333333334 0.032407407407407406
2 0.13046875 0.8791666666666667 0.24739583333333334 0.23981481481481481
2 0.9408854166666667 0.37962962962962965 0.034895833333333334 0.11851851851851852
2 0.7231770833333333 0.38796296296296295 0.04114583333333333 0.1462962962962963
2 0.4830729166666667 0.6726851851851852 0.14427083333333332 0.41203703703703703
2 0.50078125 0.46574074074074073 0.07135416666666666 0.21666666666666667
2 0.5796875 0.40601851851851856 0.05625 0.15092592592592594
2 0.5828125 0.5467592592592593 0.09270833333333334 0.287962962962963
2 0.9338541666666667 0.5115740740740741 0.084375 0.24351851851851852