0 0.5497395833333333 0.5041666666666667 0.043229166666666666 0.08981481481481482
0 0.9434895833333333 0.38287037037037036 0.019270833333333334 0.03981481481481482
0 0.42682291666666666 0.36574074074074076 0.01614583333333333 0.03518518518518519
0 0.44244791666666666 0.3560185185185185 0.01614583333333333 0.03425925925925926
1 0.4315104166666667 0.47314814814814815 0.025520833333333333 0.05555555555555556
1 0.45807291666666666 0.47222222222222227 0.027604166666666666 0.06666666666666667
1 0.7809895833333333 0.3625 0.015104166666666667 0.028703703703703703
1 0.7705729166666666 0.31574074074074077 0.0078125 0.014814814814814815
1 0.83046875 0.32592592592592595 0.009895833333333333 0.018518518518518517
1 0.8359375 0.31851851851851853 0.009375 0.016666666666666666
1 0.9505208333333334 0.3888888888888889 0.025 0.037037037037037035
2 0.9432291666666667 0.47685185185185186 0.059375 0.22777777777777777
2 0.42265625 0.43842592592592594 0.07760416666666667 0.2064814814814815
2 0.7809895833333333 0.4361111111111111 0.0609375 0.18888888888888888
2 0.5510416666666667 0.7171296296296297 0.15208333333333332 0.5120370370370371
2 0.44765625 0.638425925925926 0.14322916666666666 0.4027777777777778
2 0.8302083333333333 0.3625 0.035416666666666666 0.10833333333333334