0 0.6919270833333333 0.3962962962962963 0.021354166666666667 0.037037037037037035
0 0.8520833333333333 0.3888888888888889 0.025 0.044444444444444446
1 0.8 0.3773148148148148 0.013541666666666667 0.028703703703703703
1 0.8119791666666667 0.37777777777777777 0.013541666666666667 0.031481481481481485
1 0.9091145833333333 0.33194444444444443 0.0109375 0.021296296296296296
0 0.859375 0.3199074074074074 0.008333333333333333 0.019444444444444445
1 0.6833333333333333 0.3425925925925926 0.010416666666666666 0.024074074074074074
1 0.675 0.3490740740740741 0.010416666666666666 0.02592592592592593
1 0.9940104166666667 0.34953703703703703 0.011979166666666666 0.028703703703703703
2 0.90625 0.3805555555555556 0.041666666666666664 0.11666666666666667
2 0.8497395833333333 0.4986111111111111 0.0734375 0.26203703703703707
2 0.8049479166666667 0.4615740740740741 0.07135416666666666 0.20462962962962963
2 0.6734375 0.40092592592592596 0.04375 0.15555555555555556
2 0.6953125 0.4902777777777778 0.06666666666666667 0.23240740740740742