1 0.20026041666666666 0.5212962962962964 0.03697916666666667 0.07962962962962963
1 0.2359375 0.5106481481481482 0.03854166666666667 0.0787037037037037
1 0.3216145833333333 0.40185185185185185 0.019270833333333334 0.040740740740740744
1 0.3416666666666667 0.38333333333333336 0.016666666666666666 0.037037037037037035
1 0.6307291666666667 0.4564814814814815 0.03125 0.06296296296296297
1 0.9778645833333334 0.35000000000000003 0.01614583333333333 0.02777777777777778
1 0.9736979166666666 0.3162037037037037 0.009895833333333333 0.017592592592592594
0 0.8791666666666667 0.34351851851851856 0.013541666666666667 0.024074074074074074
0 0.790625 0.33055555555555555 0.0125 0.02592592592592593
1 0.9427083333333334 0.34120370370370373 0.013541666666666667 0.02314814814814815
2 0.97734375 0.4236111111111111 0.04114583333333333 0.17685185185185187
2 0.9322916666666666 0.3944444444444445 0.03854166666666667 0.13333333333333333
2 0.31796875 0.48842592592592593 0.10781249999999999 0.2638888888888889
2 0.78828125 0.38333333333333336 0.0359375 0.13333333333333333
2 0.8786458333333333 0.3990740740740741 0.0375 0.1388888888888889
2 0.6359375 0.6125 0.11562499999999999 0.3787037037037037
2 0.2515625 0.7175925925925927 0.196875 0.49074074074074076