0 0.12604166666666666 0.40555555555555556 0.022916666666666665 0.053703703703703705
0 0.23229166666666667 0.5273148148148148 0.053125 0.08981481481481482
0 0.7846354166666667 0.3287037037037037 0.0109375 0.024074074074074074
0 0.82890625 0.44722222222222224 0.0234375 0.05185185185185186
1 0.8294270833333334 0.3101851851851852 0.0067708333333333336 0.016666666666666666
1 0.7880208333333333 0.39490740740740743 0.025 0.04537037037037037
1 0.92578125 0.37592592592592594 0.019270833333333334 0.03888888888888889
1 0.9125 0.35879629629629634 0.011458333333333333 0.026851851851851852
1 0.9760416666666667 0.31851851851851853 0.009375 0.016666666666666666
2 0.234375 0.7444444444444445 0.21562499999999998 0.5092592592592593
2 0.11953124999999999 0.5268518518518519 0.16614583333333333 0.2962962962962963
2 0.7828125 0.3763888888888889 0.042708333333333334 0.1212962962962963
2 0.8270833333333333 0.5708333333333333 0.08854166666666667 0.30648148148148147
2 0.9708333333333333 0.35555555555555557 0.03229166666666666 0.1
2 0.9260416666666667 0.4671296296296297 0.06458333333333333 0.22314814814814815
2 0.78359375 0.46944444444444444 0.06927083333333334 0.20740740740740743