0 0.3385416666666667 0.6805555555555556 0.06458333333333333 0.13148148148148148
0 0.22083333333333333 0.4027777777777778 0.022916666666666665 0.0462962962962963
0 0.190625 0.5310185185185186 0.058333333333333334 0.08981481481481482
0 0.7817708333333333 0.3736111111111111 0.016666666666666666 0.03425925925925926
1 0.89609375 0.41944444444444445 0.021354166666666667 0.040740740740740744
1 0.84609375 0.3513888888888889 0.0109375 0.025
1 0.4153645833333333 0.725925925925926 0.05260416666666667 0.11481481481481481
1 0.15338541666666666 0.5662037037037038 0.024479166666666666 0.06018518518518519
2 0.21145833333333333 0.49444444444444446 0.1125 0.2425925925925926
2 0.8473958333333333 0.40972222222222227 0.042708333333333334 0.14722222222222223
2 0.8861979166666667 0.5328703703703704 0.0703125 0.27314814814814814
2 0.7828125 0.44907407407407407 0.053125 0.19074074074074074
2 0.409375 0.8064814814814815 0.278125 0.3851851851851852
2 0.18619791666666666 0.7407407407407408 0.22552083333333334 0.5166666666666667