0 0.51484375 0.5981481481481482 0.058854166666666666 0.09814814814814815
0 0.7158854166666666 0.39861111111111114 0.0234375 0.03981481481481482
0 0.8325520833333333 0.4518518518518519 0.030729166666666665 0.053703703703703705
0 0.8971354166666666 0.34120370370370373 0.0109375 0.021296296296296296
1 0.7091145833333333 0.41250000000000003 0.018229166666666668 0.03796296296296296
1 0.85 0.47870370370370374 0.021875 0.053703703703703705
1 0.9752604166666666 0.3726851851851852 0.015104166666666667 0.026851851851851852
1 0.9328124999999999 0.3287037037037037 0.008333333333333333 0.016666666666666666
1 0.9140625 0.3041666666666667 0.005208333333333333 0.012037037037037037
2 0.9296875 0.37222222222222223 0.029166666666666667 0.11296296296296297
2 0.5075520833333333 0.7722222222222223 0.18697916666666667 0.4537037037037037
2 0.9671875 0.4476851851851852 0.053125 0.18425925925925926
2 0.8942708333333333 0.3939814814814815 0.035416666666666666 0.13055555555555556
2 0.8385416666666666 0.6106481481481482 0.11666666666666667 0.3675925925925926
2 0.7078125 0.49768518518518523 0.08958333333333333 0.25462962962962965