0 0.21302083333333333 0.3685185185185185 0.019791666666666666 0.03888888888888889
0 0.72265625 0.3314814814814815 0.011979166666666666 0.02592592592592593
0 0.9721354166666667 0.3592592592592593 0.015104166666666667 0.02962962962962963
0 0.78984375 0.3055555555555556 0.008854166666666666 0.014814814814814815
1 0.83984375 0.3087962962962963 0.0067708333333333336 0.015740740740740743
1 0.9236979166666667 0.35000000000000003 0.0140625 0.031481481481481485
1 0.27421875 0.638888888888889 0.044270833333333336 0.0962962962962963
1 0.24296874999999998 0.6648148148148149 0.0515625 0.0925925925925926
2 0.209375 0.45046296296296295 0.09895833333333333 0.20833333333333334
2 0.9713541666666666 0.4277777777777778 0.042708333333333334 0.16666666666666669
2 0.9166666666666666 0.4138888888888889 0.053125 0.16111111111111112
2 0.26901041666666664 0.7944444444444445 0.2838541666666667 0.40925925925925927
2 0.71875 0.3875 0.03958333333333333 0.14166666666666666