0 0.19739583333333333 0.36342592592592593 0.017708333333333333 0.03425925925925926
0 0.4942708333333333 0.35000000000000003 0.015625 0.03518518518518519
0 0.5119791666666667 0.34814814814814815 0.013541666666666667 0.02962962962962963
0 0.6309895833333333 0.3439814814814815 0.013020833333333334 0.028703703703703703
0 0.7059895833333333 0.39814814814814814 0.019270833333333334 0.040740740740740744
1 0.9575520833333333 0.3439814814814815 0.013020833333333334 0.019444444444444445
1 0.8114583333333333 0.42824074074074076 0.022916666666666665 0.049074074074074076
1 0.6661458333333333 0.33194444444444443 0.009375 0.02314814814814815
2 0.20520833333333333 0.45046296296296295 0.10520833333333333 0.20833333333333334
2 0.9513020833333333 0.3995370370370371 0.049479166666666664 0.1398148148148148
2 0.8109375 0.5449074074074074 0.09479166666666666 0.28611111111111115
2 0.70625 0.49259259259259264 0.08958333333333333 0.23333333333333334
2 0.66328125 0.38703703703703707 0.04114583333333333 0.1388888888888889
2 0.49166666666666664 0.4305555555555556 0.071875 0.20740740740740743
2 0.62421875 0.4078703703703704 0.0453125 0.15833333333333333