0 0.20729166666666665 0.3675925925925926 0.017708333333333333 0.03518518518518519
1 0.14010416666666667 0.7300925925925926 0.05625 0.10462962962962963
1 0.20520833333333333 0.7199074074074074 0.052083333333333336 0.11018518518518519
1 0.24114583333333334 0.6694444444444445 0.05416666666666667 0.12592592592592594
1 0.5044270833333333 0.35000000000000003 0.013020833333333334 0.02962962962962963
1 0.9630208333333333 0.35370370370370374 0.013541666666666667 0.02592592592592593
0 0.9192708333333334 0.3402777777777778 0.011458333333333333 0.02314814814814815
0 0.23020833333333332 0.38796296296296295 0.022916666666666665 0.0462962962962963
2 0.20572916666666666 0.4513888888888889 0.10520833333333333 0.20833333333333334
2 0.9598958333333333 0.4175925925925926 0.05 0.1574074074074074
2 0.91640625 0.3944444444444445 0.0453125 0.13333333333333333
2 0.23072916666666665 0.8037037037037037 0.2916666666666667 0.3907407407407408
2 0.4984375 0.42083333333333334 0.058333333333333334 0.1824074074074074
2 0.22057291666666667 0.49074074074074076 0.11510416666666666 0.2555555555555556