1 0.6515625 0.4689814814814815 0.03958333333333333 0.05648148148148149
1 0.6768229166666666 0.47361111111111115 0.025520833333333333 0.06018518518518519
1 0.58671875 0.3351851851851852 0.0109375 0.024074074074074074
0 0.59453125 0.33055555555555555 0.0109375 0.022222222222222223
1 0.41484375 0.587037037037037 0.044270833333333336 0.10555555555555556
1 0.3606770833333333 0.6148148148148148 0.04114583333333333 0.07962962962962963
0 0.9036458333333334 0.3351851851851852 0.009375 0.022222222222222223
0 0.87109375 0.3060185185185185 0.0067708333333333336 0.015740740740740743
2 0.8963541666666667 0.3893518518518519 0.02395833333333333 0.13425925925925927
2 0.5856770833333333 0.38796296296296295 0.05260416666666667 0.1425925925925926
2 0.6674479166666667 0.6199074074074075 0.12864583333333332 0.36203703703703705
2 0.39921875 0.7662037037037037 0.23385416666666667 0.46574074074074073