0 0.2778645833333333 0.5439814814814815 0.0453125 0.08425925925925926
0 0.40338541666666666 0.3472222222222222 0.015104166666666667 0.03518518518518519
0 0.7315104166666666 0.5041666666666667 0.04010416666666666 0.07685185185185185
0 0.7979166666666666 0.3162037037037037 0.010416666666666666 0.021296296296296296
1 0.7799479166666666 0.43703703703703706 0.018229166666666668 0.04259259259259259
1 0.7984375 0.42592592592592593 0.021875 0.04814814814814815
1 0.8861979166666667 0.38981481481481484 0.0234375 0.03333333333333333
1 0.39166666666666666 0.35462962962962963 0.013541666666666667 0.02962962962962963
0 0.9716145833333333 0.3199074074074074 0.009895833333333333 0.017592592592592594
2 0.9669270833333333 0.3597222222222222 0.022395833333333334 0.10277777777777779
2 0.7940104166666666 0.3523148148148148 0.0265625 0.09907407407407408
2 0.3880208333333333 0.4226851851851852 0.08333333333333333 0.18611111111111112
2 0.2903645833333333 0.75 0.2015625 0.4981481481481482
2 0.8864583333333333 0.4763888888888889 0.07395833333333333 0.20833333333333334
2 0.7911458333333333 0.5393518518518519 0.1 0.27685185185185185
2 0.7380208333333333 0.6935185185185185 0.13333333333333333 0.45