1 0.07317708333333334 0.3925925925925926 0.021354166666666667 0.04814814814814815
1 0.9307291666666666 0.3800925925925926 0.013541666666666667 0.028703703703703703
1 0.9432291666666667 0.3717592592592593 0.014583333333333334 0.030555555555555558
1 0.9604166666666667 0.35185185185185186 0.016666666666666666 0.02592592592592593
0 0.728125 0.39814814814814814 0.019791666666666666 0.04259259259259259
0 0.8901041666666667 0.39675925925925926 0.021875 0.03796296296296296
0 0.5502604166666667 0.4953703703703704 0.03697916666666667 0.07222222222222223
0 0.7013020833333333 0.32685185185185184 0.0109375 0.02592592592592593
2 0.6958333333333333 0.375462962962963 0.035416666666666666 0.12314814814814816
2 0.5588541666666667 0.675462962962963 0.12395833333333334 0.437962962962963
2 0.062239583333333334 0.487962962962963 0.1203125 0.25925925925925924
2 0.7328125 0.49768518518518523 0.065625 0.24351851851851852
2 0.9658854166666666 0.40694444444444444 0.03697916666666667 0.13796296296296298
2 0.9369791666666667 0.44953703703703707 0.06354166666666666 0.18611111111111112
2 0.8908854166666667 0.49953703703703706 0.0734375 0.24351851851851852