1 0.24166666666666667 0.5310185185185186 0.0375 0.08425925925925926
1 0.20755208333333333 0.5430555555555556 0.03697916666666667 0.06944444444444445
1 0.7380208333333333 0.4342592592592593 0.021875 0.04814814814814815
0 0.6513020833333333 0.3365740740740741 0.009895833333333333 0.02314814814814815
0 0.6528645833333333 0.3300925925925926 0.0109375 0.02314814814814815
1 0.9690104166666667 0.36435185185185187 0.0140625 0.028703703703703703
0 0.9216145833333333 0.3027777777777778 0.0078125 0.016666666666666666
2 0.9692708333333333 0.4398148148148148 0.05 0.17777777777777778
2 0.7395833333333334 0.5643518518518519 0.08854166666666667 0.3138888888888889
2 0.2565104166666667 0.7000000000000001 0.19427083333333334 0.4277777777777778
2 0.6489583333333333 0.3861111111111111 0.040625 0.1388888888888889