0 0.16067708333333333 0.4189814814814815 0.033854166666666664 0.05092592592592593
0 0.3296875 0.3768518518518519 0.01875 0.037037037037037035
0 0.8057291666666666 0.4013888888888889 0.021875 0.036111111111111115
0 0.7669270833333334 0.3199074074074074 0.009895833333333333 0.017592592592592594
0 0.7013020833333333 0.3138888888888889 0.009895833333333333 0.020370370370370372
1 0.9244791666666666 0.3388888888888889 0.008333333333333333 0.018518518518518517
1 0.9817708333333334 0.4046296296296297 0.01875 0.03333333333333333
1 0.9927083333333333 0.3337962962962963 0.011458333333333333 0.02314814814814815
2 0.9671875 0.513425925925926 0.06458333333333333 0.25277777777777777
2 0.31875 0.4675925925925926 0.08333333333333333 0.22222222222222224
2 0.14609375 0.5532407407407408 0.15364583333333334 0.3194444444444445
2 0.6971354166666667 0.35833333333333334 0.03177083333333333 0.11111111111111112
2 0.76484375 0.3666666666666667 0.03177083333333333 0.10925925925925926
2 0.9210937499999999 0.3861111111111111 0.03177083333333333 0.12407407407407407
2 0.8026041666666667 0.5120370370370371 0.07395833333333333 0.2611111111111111