0 0.5640625 0.5486111111111112 0.046875 0.08055555555555556
1 0.5177083333333333 0.5657407407407408 0.034375 0.07592592592592592
0 0.6513020833333333 0.41574074074074074 0.0203125 0.04814814814814815
1 0.8565104166666666 0.42592592592592593 0.018229166666666668 0.04259259259259259
1 0.9523437499999999 0.3814814814814815 0.015104166666666667 0.02962962962962963
1 0.6752604166666667 0.33287037037037037 0.009895833333333333 0.019444444444444445
2 0.95 0.46342592592592596 0.057291666666666664 0.19351851851851853
2 0.8481770833333333 0.5347222222222222 0.07239583333333333 0.2601851851851852
2 0.6450520833333333 0.5263888888888889 0.0953125 0.2675925925925926
2 0.6755208333333333 0.3791666666666667 0.03854166666666667 0.11944444444444445
2 0.5520833333333334 0.7513888888888889 0.16979166666666667 0.4953703703703704