1 0.5013020833333334 0.437962962962963 0.024479166666666666 0.05740740740740741
1 0.5455729166666666 0.3527777777777778 0.011979166666666666 0.02777777777777778
1 0.8114583333333333 0.38472222222222224 0.017708333333333333 0.036111111111111115
1 0.87265625 0.3453703703703704 0.0109375 0.024074074074074074
1 0.7369791666666666 0.3175925925925926 0.008333333333333333 0.018518518518518517
1 0.8122395833333333 0.3125 0.0067708333333333336 0.01388888888888889
1 0.8161458333333333 0.3101851851851852 0.00625 0.012962962962962964
1 0.8244791666666667 0.3092592592592593 0.00625 0.014814814814814815
0 0.9565104166666667 0.33842592592592596 0.013020833333333334 0.021296296296296296
0 0.9598958333333333 0.3680555555555556 0.014583333333333334 0.026851851851851852
0 0.9643229166666667 0.35879629629629634 0.011979166666666666 0.021296296296296296
2 0.5122395833333333 0.5902777777777778 0.1140625 0.36944444444444446
2 0.7322916666666667 0.36064814814814816 0.03125 0.11203703703703705
2 0.809375 0.34861111111111115 0.025 0.09537037037037037
2 0.9559895833333333 0.4375 0.057812499999999996 0.17685185185185187
2 0.8723958333333334 0.40601851851851856 0.040625 0.15092592592592594
2 0.8015625 0.46574074074074073 0.06770833333333333 0.20740740740740743
2 0.54375 0.4175925925925926 0.057291666666666664 0.16481481481481483