1 0.32786458333333335 0.37222222222222223 0.0140625 0.03333333333333333
1 0.3484375 0.3837962962962963 0.01875 0.036111111111111115
1 0.6203125 0.33333333333333337 0.011458333333333333 0.024074074074074074
1 0.82578125 0.35879629629629634 0.0140625 0.030555555555555558
1 0.9200520833333333 0.34351851851851856 0.013020833333333334 0.024074074074074074
1 0.9640624999999999 0.3162037037037037 0.008333333333333333 0.017592592592592594
1 0.7278645833333334 0.32453703703703707 0.0078125 0.021296296296296296
1 0.7341145833333333 0.32407407407407407 0.0078125 0.016666666666666666
1 0.7481770833333333 0.3180555555555556 0.008854166666666666 0.02314814814814815
2 0.8234374999999999 0.4328703703703704 0.05625 0.1824074074074074
2 0.6135416666666667 0.3875 0.040625 0.14166666666666666
2 0.7505208333333333 0.35370370370370374 0.028125 0.09814814814814815
2 0.7268229166666667 0.3703703703703704 0.0328125 0.11851851851851852
2 0.9651041666666667 0.3675925925925926 0.030208333333333334 0.11111111111111112
2 0.9127604166666666 0.39814814814814814 0.04739583333333333 0.13703703703703704
2 0.3458333333333333 0.4708333333333333 0.08541666666666667 0.225