0 0.19322916666666667 0.39722222222222225 0.030208333333333334 0.05555555555555556
1 0.5145833333333333 0.5101851851851852 0.034375 0.06851851851851852
1 0.6458333333333334 0.4046296296296297 0.02395833333333333 0.03888888888888889
1 0.7315104166666666 0.475462962962963 0.027604166666666666 0.05277777777777778
1 0.7505208333333333 0.47824074074074074 0.027083333333333334 0.04722222222222222
1 0.7635416666666667 0.4314814814814815 0.019791666666666666 0.040740740740740744
1 0.775 0.42685185185185187 0.017708333333333333 0.03888888888888889
0 0.9333333333333333 0.34074074074074073 0.0125 0.022222222222222223
0 0.89296875 0.3037037037037037 0.0078125 0.014814814814814815
1 0.9080729166666667 0.30092592592592593 0.005729166666666666 0.012962962962962964
1 0.9249999999999999 0.2972222222222222 0.00625 0.012962962962962964
2 0.9309895833333334 0.3912037037037037 0.03697916666666667 0.1287037037037037
2 0.17630208333333333 0.5277777777777778 0.14739583333333334 0.32037037037037036
2 0.7799479166666666 0.5314814814814816 0.0671875 0.2518518518518519
2 0.6403645833333333 0.5083333333333333 0.07864583333333333 0.2518518518518519
2 0.7403645833333333 0.637962962962963 0.09427083333333333 0.3814814814814815
2 0.5109375 0.6935185185185185 0.15104166666666666 0.43703703703703706