1 0.6520833333333333 0.4337962962962963 0.020833333333333332 0.05092592592592593
1 0.7645833333333333 0.40740740740740744 0.020833333333333332 0.040740740740740744
1 0.8955729166666666 0.3814814814814815 0.0140625 0.024074074074074074
1 0.9020833333333333 0.3800925925925926 0.0125 0.028703703703703703
0 0.8624999999999999 0.35370370370370374 0.010416666666666666 0.022222222222222223
1 0.8026041666666667 0.3791666666666667 0.013541666666666667 0.026851851851851852
1 0.8111979166666666 0.38101851851851853 0.0171875 0.028703703703703703
0 0.83046875 0.3101851851851852 0.008854166666666666 0.020370370370370372
1 0.8598958333333333 0.3078703703703704 0.00625 0.01388888888888889
1 0.8888020833333333 0.3037037037037037 0.005729166666666666 0.011111111111111112
2 0.8278645833333333 0.3458333333333333 0.028645833333333332 0.09907407407407408
2 0.8973958333333333 0.45740740740740743 0.058333333333333334 0.18703703703703706
2 0.6536458333333334 0.5643518518518519 0.096875 0.3138888888888889
2 0.8614583333333333 0.4203703703703704 0.042708333333333334 0.15185185185185185
2 0.80234375 0.46435185185185185 0.05260416666666667 0.19907407407407407
2 0.74765625 0.5111111111111112 0.0828125 0.2518518518518519