1 0.41432291666666665 0.513888888888889 0.033854166666666664 0.08148148148148149
1 0.4388020833333333 0.5217592592592593 0.0234375 0.07314814814814816
1 0.8880208333333334 0.37824074074074077 0.0125 0.030555555555555558
1 0.9044270833333333 0.34305555555555556 0.009895833333333333 0.017592592592592594
1 0.8963541666666667 0.34074074074074073 0.010416666666666666 0.020370370370370372
1 0.87890625 0.36435185185185187 0.008854166666666666 0.021296296296296296
1 0.88671875 0.3592592592592593 0.009895833333333333 0.016666666666666666
1 0.7885416666666667 0.3180555555555556 0.003125 0.01388888888888889
1 0.828125 0.30648148148148147 0.007291666666666667 0.014814814814814815
0 0.7424479166666667 0.3180555555555556 0.009895833333333333 0.019444444444444445
0 0.9598958333333333 0.32962962962962966 0.008333333333333333 0.016666666666666666
2 0.4393229166666667 0.7148148148148148 0.16302083333333334 0.48888888888888893
2 0.7856770833333333 0.35370370370370374 0.0265625 0.0962962962962963
2 0.7416666666666667 0.3652777777777778 0.034375 0.11944444444444445
2 0.95546875 0.40740740740740744 0.0453125 0.13703703703703704
2 0.8924479166666667 0.45740740740740743 0.0671875 0.1962962962962963
2 0.9010416666666666 0.4013888888888889 0.03333333333333333 0.1398148148148148
2 0.8731770833333333 0.4351851851851852 0.049479166666666664 0.17222222222222222