0 0.078125 0.6425925925925926 0.07916666666666666 0.12407407407407407
0 0.15078125 0.6171296296296297 0.06197916666666667 0.11388888888888889
0 0.6109375 0.33611111111111114 0.014583333333333334 0.031481481481481485
1 0.8369791666666666 0.4064814814814815 0.020833333333333332 0.0462962962962963
1 0.9630208333333333 0.3416666666666667 0.0125 0.022222222222222223
1 0.9919270833333333 0.32222222222222224 0.0078125 0.012962962962962964
1 0.9861979166666667 0.3226851851851852 0.0067708333333333336 0.012037037037037037
1 0.7580729166666667 0.3189814814814815 0.0078125 0.017592592592592594
1 0.7002604166666666 0.32731481481481484 0.008854166666666666 0.019444444444444445
0 0.9158854166666667 0.3013888888888889 0.005729166666666666 0.01388888888888889
2 0.16145833333333334 0.7810185185185186 0.31979166666666664 0.4361111111111111
2 0.7544270833333333 0.3541666666666667 0.0265625 0.09537037037037037
2 0.8375 0.5125000000000001 0.07708333333333334 0.26203703703703707
2 0.69609375 0.3763888888888889 0.033854166666666664 0.1212962962962963
2 0.6059895833333333 0.3939814814814815 0.049479166666666664 0.1564814814814815
2 0.9557291666666666 0.39305555555555555 0.041666666666666664 0.12685185185185185