1 0.7653645833333333 0.38842592592592595 0.018229166666666668 0.03981481481481482
1 0.7828125 0.3162037037037037 0.009375 0.015740740740740743
0 0.9765625 0.40740740740740744 0.020833333333333332 0.04259259259259259
0 0.9614583333333333 0.40185185185185185 0.017708333333333333 0.03518518518518519
1 0.9333333333333333 0.3625 0.014583333333333334 0.032407407407407406
1 0.8489583333333334 0.3111111111111111 0.007291666666666667 0.014814814814814815
2 0.8473958333333333 0.35000000000000003 0.027083333333333334 0.10370370370370371
2 0.7848958333333333 0.35324074074074074 0.03333333333333333 0.09907407407407408
2 0.7658854166666667 0.4865740740740741 0.07447916666666667 0.24166666666666667
2 0.965625 0.500925925925926 0.06770833333333333 0.23703703703703705
2 0.93125 0.43333333333333335 0.04895833333333333 0.17407407407407408