1 0.03854166666666667 0.6212962962962963 0.04895833333333333 0.10185185185185186
1 0.06588541666666667 0.4101851851851852 0.0203125 0.04814814814814815
1 0.5924479166666666 0.42638888888888893 0.022395833333333334 0.04722222222222222
1 0.76015625 0.33194444444444443 0.009895833333333333 0.02314814814814815
1 0.7515625 0.3236111111111111 0.010416666666666666 0.021296296296296296
1 0.7080729166666666 0.3902777777777778 0.013020833333333334 0.028703703703703703
0 0.6989583333333333 0.3787037037037037 0.019791666666666666 0.03333333333333333
0 0.7981770833333334 0.45787037037037037 0.0265625 0.049074074074074076
1 0.0765625 0.40324074074074073 0.01875 0.05092592592592593
2 0.06588541666666667 0.5162037037037037 0.12864583333333332 0.287962962962963
2 0.7557291666666667 0.3773148148148148 0.03333333333333333 0.125
2 0.7052083333333333 0.47500000000000003 0.06458333333333333 0.2240740740740741
2 0.8044270833333333 0.6046296296296296 0.09739583333333333 0.34814814814814815
2 0.61875 0.5550925925925926 0.128125 0.3990740740740741
2 0.121875 0.7791666666666667 0.24375 0.4398148148148148