1 0.16015625 0.5606481481481481 0.04010416666666666 0.08055555555555556
1 0.41119791666666666 0.4527777777777778 0.025520833333333333 0.040740740740740744
1 0.42526041666666664 0.437962962962963 0.021354166666666667 0.05
1 0.4296875 0.5819444444444445 0.03854166666666667 0.08796296296296297
1 0.4630208333333333 0.5921296296296297 0.034375 0.08796296296296297
1 0.79765625 0.4800925925925926 0.025520833333333333 0.06018518518518519
1 0.81484375 0.4689814814814815 0.025520833333333333 0.06018518518518519
1 0.73046875 0.43194444444444446 0.021354166666666667 0.05092592592592593
1 0.8484375 0.3768518518518519 0.017708333333333333 0.02962962962962963
0 0.9622395833333334 0.38101851851851853 0.0171875 0.032407407407407406
1 0.60625 0.3509259259259259 0.0125 0.024074074074074074
0 0.6893229166666667 0.3300925925925926 0.013020833333333334 0.025
2 0.59921875 0.4138888888888889 0.0484375 0.16481481481481483
2 0.6932291666666667 0.3791666666666667 0.04479166666666667 0.125
2 0.475 0.7703703703703704 0.18229166666666666 0.45740740740740743
2 0.8088541666666667 0.6263888888888889 0.12291666666666666 0.3787037037037037
2 0.9583333333333334 0.4620370370370371 0.06041666666666667 0.19814814814814816
2 0.17526041666666667 0.7564814814814815 0.21927083333333333 0.4851851851851852
2 0.4309895833333333 0.5805555555555556 0.10885416666666667 0.34074074074074073
2 0.86171875 0.4569444444444445 0.06614583333333333 0.25462962962962965
2 0.7403645833333333 0.5592592592592592 0.07760416666666667 0.3111111111111111