1 0.5864583333333333 0.45555555555555555 0.02395833333333333 0.061111111111111116
1 0.6104166666666666 0.46574074074074073 0.022916666666666665 0.053703703703703705
1 0.6807291666666666 0.4083333333333333 0.016666666666666666 0.037037037037037035
1 0.7440104166666667 0.3837962962962963 0.019270833333333334 0.028703703703703703
1 0.6190104166666667 0.33981481481481485 0.0109375 0.02962962962962963
1 0.38776041666666666 0.3763888888888889 0.018229166666666668 0.04351851851851852
1 0.828125 0.4087962962962963 0.019791666666666666 0.04537037037037037
1 0.8419270833333333 0.4138888888888889 0.0140625 0.03333333333333333
1 0.8763020833333334 0.3699074074074074 0.015104166666666667 0.03425925925925926
1 0.953125 0.3912037037037037 0.016666666666666666 0.03425925925925926
1 0.95390625 0.3453703703703704 0.013020833333333334 0.022222222222222223
0 0.94921875 0.31851851851851853 0.009895833333333333 0.018518518518518517
1 0.8197916666666667 0.32083333333333336 0.009375 0.017592592592592594
1 0.9596354166666666 0.38703703703703707 0.015104166666666667 0.03333333333333333
2 0.3776041666666667 0.4689814814814815 0.08125 0.22870370370370371
2 0.6234375 0.39537037037037037 0.053125 0.14814814814814814
2 0.81875 0.35694444444444445 0.028125 0.09907407407407408
2 0.60234375 0.6032407407407407 0.1109375 0.3564814814814815
2 0.8390624999999999 0.5106481481481482 0.078125 0.25277777777777777
2 0.95546875 0.48055555555555557 0.07135416666666666 0.22777777777777777
2 0.68203125 0.5041666666666667 0.0734375 0.23981481481481481
2 0.7583333333333333 0.46111111111111114 0.057291666666666664 0.1851851851851852
2 0.9588541666666667 0.39722222222222225 0.05520833333333333 0.17037037037037037
2 0.8755208333333333 0.4412037037037037 0.04479166666666667 0.18425925925925926