0 0.59921875 0.43333333333333335 0.0296875 0.053703703703703705
1 0.46848958333333335 0.5625 0.04114583333333333 0.07685185185185185
1 0.4947916666666667 0.5773148148148148 0.03333333333333333 0.08055555555555556
1 0.7627604166666666 0.5615740740740741 0.03802083333333333 0.07685185185185185
0 0.9755208333333333 0.5041666666666667 0.03229166666666666 0.0638888888888889
0 0.8005208333333333 0.31666666666666665 0.008333333333333333 0.016666666666666666
0 0.80546875 0.3138888888888889 0.0067708333333333336 0.014814814814814815
0 0.8268229166666666 0.30972222222222223 0.0078125 0.017592592592592594
2 0.5861979166666667 0.5731481481481482 0.14322916666666666 0.3388888888888889
2 0.74921875 0.7574074074074074 0.15260416666666665 0.48333333333333334
2 0.9440104166666666 0.6847222222222222 0.1109375 0.4342592592592593
2 0.7989583333333333 0.350462962962963 0.03229166666666666 0.09537037037037037
2 0.47812499999999997 0.7643518518518518 0.19791666666666666 0.46944444444444444
2 0.8244791666666667 0.34120370370370373 0.025 0.08611111111111111