0 0.3885416666666667 0.46296296296296297 0.03229166666666666 0.06296296296296297
1 0.7203125 0.5712962962962963 0.057291666666666664 0.07962962962962963
1 0.8854166666666666 0.4199074074074074 0.01875 0.03796296296296296
1 0.8942708333333333 0.4273148148148148 0.010416666666666666 0.03425925925925926
1 0.8182291666666667 0.3212962962962963 0.007291666666666667 0.014814814814814815
0 0.75390625 0.3199074074074074 0.008854166666666666 0.021296296296296296
0 0.7018229166666666 0.32685185185185184 0.009895833333333333 0.022222222222222223
0 0.7083333333333334 0.325 0.008333333333333333 0.020370370370370372
0 0.9744791666666667 0.500462962962963 0.030208333333333334 0.0638888888888889
2 0.37994791666666666 0.6356481481481482 0.16614583333333333 0.4138888888888889
2 0.7338541666666667 0.7564814814814815 0.15 0.4851851851851852
2 0.9471354166666667 0.6597222222222222 0.1046875 0.4101851851851852
2 0.7005208333333334 0.3726851851851852 0.040625 0.12314814814814816
2 0.8822916666666667 0.5430555555555556 0.11041666666666666 0.28425925925925927
2 0.7486979166666666 0.3592592592592593 0.03177083333333333 0.10555555555555556
2 0.8138020833333334 0.3564814814814815 0.028645833333333332 0.09444444444444444