0 0.07734375 0.5291666666666667 0.050520833333333334 0.09166666666666667
0 0.5661458333333333 0.3425925925925926 0.0125 0.024074074074074074
0 0.575 0.3416666666666667 0.011458333333333333 0.02592592592592593
0 0.6598958333333333 0.3337962962962963 0.014583333333333334 0.026851851851851852
0 0.9815104166666666 0.4462962962962963 0.024479166666666666 0.05
1 0.8260416666666667 0.30648148148148147 0.00625 0.014814814814814815
1 0.7427083333333333 0.3300925925925926 0.007291666666666667 0.019444444444444445
1 0.7645833333333333 0.5361111111111111 0.03333333333333333 0.07037037037037037
2 0.1 0.7398148148148148 0.19791666666666666 0.5185185185185185
2 0.7489583333333333 0.737037037037037 0.14479166666666665 0.5037037037037038
2 0.9669270833333333 0.5731481481481482 0.06510416666666667 0.3037037037037037
2 0.5630208333333333 0.4050925925925926 0.05625 0.1638888888888889
2 0.6544270833333333 0.3856481481481482 0.0359375 0.13425925925925927
2 0.7372395833333333 0.3731481481481482 0.0328125 0.10925925925925926
2 0.825 0.33796296296296297 0.02395833333333333 0.08148148148148149