0 0.21614583333333334 0.3944444444444445 0.022916666666666665 0.04814814814814815
1 0.4986979166666667 0.3652777777777778 0.013020833333333334 0.030555555555555558
1 0.5677083333333334 0.5125000000000001 0.027083333333333334 0.06018518518518519
1 0.5955729166666667 0.5027777777777778 0.0296875 0.06481481481481481
1 0.6583333333333333 0.33240740740740743 0.010416666666666666 0.022222222222222223
1 0.8473958333333333 0.3902777777777778 0.016666666666666666 0.036111111111111115
0 0.9544270833333334 0.3685185185185185 0.0140625 0.02777777777777778
2 0.8471354166666667 0.48055555555555557 0.06510416666666667 0.22222222222222224
2 0.9502604166666666 0.4430555555555556 0.0515625 0.17685185185185187
2 0.5966145833333333 0.688425925925926 0.1484375 0.44351851851851853
2 0.20416666666666666 0.4861111111111111 0.11770833333333333 0.24444444444444446
2 0.48932291666666666 0.42962962962962964 0.0609375 0.17037037037037037
2 0.65625 0.3819444444444445 0.03958333333333333 0.13425925925925927