1 0.3307291666666667 0.36064814814814816 0.013541666666666667 0.025
1 0.6841145833333333 0.49074074074074076 0.025520833333333333 0.0462962962962963
1 0.8838541666666666 0.3842592592592593 0.017708333333333333 0.03518518518518519
1 0.9395833333333333 0.3490740740740741 0.010416666666666666 0.024074074074074074
1 0.9479166666666666 0.34953703703703703 0.009375 0.02314814814814815
0 0.7026041666666667 0.47453703703703703 0.04375 0.062037037037037036
0 0.7515625 0.32222222222222224 0.009375 0.018518518518518517
2 0.93515625 0.41111111111111115 0.05260416666666667 0.15555555555555556
2 0.33515625 0.42638888888888893 0.0484375 0.1712962962962963
2 0.8807291666666667 0.4671296296296297 0.059375 0.20833333333333334
2 0.69921875 0.6407407407407407 0.1140625 0.39814814814814814
2 0.75 0.3652777777777778 0.0375 0.11018518518518519