1 0.2643229166666667 0.37222222222222223 0.018229166666666668 0.03333333333333333
1 0.5296875 0.49212962962962964 0.034375 0.075
1 0.8752604166666667 0.3925925925925926 0.01614583333333333 0.02777777777777778
1 0.9572916666666667 0.3509259259259259 0.013541666666666667 0.02592592592592593
0 0.88828125 0.3805555555555556 0.018229166666666668 0.031481481481481485
0 0.6666666666666666 0.3300925925925926 0.0125 0.028703703703703703
2 0.26588541666666665 0.4587962962962963 0.0703125 0.2064814814814815
2 0.9533854166666667 0.412962962962963 0.0453125 0.15185185185185185
2 0.8820312499999999 0.4671296296296297 0.06302083333333333 0.20833333333333334
2 0.6658854166666667 0.3814814814814815 0.0421875 0.12962962962962962
2 0.53125 0.6620370370370371 0.12916666666666665 0.4166666666666667