1 0.07369791666666667 0.40925925925925927 0.019270833333333334 0.04259259259259259
1 0.7872395833333333 0.6337962962962963 0.03802083333333333 0.0712962962962963
1 0.834375 0.38796296296296295 0.01875 0.037037037037037035
0 0.5666666666666667 0.34120370370370373 0.013541666666666667 0.028703703703703703
0 0.809375 0.5888888888888889 0.04479166666666667 0.08703703703703704
1 0.946875 0.3476851851851852 0.009375 0.017592592592592594
0 0.9518229166666666 0.3421296296296296 0.0109375 0.021296296296296296
0 0.90625 0.3013888888888889 0.007291666666666667 0.01388888888888889
2 0.071875 0.5148148148148148 0.12291666666666666 0.2574074074074074
2 0.9463541666666666 0.3990740740740741 0.04375 0.14074074074074075
2 0.5669270833333333 0.40185185185185185 0.05260416666666667 0.1574074074074074
2 0.8328125 0.47361111111111115 0.057291666666666664 0.2138888888888889
2 0.8067708333333333 0.7699074074074075 0.16666666666666666 0.45833333333333337