1 0.5919270833333333 0.4416666666666667 0.025520833333333333 0.053703703703703705
1 0.9591145833333333 0.4671296296296297 0.024479166666666666 0.04351851851851852
1 0.9348958333333334 0.34814814814814815 0.0125 0.02592592592592593
1 0.16588541666666667 0.3662037037037037 0.028645833333333332 0.03796296296296296
0 0.41354166666666664 0.3592592592592593 0.01875 0.03518518518518519
0 0.9625 0.44351851851851853 0.025 0.05
0 0.86875 0.3074074074074074 0.008333333333333333 0.018518518518518517
2 0.40520833333333334 0.4356481481481482 0.07291666666666667 0.1953703703703704
2 0.9330729166666667 0.40694444444444444 0.04114583333333333 0.14722222222222223
2 0.6002604166666666 0.5902777777777778 0.09947916666666666 0.3527777777777778
2 0.9533854166666667 0.5824074074074075 0.0921875 0.32962962962962966