0 0.14609375 0.3925925925925926 0.021354166666666667 0.040740740740740744
1 0.15911458333333334 0.38796296296296295 0.013020833333333334 0.037037037037037035
1 0.8841145833333334 0.3527777777777778 0.0109375 0.024074074074074074
0 0.8354166666666667 0.3199074074074074 0.009375 0.019444444444444445
0 0.9914062499999999 0.38657407407407407 0.018229166666666668 0.04166666666666667
1 0.9934895833333334 0.325 0.008854166666666666 0.018518518518518517
0 0.9278645833333333 0.3023148148148148 0.005729166666666666 0.012037037037037037
2 0.8333333333333334 0.3648148148148148 0.03125 0.11481481481481481
2 0.13541666666666666 0.4916666666666667 0.11458333333333333 0.2555555555555556
2 0.8869791666666667 0.4175925925925926 0.04375 0.16111111111111112
2 0.9783854166666667 0.47824074074074074 0.0421875 0.22685185185185186