1 0.6627604166666666 0.4314814814814815 0.0203125 0.0462962962962963
0 0.8578125 0.3689814814814815 0.015625 0.036111111111111115
0 0.9559895833333333 0.3578703703703704 0.013020833333333334 0.025
0 0.9609375 0.3337962962962963 0.009375 0.017592592592592594
0 0.9864583333333333 0.3439814814814815 0.011458333333333333 0.021296296296296296
0 0.82421875 0.3101851851851852 0.0078125 0.014814814814814815
2 0.8208333333333333 0.34120370370370373 0.027083333333333334 0.08425925925925926
2 0.6658854166666667 0.5657407407407408 0.08489583333333334 0.31666666666666665
2 0.9825520833333333 0.40046296296296297 0.033854166666666664 0.14537037037037037
2 0.8528645833333334 0.43842592592592594 0.0609375 0.17314814814814816
2 0.9505208333333334 0.42685185185185187 0.04791666666666666 0.1685185185185185