0 0.058333333333333334 0.6347222222222223 0.071875 0.1212962962962963
1 0.39557291666666666 0.48888888888888893 0.03177083333333333 0.06851851851851852
1 0.6473958333333333 0.4444444444444445 0.02395833333333333 0.04814814814814815
1 0.6591145833333333 0.4601851851851852 0.018229166666666668 0.0462962962962963
0 0.7588541666666666 0.362962962962963 0.017708333333333333 0.031481481481481485
1 0.8796875 0.37777777777777777 0.015625 0.02777777777777778
0 0.63828125 0.33472222222222225 0.009895833333333333 0.021296296296296296
0 0.6479166666666667 0.33101851851851855 0.010416666666666666 0.025
0 0.82890625 0.3180555555555556 0.0078125 0.017592592592592594
0 0.9872395833333333 0.3490740740740741 0.01614583333333333 0.02592592592592593
1 0.9671875 0.32685185185185184 0.007291666666666667 0.016666666666666666
2 0.12343749999999999 0.7870370370370371 0.24583333333333332 0.4240740740740741
2 0.39765625 0.6569444444444444 0.1328125 0.4101851851851852
2 0.6588541666666666 0.5819444444444445 0.09895833333333333 0.33240740740740743
2 0.8276041666666667 0.35324074074074074 0.028125 0.09537037037037037
2 0.76015625 0.44722222222222224 0.05572916666666666 0.19814814814814816
2 0.8807291666666667 0.45833333333333337 0.059375 0.18703703703703706
2 0.63515625 0.38703703703703707 0.049479166666666664 0.14074074074074075
2 0.97890625 0.40601851851851856 0.04114583333333333 0.14351851851851852
2 0.9638020833333333 0.3699074074074074 0.034895833333333334 0.10462962962962963