0 0.46197916666666666 0.43703703703703706 0.025 0.05185185185185186
0 0.49374999999999997 0.4328703703703704 0.030208333333333334 0.05462962962962963
0 0.7544270833333333 0.4027777777777778 0.022395833333333334 0.040740740740740744
0 0.73515625 0.3300925925925926 0.0109375 0.021296296296296296
0 0.42083333333333334 0.3550925925925926 0.021875 0.03425925925925926
0 0.43828125 0.34814814814814815 0.015104166666666667 0.031481481481481485
0 0.8645833333333334 0.37777777777777777 0.019791666666666666 0.03518518518518519
0 0.90234375 0.33101851851851855 0.0109375 0.03425925925925926
0 0.8669270833333333 0.32175925925925924 0.008854166666666666 0.017592592592592594
0 0.86015625 0.3060185185185185 0.0078125 0.015740740740740743
1 0.9838541666666667 0.34675925925925927 0.0125 0.019444444444444445
2 0.4934895833333333 0.5773148148148148 0.1109375 0.3490740740740741
2 0.7546875 0.5152777777777778 0.07083333333333333 0.2657407407407408
2 0.8645833333333334 0.45833333333333337 0.057291666666666664 0.2
2 0.7299479166666667 0.3773148148148148 0.033854166666666664 0.1212962962962963
2 0.903125 0.3893518518518519 0.03854166666666667 0.13425925925925927
2 0.98203125 0.4046296296296297 0.034895833333333334 0.13518518518518519
2 0.41901041666666666 0.42453703703703705 0.06927083333333334 0.18981481481481483