1 0.6661458333333333 0.4328703703703704 0.020833333333333332 0.04537037037037037
1 0.7921875 0.3800925925925926 0.015625 0.032407407407407406
1 0.8888020833333333 0.3550925925925926 0.011979166666666666 0.02314814814814815
1 0.8934895833333333 0.337037037037037 0.009895833333333333 0.020370370370370372
1 0.9348958333333334 0.3314814814814815 0.008333333333333333 0.018518518518518517
0 0.9846354166666667 0.35370370370370374 0.0140625 0.02962962962962963
1 0.6583333333333333 0.425 0.01875 0.037037037037037035
1 0.5080729166666667 0.337037037037037 0.0109375 0.024074074074074074
2 0.50390625 0.39351851851851855 0.0484375 0.14814814814814814
2 0.9783854166666667 0.42083333333333334 0.0421875 0.16574074074074074
2 0.9346354166666666 0.3805555555555556 0.033854166666666664 0.12037037037037038
2 0.8861979166666667 0.4240740740740741 0.0453125 0.16666666666666669
2 0.78359375 0.46620370370370373 0.06927083333333334 0.2064814814814815
2 0.66328125 0.5504629629629629 0.0859375 0.2953703703703704