0 0.6234375 0.4342592592592593 0.021875 0.044444444444444446
0 0.6325520833333333 0.4236111111111111 0.0203125 0.04537037037037037
0 0.75390625 0.4865740740740741 0.03177083333333333 0.05648148148148149
1 0.7580729166666667 0.46851851851851856 0.025520833333333333 0.0462962962962963
1 0.87265625 0.3574074074074074 0.015104166666666667 0.02777777777777778
1 0.91796875 0.33796296296296297 0.0109375 0.022222222222222223
1 0.98828125 0.32731481481481484 0.0067708333333333336 0.01388888888888889
1 0.9856770833333334 0.3148148148148148 0.0067708333333333336 0.012962962962962964
1 0.4265625 0.34675925925925927 0.0125 0.028703703703703703
2 0.41875 0.4115740740740741 0.059375 0.1712962962962963
2 0.9854166666666666 0.3740740740740741 0.028125 0.11481481481481481
2 0.9119791666666667 0.38796296296296295 0.04479166666666667 0.12962962962962962
2 0.8690104166666667 0.4222222222222222 0.04739583333333333 0.15925925925925927
2 0.7479166666666667 0.6097222222222223 0.11979166666666667 0.33240740740740743
2 0.6278645833333333 0.5481481481481482 0.10677083333333333 0.30185185185185187