1 0.29635416666666664 0.3712962962962963 0.015625 0.03888888888888889
1 0.390625 0.8046296296296297 0.0625 0.13333333333333333
1 0.4393229166666667 0.8449074074074074 0.050520833333333334 0.10462962962962963
1 0.9544270833333334 0.37222222222222223 0.0140625 0.02592592592592593
1 0.6356770833333333 0.34305555555555556 0.0109375 0.028703703703703703
0 0.675 0.3300925925925926 0.013541666666666667 0.02314814814814815
0 0.88359375 0.375 0.0140625 0.02777777777777778
0 0.8955729166666666 0.37824074074074077 0.019270833333333334 0.030555555555555558
0 0.44453125 0.7347222222222223 0.0734375 0.1287037037037037
2 0.9513020833333333 0.45555555555555555 0.05572916666666666 0.19814814814814816
2 0.8796875 0.45092592592592595 0.06145833333333333 0.18333333333333335
2 0.44635416666666666 0.8347222222222223 0.2583333333333333 0.3287037037037037
2 0.2895833333333333 0.45092592592592595 0.07291666666666667 0.20925925925925926
2 0.63046875 0.3976851851851852 0.0484375 0.14907407407407408
2 0.6697916666666667 0.37962962962962965 0.0375 0.12407407407407407