1 0.22838541666666667 0.36203703703703705 0.015104166666666667 0.03333333333333333
1 0.7966145833333333 0.42824074074074076 0.0234375 0.05092592592592593
1 0.85234375 0.3453703703703704 0.0109375 0.024074074074074074
1 0.7768229166666667 0.3231481481481482 0.0067708333333333336 0.016666666666666666
1 0.78203125 0.3175925925925926 0.0078125 0.016666666666666666
0 0.7947916666666667 0.3143518518518519 0.009375 0.019444444444444445
0 0.8677083333333333 0.2990740740740741 0.00625 0.014814814814814815
2 0.8507812499999999 0.41481481481481486 0.04739583333333333 0.16481481481481483
2 0.8044270833333333 0.5662037037037038 0.09010416666666667 0.33055555555555555
2 0.43645833333333334 0.45601851851851855 0.084375 0.21944444444444444
2 0.4947916666666667 0.42638888888888893 0.05625 0.1787037037037037
2 0.7783854166666666 0.3601851851851852 0.0390625 0.11296296296296297