1 0.21302083333333333 0.36944444444444446 0.016666666666666666 0.03518518518518519
0 0.49895833333333334 0.425462962962963 0.030208333333333334 0.05092592592592593
1 0.6703125 0.34305555555555556 0.009375 0.02314814814814815
1 0.6755208333333333 0.33194444444444443 0.009375 0.021296296296296296
0 0.7307291666666667 0.32453703703703707 0.009375 0.019444444444444445
1 0.12447916666666667 0.41203703703703703 0.017708333333333333 0.04814814814814815
1 0.9403645833333333 0.3652777777777778 0.013020833333333334 0.028703703703703703
1 0.9578125 0.3236111111111111 0.009375 0.017592592592592594
0 0.8390624999999999 0.3013888888888889 0.007291666666666667 0.015740740740740743
2 0.9557291666666666 0.3703703703703704 0.030208333333333334 0.11481481481481481
2 0.94140625 0.44583333333333336 0.050520833333333334 0.1953703703703704
2 0.209375 0.4569444444444445 0.1 0.2101851851851852
2 0.10963541666666667 0.5148148148148148 0.13489583333333333 0.2814814814814815
2 0.5026041666666666 0.5537037037037037 0.096875 0.3148148148148148
2 0.6768229166666666 0.39212962962962966 0.0515625 0.15092592592592594
2 0.7265625 0.37222222222222223 0.030208333333333334 0.12037037037037038