1 0.21041666666666667 0.3648148148148148 0.015625 0.031481481481481485
0 0.62109375 0.5611111111111111 0.03802083333333333 0.07592592592592592
0 0.603125 0.5425925925925926 0.03854166666666667 0.07777777777777778
0 0.3690104166666667 0.37083333333333335 0.019270833333333334 0.03981481481481482
1 0.634375 0.33287037037037037 0.010416666666666666 0.02314814814814815
1 0.75390625 0.33425925925925926 0.008854166666666666 0.018518518518518517
0 0.73984375 0.31203703703703706 0.009895833333333333 0.016666666666666666
1 0.6666666666666666 0.4342592592592593 0.021875 0.044444444444444446
1 0.87890625 0.35324074074074074 0.0109375 0.02314814814814815
0 0.9067708333333333 0.32731481481481484 0.011458333333333333 0.021296296296296296
1 0.7513020833333334 0.32407407407407407 0.0078125 0.014814814814814815
0 0.9083333333333333 0.3013888888888889 0.00625 0.01388888888888889
2 0.20859375 0.45416666666666666 0.10052083333333334 0.21574074074074076
2 0.9075520833333334 0.375 0.030729166666666665 0.11666666666666667
2 0.8768229166666667 0.4236111111111111 0.0484375 0.16944444444444445
2 0.6760416666666667 0.562962962962963 0.08854166666666667 0.3092592592592593
2 0.7359375 0.3513888888888889 0.030208333333333334 0.10277777777777779
2 0.6158854166666666 0.750925925925926 0.1390625 0.4962962962962963
2 0.35703125 0.46435185185185185 0.0828125 0.225
2 0.7505208333333333 0.3814814814814815 0.04375 0.13148148148148148
2 0.6309895833333333 0.3805555555555556 0.0390625 0.1277777777777778