1 0.21145833333333333 0.3699074074074074 0.016666666666666666 0.036111111111111115
1 0.57421875 0.35879629629629634 0.0140625 0.026851851851851852
1 0.57421875 0.3458333333333333 0.011979166666666666 0.019444444444444445
0 0.6770833333333334 0.3162037037037037 0.0125 0.02314814814814815
0 0.9221354166666667 0.41064814814814815 0.0203125 0.03796296296296296
0 0.9078125 0.40092592592592596 0.017708333333333333 0.03518518518518519
1 0.8244791666666667 0.31712962962962965 0.007291666666666667 0.017592592592592594
0 0.8614583333333333 0.30648148148148147 0.007291666666666667 0.016666666666666666
1 0.9286458333333333 0.3560185185185185 0.0125 0.025
1 0.9802083333333333 0.32407407407407407 0.008333333333333333 0.014814814814814815
1 0.8973958333333333 0.29814814814814816 0.004166666666666667 0.009259259259259259
0 0.9609375 0.31527777777777777 0.009375 0.019444444444444445
1 0.48671875 0.34814814814814815 0.013020833333333334 0.02962962962962963
0 0.8145833333333333 0.3180555555555556 0.007291666666666667 0.01388888888888889
2 0.20859375 0.45416666666666666 0.10052083333333334 0.21574074074074076
2 0.9776041666666666 0.3717592592592593 0.03125 0.11944444444444445
2 0.9299479166666667 0.42083333333333334 0.0421875 0.1564814814814815
2 0.6752604166666667 0.3597222222222222 0.0359375 0.11388888888888889
2 0.821875 0.3560185185185185 0.025 0.09907407407407408
2 0.9135416666666667 0.5055555555555555 0.06458333333333333 0.2425925925925926
2 0.57109375 0.4222222222222222 0.06197916666666667 0.17962962962962964
2 0.48593749999999997 0.412962962962963 0.053125 0.16481481481481483