1 0.20052083333333334 0.3680555555555556 0.016666666666666666 0.03425925925925926
1 0.18411458333333333 0.39305555555555555 0.019270833333333334 0.03981481481481482
1 0.22213541666666667 0.4046296296296297 0.018229166666666668 0.040740740740740744
1 0.22890625 0.39166666666666666 0.019270833333333334 0.04259259259259259
1 0.73671875 0.3300925925925926 0.008854166666666666 0.02314814814814815
0 0.8221354166666667 0.3162037037037037 0.0078125 0.017592592592592594
0 0.83984375 0.3 0.0067708333333333336 0.016666666666666666
0 0.6067708333333334 0.32175925925925924 0.013541666666666667 0.02314814814814815
2 0.20833333333333334 0.45416666666666666 0.1 0.21574074074074076
2 0.6010416666666667 0.3703703703703704 0.05 0.12592592592592594
2 0.7341145833333333 0.37592592592592594 0.030729166666666665 0.12222222222222223
2 0.8200520833333333 0.35324074074074074 0.024479166666666666 0.09537037037037037
2 0.21302083333333333 0.5097222222222222 0.12604166666666666 0.28055555555555556
2 0.171875 0.4861111111111111 0.07395833333333333 0.2425925925925926