0 0.5700520833333333 0.45601851851851855 0.019270833333333334 0.03981481481481482
0 0.7380208333333333 0.6046296296296296 0.04375 0.07777777777777778
1 0.5875 0.4513888888888889 0.013541666666666667 0.032407407407407406
1 0.7341145833333333 0.513888888888889 0.022395833333333334 0.05185185185185186
1 0.7145833333333333 0.5342592592592593 0.025 0.053703703703703705
0 0.9325520833333333 0.48194444444444445 0.025520833333333333 0.049074074074074076
0 0.11432291666666666 0.7046296296296296 0.0640625 0.09814814814814815
2 0.9380208333333333 0.6 0.08020833333333333 0.2851851851851852
2 0.7192708333333333 0.6546296296296297 0.14479166666666665 0.3351851851851852
2 0.5671875 0.5361111111111111 0.07708333333333334 0.2111111111111111
2 0.75390625 0.7819444444444444 0.14947916666666666 0.4342592592592593
2 0.14140625 0.826388888888889 0.28072916666666664 0.3453703703703704