0 0.047135416666666666 0.39490740740740743 0.028645833333333332 0.05648148148148149
0 0.44244791666666666 0.3712962962962963 0.0171875 0.03888888888888889
1 0.7934895833333333 0.4199074074074074 0.0265625 0.03796296296296296
1 0.8591145833333333 0.3490740740740741 0.011979166666666666 0.022222222222222223
1 0.6580729166666667 0.3300925925925926 0.013020833333333334 0.030555555555555558
1 0.9609375 0.35185185185185186 0.010416666666666666 0.020370370370370372
2 0.85546875 0.4134259259259259 0.044270833333333336 0.1564814814814815
2 0.9583333333333334 0.39537037037037037 0.04791666666666666 0.1277777777777778
2 0.044270833333333336 0.49768518518518523 0.08958333333333333 0.2638888888888889
2 0.7997395833333333 0.5212962962962964 0.07447916666666667 0.2425925925925926
2 0.4348958333333333 0.45 0.07083333333333333 0.1962962962962963
2 0.653125 0.37777777777777777 0.03958333333333333 0.1277777777777778