1 0.4518229166666667 0.35185185185185186 0.011979166666666666 0.02962962962962963
1 0.8033854166666666 0.4675925925925926 0.0265625 0.061111111111111116
1 0.8273437499999999 0.3648148148148148 0.01614583333333333 0.03333333333333333
1 0.7950520833333333 0.32175925925925924 0.0078125 0.019444444444444445
1 0.9119791666666667 0.3736111111111111 0.0125 0.025
1 0.9221354166666667 0.3763888888888889 0.013020833333333334 0.026851851851851852
1 0.984375 0.32546296296296295 0.009375 0.015740740740740743
1 0.8138020833333334 0.47314814814814815 0.0203125 0.05
2 0.9833333333333333 0.3689814814814815 0.030208333333333334 0.10833333333333334
2 0.9200520833333333 0.4587962962962963 0.059895833333333336 0.19907407407407407
2 0.8315104166666667 0.4365740740740741 0.050520833333333334 0.18055555555555555
2 0.8072916666666666 0.6143518518518519 0.121875 0.35833333333333334
2 0.4466145833333333 0.4222222222222222 0.059895833333333336 0.17407407407407408
2 0.7916666666666666 0.3611111111111111 0.029166666666666667 0.10370370370370371