1 0.07890625 0.7194444444444444 0.06927083333333334 0.13148148148148148
1 0.2950520833333333 0.3717592592592593 0.0140625 0.032407407407407406
1 0.9236979166666667 0.3902777777777778 0.01614583333333333 0.03425925925925926
1 0.934375 0.33564814814814814 0.010416666666666666 0.02314814814814815
1 0.734375 0.33842592592592596 0.010416666666666666 0.021296296296296296
1 0.7127604166666667 0.33240740740740743 0.0078125 0.018518518518518517
2 0.9346354166666666 0.38287037037037036 0.0390625 0.1212962962962963
2 0.9197916666666667 0.4777777777777778 0.075 0.21851851851851853
2 0.13125 0.825462962962963 0.259375 0.3472222222222222
2 0.28828125 0.4550925925925926 0.09322916666666667 0.20833333333333334
2 0.7283854166666667 0.39537037037037037 0.03802083333333333 0.14444444444444446
2 0.7091145833333333 0.3824074074074074 0.034895833333333334 0.1277777777777778