1 0.6125 0.3439814814814815 0.011458333333333333 0.026851851851851852
1 0.47734375 0.36944444444444446 0.0140625 0.03333333333333333
1 0.30026041666666664 0.5074074074074074 0.03177083333333333 0.06666666666666667
1 0.3223958333333333 0.4916666666666667 0.030208333333333334 0.06851851851851852
1 0.7169270833333333 0.4759259259259259 0.028645833333333332 0.05740740740740741
1 0.7270833333333333 0.47314814814814815 0.025 0.05925925925925926
1 0.9809895833333333 0.3509259259259259 0.013020833333333334 0.02592592592592593
1 0.9903645833333333 0.3180555555555556 0.0078125 0.019444444444444445
2 0.9752604166666666 0.4138888888888889 0.0484375 0.15555555555555556
2 0.7278645833333334 0.6296296296296297 0.11927083333333333 0.37592592592592594
2 0.32578125 0.6652777777777779 0.16510416666666666 0.41944444444444445
2 0.10598958333333333 0.4916666666666667 0.1265625 0.2518518518518519
2 0.46848958333333335 0.46064814814814814 0.07135416666666666 0.225
2 0.6096354166666667 0.40925925925925927 0.043229166666666666 0.1537037037037037