1 0.08932291666666667 0.75 0.05572916666666666 0.11851851851851852
0 0.19036458333333334 0.6833333333333333 0.06510416666666667 0.12037037037037038
1 0.615625 0.42083333333333334 0.017708333333333333 0.03796296296296296
1 0.7666666666666666 0.4486111111111111 0.022916666666666665 0.04166666666666667
1 0.78671875 0.46481481481481485 0.025520833333333333 0.0462962962962963
1 0.8513020833333333 0.3736111111111111 0.0109375 0.02314814814814815
0 0.8578125 0.3675925925925926 0.011458333333333333 0.02592592592592593
1 0.9830729166666666 0.3611111111111111 0.01614583333333333 0.02962962962962963
2 0.9765625 0.4287037037037037 0.04583333333333333 0.16666666666666669
2 0.8528645833333334 0.43842592592592594 0.0609375 0.16574074074074074
2 0.78359375 0.6087962962962963 0.1109375 0.3601851851851852
2 0.6106770833333334 0.5268518518518519 0.09114583333333333 0.25
2 0.20260416666666667 0.8101851851851852 0.31145833333333334 0.37777777777777777