1 0.8145833333333333 0.3199074074074074 0.008333333333333333 0.017592592592592594
1 0.7653645833333333 0.3824074074074074 0.013020833333333334 0.02962962962962963
0 0.7348958333333333 0.4518518518518519 0.027083333333333334 0.05
1 0.7138020833333333 0.4708333333333333 0.0234375 0.049074074074074076
1 0.5921875 0.41805555555555557 0.02395833333333333 0.05092592592592593
1 0.3723958333333333 0.5365740740740741 0.04375 0.08796296296296297
1 0.3307291666666667 0.5509259259259259 0.03854166666666667 0.07777777777777778
1 0.9419270833333333 0.3842592592592593 0.015104166666666667 0.02592592592592593
1 0.9513020833333333 0.3944444444444445 0.013020833333333334 0.024074074074074074
0 0.9619791666666666 0.34305555555555556 0.010416666666666666 0.019444444444444445
2 0.9625 0.39351851851851855 0.03125 0.12037037037037038
2 0.946875 0.48240740740740745 0.06770833333333333 0.22592592592592595
2 0.7609375 0.4550925925925926 0.06145833333333333 0.1824074074074074
2 0.728125 0.5976851851851852 0.13645833333333332 0.3472222222222222
2 0.5966145833333333 0.5527777777777778 0.10572916666666667 0.31851851851851853
2 0.3598958333333333 0.7430555555555556 0.19895833333333332 0.5120370370370371
2 0.8119791666666667 0.35555555555555557 0.025 0.0925925925925926