0 0.2638020833333333 0.40231481481481485 0.019270833333333334 0.049074074074074076
1 0.5158854166666667 0.362962962962963 0.015104166666666667 0.03518518518518519
1 0.86953125 0.35694444444444445 0.011979166666666666 0.02314814814814815
1 0.8802083333333334 0.35462962962962963 0.011458333333333333 0.02592592592592593
1 0.9169270833333333 0.3425925925925926 0.008854166666666666 0.018518518518518517
1 0.9596354166666666 0.3388888888888889 0.0109375 0.022222222222222223
1 0.9950520833333333 0.35462962962962963 0.009895833333333333 0.03333333333333333
2 0.9140625 0.3888888888888889 0.040625 0.11666666666666667
2 0.9622395833333334 0.3976851851851852 0.0421875 0.14351851851851852
2 0.8690104166666667 0.42083333333333334 0.0609375 0.16018518518518518
2 0.2544270833333333 0.5060185185185185 0.09947916666666666 0.2490740740740741
2 0.5088541666666666 0.4439814814814815 0.071875 0.20833333333333334