1 0.24453125 0.5902777777777778 0.0484375 0.09722222222222222
1 0.28151041666666665 0.5935185185185186 0.0390625 0.08888888888888889
1 0.73359375 0.32685185185185184 0.0078125 0.016666666666666666
0 0.8354166666666667 0.3101851851851852 0.010416666666666666 0.022222222222222223
0 0.7682291666666666 0.32685185185185184 0.011458333333333333 0.024074074074074074
0 0.8265625 0.39675925925925926 0.022916666666666665 0.04351851851851852
1 0.7401041666666667 0.32546296296296295 0.00625 0.01388888888888889
2 0.8307291666666666 0.5037037037037038 0.075 0.2555555555555556
2 0.290625 0.7703703703703704 0.23541666666666666 0.45740740740740743
2 0.765625 0.37962962962962965 0.03333333333333333 0.12962962962962962
2 0.7315104166666666 0.37222222222222223 0.0359375 0.11296296296296297
2 0.8356770833333333 0.3453703703703704 0.025520833333333333 0.08703703703703704
2 0.9419270833333333 0.33981481481481485 0.024479166666666666 0.08333333333333334