1 0.6153645833333333 0.4587962962962963 0.0234375 0.05277777777777778
1 0.6497395833333334 0.45555555555555555 0.0328125 0.061111111111111116
1 0.8734375 0.3685185185185185 0.015625 0.031481481481481485
0 0.9794270833333333 0.3439814814814815 0.013020833333333334 0.02314814814814815
0 0.540625 0.36203703703703705 0.016666666666666666 0.03518518518518519
1 0.5919270833333333 0.3458333333333333 0.011979166666666666 0.025
1 0.6013020833333333 0.3425925925925926 0.009895833333333333 0.022222222222222223
0 0.7643229166666666 0.3212962962962963 0.0109375 0.018518518518518517
2 0.9778645833333334 0.4078703703703704 0.043229166666666666 0.15462962962962964
2 0.8713541666666667 0.44953703703703707 0.053125 0.18981481481481483
2 0.64453125 0.5995370370370371 0.10677083333333333 0.3490740740740741
2 0.534375 0.4481481481481482 0.0625 0.2111111111111111
2 0.5861979166666667 0.40694444444444444 0.0546875 0.1564814814814815
2 0.76328125 0.3666666666666667 0.03177083333333333 0.11111111111111112
2 0.9026041666666667 0.35370370370370374 0.025 0.0962962962962963