0 0.52578125 0.6351851851851852 0.04739583333333333 0.0962962962962963
0 0.55 0.6060185185185185 0.05 0.09537037037037037
1 0.3294270833333333 0.3787037037037037 0.018229166666666668 0.03888888888888889
1 0.3458333333333333 0.37453703703703706 0.014583333333333334 0.032407407407407406
1 0.6434895833333333 0.3421296296296296 0.008854166666666666 0.021296296296296296
1 0.8278645833333333 0.3282407407407408 0.0078125 0.019444444444444445
1 0.8455729166666667 0.3078703703703704 0.0078125 0.017592592592592594
1 0.8880208333333334 0.3652777777777778 0.014583333333333334 0.030555555555555558
1 0.9005208333333333 0.36435185185185187 0.014583333333333334 0.028703703703703703
0 0.6395833333333333 0.3365740740740741 0.011458333333333333 0.021296296296296296
1 0.8328125 0.3236111111111111 0.008333333333333333 0.019444444444444445
1 0.9744791666666667 0.32731481481481484 0.009375 0.017592592592592594
2 0.9718749999999999 0.3736111111111111 0.03229166666666666 0.11388888888888889
2 0.8916666666666666 0.4324074074074074 0.052083333333333336 0.17037037037037037
2 0.5309895833333333 0.7796296296296297 0.2296875 0.4388888888888889
2 0.3247395833333333 0.46805555555555556 0.0953125 0.2212962962962963
2 0.6403645833333333 0.3976851851851852 0.0421875 0.14351851851851852
2 0.8270833333333333 0.3712962962962963 0.03229166666666666 0.11296296296296297