1 0.2565104166666667 0.7282407407407407 0.07135416666666666 0.11203703703703705
1 0.32421875 0.7180555555555556 0.0609375 0.13055555555555556
1 0.051041666666666666 0.5541666666666667 0.04895833333333333 0.0787037037037037
1 0.09270833333333334 0.5291666666666667 0.035416666666666666 0.07685185185185185
1 0.41796875 0.3703703703703704 0.0171875 0.037037037037037035
1 0.6947916666666667 0.3476851851851852 0.010416666666666666 0.02314814814814815
1 0.6997395833333333 0.34074074074074073 0.008854166666666666 0.022222222222222223
1 0.75546875 0.32407407407407407 0.0078125 0.018518518518518517
0 0.7825520833333334 0.48240740740740745 0.0296875 0.053703703703703705
0 0.79921875 0.4740740740740741 0.028645833333333332 0.061111111111111116
1 0.9835937499999999 0.33101851851851855 0.009895833333333333 0.017592592592592594
1 0.98984375 0.32916666666666666 0.009895833333333333 0.017592592592592594
2 0.984375 0.37453703703703706 0.030208333333333334 0.11203703703703705
2 0.784375 0.6310185185185185 0.15520833333333334 0.3731481481481482
2 0.3375 0.825462962962963 0.24791666666666667 0.3472222222222222
2 0.1171875 0.7393518518518519 0.21666666666666667 0.4953703703703704
2 0.40989583333333335 0.4527777777777778 0.08125 0.20925925925925926
2 0.6963541666666666 0.40555555555555556 0.046875 0.16111111111111112
2 0.7536458333333333 0.3680555555555556 0.03125 0.11203703703703705