1 0.24791666666666667 0.3824074074074074 0.016666666666666666 0.040740740740740744
1 0.26536458333333335 0.375462962962963 0.01614583333333333 0.03981481481481482
1 0.45286458333333335 0.36574074074074076 0.013020833333333334 0.031481481481481485
1 0.46640624999999997 0.3523148148148148 0.013020833333333334 0.026851851851851852
1 0.5346354166666667 0.5106481481481482 0.033854166666666664 0.0638888888888889
1 0.7221354166666667 0.34351851851851856 0.0109375 0.02592592592592593
1 0.9744791666666667 0.3662037037037037 0.013541666666666667 0.025
2 0.9731770833333333 0.44027777777777777 0.044270833333333336 0.17314814814814816
2 0.5575520833333333 0.6944444444444444 0.1515625 0.42962962962962964
2 0.23828125 0.47731481481481486 0.11197916666666667 0.23796296296296296
2 0.45390625 0.4337962962962963 0.0703125 0.19351851851851853
2 0.7252604166666666 0.3962962962962963 0.0453125 0.1388888888888889
2 0.88828125 0.33425925925925926 0.021354166666666667 0.07407407407407407
2 0.9377604166666667 0.3231481481481482 0.0171875 0.06296296296296297
2 0.91953125 0.31851851851851853 0.01614583333333333 0.05740740740740741