1 0.18802083333333333 0.5981481481481482 0.03958333333333333 0.08333333333333334
1 0.2526041666666667 0.38842592592592595 0.017708333333333333 0.03981481481481482
1 0.27317708333333335 0.37592592592592594 0.018229166666666668 0.03518518518518519
1 0.009114583333333334 0.4050925925925926 0.0203125 0.04722222222222222
1 0.8940104166666667 0.3805555555555556 0.015104166666666667 0.03333333333333333
1 0.9916666666666667 0.33472222222222225 0.009375 0.017592592592592594
1 0.59375 0.36574074074074076 0.010416666666666666 0.02962962962962963
1 0.6002604166666666 0.3564814814814815 0.009895833333333333 0.024074074074074074
1 0.8234374999999999 0.3148148148148148 0.00625 0.014814814814814815
1 0.8278645833333333 0.30972222222222223 0.005729166666666666 0.01388888888888889
0 0.8932291666666666 0.3055555555555556 0.007291666666666667 0.016666666666666666
0 0.8846354166666667 0.30324074074074076 0.005729166666666666 0.01388888888888889
2 0.9869791666666666 0.3837962962962963 0.025 0.11944444444444445
2 0.9010416666666666 0.4638888888888889 0.052083333333333336 0.19444444444444445
2 0.24661458333333333 0.47824074074074074 0.10677083333333333 0.24351851851851852
2 0.5947916666666666 0.4328703703703704 0.065625 0.1787037037037037
2 0.8221354166666667 0.3513888888888889 0.027604166666666666 0.08981481481481482
2 0.8921875 0.3351851851851852 0.020833333333333332 0.07777777777777778
2 0.8838541666666666 0.3263888888888889 0.01875 0.06574074074074074
2 0.22135416666666666 0.7777777777777778 0.28854166666666664 0.4425925925925926