1 0.038802083333333334 0.4138888888888889 0.019270833333333334 0.040740740740740744
1 0.06197916666666667 0.39675925925925926 0.01875 0.04166666666666667
1 0.41041666666666665 0.39722222222222225 0.014583333333333334 0.03333333333333333
1 0.4161458333333333 0.38842592592592595 0.014583333333333334 0.03425925925925926
1 0.8263020833333333 0.3962962962962963 0.0140625 0.03333333333333333
1 0.9604166666666667 0.3375 0.009375 0.019444444444444445
0 0.8354166666666667 0.31342592592592594 0.008333333333333333 0.019444444444444445
0 0.8408854166666666 0.3087962962962963 0.0067708333333333336 0.015740740740740743
1 0.73203125 0.32916666666666666 0.0078125 0.017592592592592594
1 0.7375 0.3231481481481482 0.008333333333333333 0.018518518518518517
2 0.9622395833333334 0.38657407407407407 0.0328125 0.1212962962962963
2 0.047135416666666666 0.5194444444444445 0.0953125 0.29074074074074074
2 0.41302083333333334 0.4898148148148148 0.1 0.24629629629629632
2 0.7307291666666667 0.37222222222222223 0.036458333333333336 0.12407407407407407
2 0.8330729166666666 0.3527777777777778 0.025520833333333333 0.09444444444444444
2 0.8385416666666666 0.3365740740740741 0.022916666666666665 0.07685185185185185
2 0.8247395833333333 0.48842592592592593 0.06510416666666667 0.2212962962962963