1 0.12395833333333334 0.4393518518518519 0.016666666666666666 0.05277777777777778
1 0.14375 0.42314814814814816 0.029166666666666667 0.05185185185185186
1 0.50390625 0.41064814814814815 0.018229166666666668 0.03981481481481482
1 0.5200520833333333 0.412962962962963 0.018229166666666668 0.044444444444444446
1 0.6481770833333333 0.4375 0.025520833333333333 0.05277777777777778
1 0.6671875 0.4375 0.019791666666666666 0.05277777777777778
1 0.5958333333333333 0.35185185185185186 0.009375 0.022222222222222223
1 0.6044270833333333 0.33935185185185185 0.009895833333333333 0.02314814814814815
0 0.7463541666666667 0.3287037037037037 0.010416666666666666 0.02592592592592593
0 0.7783854166666666 0.3189814814814815 0.0078125 0.017592592592592594
0 0.31588541666666664 0.524537037037037 0.0421875 0.08425925925925926
1 0.94765625 0.34675925925925927 0.008854166666666666 0.02314814814814815
2 0.10651041666666666 0.5662037037037038 0.1765625 0.33981481481481485
2 0.5966145833333333 0.40740740740740744 0.049479166666666664 0.16481481481481483
2 0.7416666666666667 0.37777777777777777 0.03229166666666666 0.12222222222222223
2 0.77734375 0.3550925925925926 0.027604166666666666 0.09351851851851853
2 0.9463541666666666 0.3995370370370371 0.041666666666666664 0.13055555555555556
2 0.6651041666666666 0.5736111111111112 0.09479166666666666 0.32685185185185184
2 0.51484375 0.5351851851851852 0.10885416666666667 0.30185185185185187
2 0.3346354166666667 0.7412037037037037 0.2046875 0.5157407407407407