1 0.16510416666666666 0.7226851851851852 0.059375 0.1175925925925926
1 0.24114583333333334 0.662962962962963 0.052083333333333336 0.11666666666666667
1 0.76328125 0.4615740740740741 0.0203125 0.05092592592592593
0 0.7546875 0.47314814814814815 0.029166666666666667 0.05740740740740741
0 0.5828125 0.33935185185185185 0.0125 0.026851851851851852
0 0.44895833333333335 0.3675925925925926 0.016666666666666666 0.03518518518518519
0 0.9109375 0.34953703703703703 0.011458333333333333 0.025
1 0.8963541666666667 0.33333333333333337 0.010416666666666666 0.022222222222222223
1 0.9421875 0.33981481481481485 0.011458333333333333 0.022222222222222223
1 0.9463541666666666 0.337037037037037 0.009375 0.020370370370370372
2 0.43828125 0.4527777777777778 0.07239583333333333 0.20740740740740743
2 0.58046875 0.39537037037037037 0.03697916666666667 0.1425925925925926
2 0.94609375 0.39351851851851855 0.04114583333333333 0.13333333333333333
2 0.8940104166666667 0.38472222222222224 0.044270833333333336 0.13055555555555556
2 0.9093749999999999 0.42083333333333334 0.04375 0.16574074074074074
2 0.7546875 0.6013888888888889 0.11666666666666667 0.3287037037037037
2 0.24166666666666667 0.8023148148148148 0.3364583333333333 0.39351851851851855