1 0.10286458333333333 0.6148148148148148 0.044270833333333336 0.08888888888888889
1 0.13854166666666667 0.625 0.04479166666666667 0.0962962962962963
1 0.17109375 0.425462962962963 0.024479166666666666 0.049074074074074076
0 0.15442708333333333 0.38703703703703707 0.01614583333333333 0.040740740740740744
0 0.8338541666666667 0.437962962962963 0.025 0.04259259259259259
0 0.8510416666666667 0.44953703703703707 0.022916666666666665 0.049074074074074076
0 0.859375 0.3050925925925926 0.00625 0.01388888888888889
0 0.8552083333333333 0.3037037037037037 0.005208333333333333 0.012962962962962964
1 0.8908854166666667 0.3078703703703704 0.005729166666666666 0.012037037037037037
1 0.9760416666666667 0.32083333333333336 0.009375 0.012037037037037037
2 0.9763020833333333 0.3550925925925926 0.0265625 0.08611111111111111
2 0.8416666666666667 0.5717592592592593 0.10416666666666667 0.3101851851851852
2 0.15651041666666665 0.5708333333333333 0.15989583333333332 0.3472222222222222
2 0.14869791666666665 0.4842592592592593 0.0765625 0.2351851851851852
2 0.8585937499999999 0.33240740740740743 0.0296875 0.07222222222222223
2 0.13515625 0.7824074074074074 0.2713541666666667 0.43333333333333335