1 0.7317708333333334 0.3375 0.010416666666666666 0.02314814814814815
1 0.7638020833333333 0.3194444444444445 0.0078125 0.020370370370370372
0 0.7692708333333333 0.3199074074074074 0.008333333333333333 0.019444444444444445
0 0.7916666666666666 0.3101851851851852 0.007291666666666667 0.014814814814814815
0 0.79609375 0.312962962962963 0.0078125 0.014814814814814815
1 0.5763020833333333 0.5685185185185185 0.03177083333333333 0.07777777777777778
1 0.9528645833333333 0.33981481481481485 0.0109375 0.020370370370370372
0 0.8286458333333333 0.32685185185185184 0.011458333333333333 0.020370370370370372
2 0.7270833333333333 0.38796296296296295 0.036458333333333336 0.12962962962962962
2 0.73046875 0.37777777777777777 0.0359375 0.12037037037037038
2 0.82578125 0.375 0.03177083333333333 0.11481481481481481
2 0.7609375 0.36203703703703705 0.03125 0.10555555555555556
2 0.7947916666666667 0.34490740740740744 0.03333333333333333 0.08796296296296297
2 0.94375 0.3939814814814815 0.046875 0.12685185185185185
2 0.5700520833333333 0.7648148148148148 0.1640625 0.46851851851851856