1 0.5315104166666667 0.3601851851851852 0.0140625 0.031481481481481485
1 0.61171875 0.3513888888888889 0.009895833333333333 0.02314814814814815
1 0.6322916666666667 0.3365740740740741 0.011458333333333333 0.026851851851851852
1 0.6416666666666666 0.3337962962962963 0.009375 0.02314814814814815
1 0.696875 0.3490740740740741 0.013541666666666667 0.02592592592592593
0 0.7674479166666667 0.31574074074074077 0.011979166666666666 0.020370370370370372
1 0.90078125 0.3990740740740741 0.0140625 0.03333333333333333
2 0.5244791666666666 0.4291666666666667 0.06145833333333333 0.17685185185185187
2 0.609375 0.4138888888888889 0.046875 0.15555555555555556
2 0.6947916666666667 0.4115740740740741 0.03958333333333333 0.15833333333333333
2 0.6263020833333334 0.3893518518518519 0.049479166666666664 0.13055555555555556
2 0.7682291666666666 0.3509259259259259 0.03333333333333333 0.09444444444444444
2 0.85390625 0.3439814814814815 0.024479166666666666 0.08796296296296297
2 0.8971354166666666 0.4847222222222222 0.058854166666666666 0.2064814814814815