1 0.14713541666666666 0.40925925925925927 0.01614583333333333 0.037037037037037035
1 0.16119791666666666 0.41203703703703703 0.015104166666666667 0.03333333333333333
1 0.375 0.38472222222222224 0.013541666666666667 0.032407407407407406
1 0.38958333333333334 0.39861111111111114 0.017708333333333333 0.04166666666666667
1 0.40338541666666666 0.36064814814814816 0.0140625 0.032407407407407406
1 0.41770833333333335 0.3625 0.011458333333333333 0.028703703703703703
1 0.9864583333333333 0.3476851851851852 0.009375 0.019444444444444445
1 0.8044270833333333 0.3194444444444445 0.008854166666666666 0.018518518518518517
0 0.8333333333333334 0.31574074074074077 0.008333333333333333 0.016666666666666666
0 0.7408854166666666 0.3143518518518519 0.0067708333333333336 0.017592592592592594
0 0.7458333333333333 0.3180555555555556 0.008333333333333333 0.017592592592592594
0 0.8713541666666667 0.3078703703703704 0.00625 0.015740740740740743
2 0.1375 0.5171296296296296 0.13541666666666666 0.27314814814814814
2 0.359375 0.4740740740740741 0.084375 0.21481481481481482
2 0.38385416666666666 0.500462962962963 0.096875 0.25462962962962965
2 0.38776041666666666 0.4287037037037037 0.09322916666666667 0.17407407407407408
2 0.7453125 0.3541666666666667 0.034375 0.10092592592592593
2 0.8041666666666667 0.35879629629629634 0.030208333333333334 0.10092592592592593
2 0.98203125 0.4013888888888889 0.034895833333333334 0.12685185185185185
2 0.8302083333333333 0.34953703703703703 0.025 0.08796296296296297
2 0.8700520833333333 0.33842592592592596 0.0203125 0.08240740740740742