1 0.42083333333333334 0.5856481481481481 0.05520833333333333 0.08611111111111111
1 0.43906249999999997 0.5875 0.028125 0.08796296296296297
1 0.8010416666666667 0.49583333333333335 0.03958333333333333 0.062037037037037036
1 0.8255208333333334 0.4939814814814815 0.029166666666666667 0.058333333333333334
1 0.9578125 0.37083333333333335 0.011458333333333333 0.028703703703703703
0 0.9770833333333333 0.35694444444444445 0.0125 0.026851851851851852
1 0.7252604166666666 0.3212962962962963 0.0078125 0.018518518518518517
1 0.7309895833333333 0.3189814814814815 0.0067708333333333336 0.015740740740740743
2 0.72578125 0.36712962962962964 0.034895833333333334 0.11203703703703705
2 0.8390624999999999 0.337037037037037 0.019791666666666666 0.07407407407407407
2 0.86875 0.34305555555555556 0.030208333333333334 0.08981481481481482
2 0.9348958333333334 0.3425925925925926 0.020833333333333332 0.07777777777777778
2 0.9591145833333333 0.44351851851851853 0.043229166666666666 0.17407407407407408
2 0.8151041666666666 0.663425925925926 0.15 0.39722222222222225
2 0.43906249999999997 0.7703703703703704 0.19895833333333332 0.45740740740740743