1 0.7828125 0.48055555555555557 0.03229166666666666 0.06296296296296297
1 0.7684895833333333 0.49583333333333335 0.019270833333333334 0.049074074074074076
1 0.62265625 0.40092592592592596 0.0203125 0.0462962962962963
1 0.9171874999999999 0.3925925925925926 0.011458333333333333 0.020370370370370372
1 0.9197916666666667 0.36944444444444446 0.013541666666666667 0.024074074074074074
1 0.8239583333333333 0.3189814814814815 0.007291666666666667 0.019444444444444445
1 0.69921875 0.3337962962962963 0.008854166666666666 0.021296296296296296
0 0.9572916666666667 0.3861111111111111 0.015625 0.031481481481481485
0 0.9718749999999999 0.3226851851851852 0.009375 0.017592592592592594
0 0.9783854166666667 0.3282407407407408 0.0078125 0.015740740740740743
2 0.9763020833333333 0.375 0.03697916666666667 0.12592592592592594
2 0.9229166666666666 0.43842592592592594 0.05 0.1638888888888889
2 0.959375 0.4740740740740741 0.05520833333333333 0.20370370370370372
2 0.6283854166666667 0.5087962962962963 0.07447916666666667 0.25833333333333336
2 0.7690104166666667 0.6717592592592593 0.15885416666666666 0.4416666666666667
2 0.6958333333333333 0.3800925925925926 0.035416666666666666 0.11574074074074074
2 0.8231770833333333 0.3574074074074074 0.030729166666666665 0.10370370370370371
2 0.8768229166666667 0.3375 0.021354166666666667 0.0787037037037037