1 0.008072916666666666 0.41111111111111115 0.018229166666666668 0.061111111111111116
0 0.6604166666666667 0.34074074074074073 0.013541666666666667 0.024074074074074074
0 0.896875 0.3578703703703704 0.011458333333333333 0.02314814814814815
0 0.803125 0.3180555555555556 0.008333333333333333 0.017592592592592594
1 0.9083333333333333 0.3523148148148148 0.010416666666666666 0.021296296296296296
1 0.9755208333333333 0.3648148148148148 0.022916666666666665 0.02592592592592593
1 0.9835937499999999 0.33194444444444443 0.013020833333333334 0.019444444444444445
2 0.9747395833333333 0.3824074074074074 0.049479166666666664 0.12037037037037038
2 0.9755208333333333 0.4337962962962963 0.04791666666666666 0.16574074074074074
2 0.90625 0.4115740740740741 0.040625 0.13796296296296298
2 0.8963541666666667 0.4300925925925926 0.04375 0.1712962962962963
2 0.033854166666666664 0.5273148148148148 0.06875 0.2990740740740741
2 0.6578125 0.4 0.03854166666666667 0.1462962962962963
2 0.8 0.36064814814814816 0.03125 0.10462962962962963