0 0.4979166666666667 0.3699074074074074 0.025 0.05277777777777778
0 0.70078125 0.3300925925925926 0.009895833333333333 0.021296296296296296
0 0.9690104166666667 0.33425925925925926 0.009895833333333333 0.020370370370370372
1 0.9958333333333333 0.32962962962962966 0.007291666666666667 0.016666666666666666
1 0.8153645833333333 0.40925925925925927 0.01614583333333333 0.037037037037037035
1 0.9643229166666667 0.31666666666666665 0.0067708333333333336 0.014814814814814815
2 0.96640625 0.3837962962962963 0.030729166666666665 0.1212962962962963
2 0.8127604166666667 0.5222222222222223 0.07239583333333333 0.26481481481481484
2 0.9625 0.35462962962962963 0.028125 0.09444444444444444
2 0.49114583333333334 0.44583333333333336 0.0625 0.19907407407407407
2 0.6986979166666667 0.3856481481481482 0.04010416666666666 0.13055555555555556