1 0.10703125 0.650462962962963 0.0484375 0.11203703703703705
1 0.1953125 0.6541666666666667 0.058333333333333334 0.11388888888888889
1 0.2890625 0.4027777777777778 0.019791666666666666 0.05
1 0.30755208333333334 0.4 0.01614583333333333 0.040740740740740744
0 0.9523437499999999 0.33333333333333337 0.011979166666666666 0.020370370370370372
0 0.9601562499999999 0.33333333333333337 0.008854166666666666 0.018518518518518517
0 0.8033854166666666 0.3162037037037037 0.008854166666666666 0.017592592592592594
2 0.28671875 0.4981481481481482 0.09739583333333333 0.2555555555555556
2 0.95859375 0.38101851851851853 0.04010416666666666 0.125
2 0.20182291666666666 0.7976851851851852 0.3140625 0.4027777777777778
2 0.80078125 0.3523148148148148 0.024479166666666666 0.09537037037037037
2 0.8463541666666666 0.3300925925925926 0.020833333333333332 0.075