1 0.8489583333333334 0.36435185185185187 0.011458333333333333 0.026851851851851852
1 0.97265625 0.34490740740740744 0.0109375 0.02314814814814815
1 0.98125 0.3458333333333333 0.009375 0.019444444444444445
0 0.6057291666666667 0.3388888888888889 0.013541666666666667 0.02962962962962963
1 0.8388020833333333 0.32453703703703707 0.008854166666666666 0.019444444444444445
0 0.79453125 0.30833333333333335 0.009895833333333333 0.016666666666666666
0 0.9111979166666666 0.3 0.0078125 0.014814814814814815
2 0.9752604166666666 0.4083333333333333 0.0484375 0.1537037037037037
2 0.8528645833333334 0.437962962962963 0.04635416666666667 0.17962962962962964
2 0.59921875 0.39305555555555555 0.0453125 0.13796296296296298
2 0.7885416666666667 0.3402777777777778 0.027083333333333334 0.08425925925925926
2 0.8346354166666666 0.3666666666666667 0.03177083333333333 0.10740740740740741