1 0.22526041666666666 0.6157407407407408 0.05572916666666666 0.11851851851851852
1 0.2890625 0.6287037037037038 0.05 0.10555555555555556
0 0.4713541666666667 0.35370370370370374 0.017708333333333333 0.037037037037037035
0 0.734375 0.41805555555555557 0.019791666666666666 0.03796296296296296
0 0.7458333333333333 0.42824074074074076 0.016666666666666666 0.03796296296296296
1 0.7143229166666667 0.3425925925925926 0.009895833333333333 0.022222222222222223
0 0.7919270833333333 0.30694444444444446 0.0109375 0.019444444444444445
1 0.9572916666666667 0.33194444444444443 0.008333333333333333 0.017592592592592594
2 0.959375 0.3800925925925926 0.03229166666666666 0.11944444444444445
2 0.7479166666666667 0.5412037037037037 0.08854166666666667 0.28425925925925927
2 0.2799479166666667 0.7777777777777778 0.28802083333333334 0.4425925925925926
2 0.4671875 0.42314814814814816 0.05416666666666667 0.17592592592592593
2 0.7880208333333333 0.3402777777777778 0.027083333333333334 0.08425925925925926
2 0.7091145833333333 0.40185185185185185 0.04010416666666666 0.1462962962962963
2 0.8403645833333333 0.3523148148148148 0.030729166666666665 0.09166666666666667