1 0.4671875 0.4481481481481482 0.027083333333333334 0.05740740740740741
0 0.2817708333333333 0.37824074074074077 0.022916666666666665 0.03981481481481482
1 0.4661458333333333 0.3791666666666667 0.016666666666666666 0.03796296296296296
1 0.8122395833333333 0.41203703703703703 0.022395833333333334 0.05
1 0.828125 0.42685185185185187 0.022916666666666665 0.03888888888888889
1 0.9367187499999999 0.35694444444444445 0.0140625 0.026851851851851852
0 0.7908854166666667 0.30648148148148147 0.009895833333333333 0.016666666666666666
0 0.7416666666666667 0.325 0.010416666666666666 0.022222222222222223
0 0.8143229166666667 0.31851851851851853 0.0078125 0.016666666666666666
2 0.93828125 0.425462962962963 0.049479166666666664 0.1638888888888889
2 0.8234374999999999 0.5564814814814815 0.10625 0.33333333333333337
2 0.4640625 0.6189814814814815 0.11875 0.39722222222222225
2 0.2700520833333333 0.46574074074074073 0.10052083333333334 0.21666666666666667
2 0.7877604166666666 0.3402777777777778 0.0265625 0.08425925925925926
2 0.45598958333333334 0.4708333333333333 0.07447916666666667 0.22685185185185186
2 0.74375 0.375462962962963 0.04583333333333333 0.1175925925925926
2 0.88515625 0.33611111111111114 0.021354166666666667 0.07592592592592592
2 0.8145833333333333 0.35185185185185186 0.03333333333333333 0.0962962962962963