0 0.026302083333333334 0.41111111111111115 0.0296875 0.05
1 0.56796875 0.3560185185185185 0.0140625 0.028703703703703703
0 0.5736979166666667 0.3472222222222222 0.015104166666666667 0.02777777777777778
0 0.7354166666666666 0.3282407407407408 0.013541666666666667 0.025
0 0.7908854166666667 0.3078703703703704 0.0109375 0.017592592592592594
1 0.8203125 0.3175925925925926 0.007291666666666667 0.016666666666666666
1 0.9825520833333333 0.36342592592592593 0.0140625 0.030555555555555558
1 0.9927083333333333 0.37222222222222223 0.011458333333333333 0.02592592592592593
0 0.85390625 0.3550925925925926 0.015104166666666667 0.028703703703703703
2 0.9768229166666667 0.44953703703703707 0.0453125 0.2064814814814815
2 0.85390625 0.43194444444444446 0.0484375 0.1787037037037037
2 0.03958333333333333 0.5175925925925926 0.08020833333333333 0.26296296296296295
2 0.7872395833333333 0.3402777777777778 0.025520833333333333 0.08425925925925926
2 0.5713541666666666 0.4203703703703704 0.06770833333333333 0.17407407407407408
2 0.8182291666666667 0.35555555555555557 0.028125 0.0962962962962963
2 0.7372395833333333 0.3726851851851852 0.043229166666666666 0.1175925925925926