1 0.45260416666666664 0.3842592592592593 0.015625 0.037037037037037035
1 0.4669270833333333 0.3564814814814815 0.0140625 0.02592592592592593
1 0.67734375 0.4953703703703704 0.0390625 0.06851851851851852
0 0.69765625 0.48379629629629634 0.0296875 0.0712962962962963
1 0.9609375 0.31342592592592594 0.007291666666666667 0.015740740740740743
1 0.8799479166666666 0.3597222222222222 0.015104166666666667 0.028703703703703703
2 0.9583333333333334 0.3578703703703704 0.028125 0.11018518518518519
2 0.8739583333333333 0.4310185185185185 0.05416666666666667 0.17500000000000002
2 0.6895833333333333 0.6643518518518519 0.14791666666666667 0.4305555555555556
2 0.43645833333333334 0.4763888888888889 0.08125 0.22685185185185186
2 0.4583333333333333 0.4310185185185185 0.06458333333333333 0.1824074074074074