0 0.7213541666666666 0.5611111111111111 0.05 0.0925925925925926
1 0.6625 0.4175925925925926 0.02395833333333333 0.040740740740740744
1 0.6809895833333334 0.4083333333333333 0.019270833333333334 0.037037037037037035
1 0.6372395833333333 0.32175925925925924 0.009895833333333333 0.019444444444444445
1 0.64609375 0.325 0.008854166666666666 0.018518518518518517
1 0.6611979166666666 0.3416666666666667 0.011979166666666666 0.02592592592592593
1 0.6729166666666666 0.34074074074074073 0.011458333333333333 0.020370370370370372
1 0.59296875 0.33981481481481485 0.011979166666666666 0.022222222222222223
0 0.09010416666666667 0.6523148148148148 0.07395833333333333 0.12314814814814816
0 0.8065104166666667 0.32546296296296295 0.009895833333333333 0.019444444444444445
0 0.82109375 0.3175925925925926 0.008854166666666666 0.018518518518518517
2 0.671875 0.5199074074074074 0.090625 0.2601851851851852
2 0.7231770833333333 0.7569444444444444 0.1859375 0.4842592592592593
2 0.13359375 0.7953703703703704 0.2682291666666667 0.40740740740740744
2 0.6651041666666666 0.39675925925925926 0.05 0.14537037037037037
2 0.5942708333333333 0.39490740740740743 0.051041666666666666 0.13611111111111113
2 0.6390625 0.37222222222222223 0.0375 0.12592592592592594
2 0.8026041666666667 0.3717592592592593 0.030208333333333334 0.11388888888888889
2 0.8200520833333333 0.35370370370370374 0.0234375 0.09814814814814815