0 0.9942708333333333 0.475462962962963 0.0125 0.049074074074074076
1 0.7559895833333333 0.49074074074074076 0.028645833333333332 0.05555555555555556
1 0.8440104166666667 0.3625 0.011979166666666666 0.026851851851851852
1 0.8497395833333333 0.35833333333333334 0.009895833333333333 0.022222222222222223
1 0.5578125 0.3337962962962963 0.009375 0.021296296296296296
1 0.5669270833333333 0.33101851851851855 0.0078125 0.019444444444444445
1 0.5783854166666667 0.35370370370370374 0.0140625 0.02962962962962963
1 0.5890625 0.3476851851851852 0.0125 0.028703703703703703
1 0.5109375 0.34953703703703703 0.010416666666666666 0.02314814814814815
0 0.5700520833333333 0.42962962962962964 0.027604166666666666 0.05555555555555556
0 0.69765625 0.43842592592592594 0.025520833333333333 0.05277777777777778
0 0.7408854166666666 0.3277777777777778 0.009895833333333333 0.022222222222222223
0 0.7171875 0.34351851851851856 0.0125 0.02592592592592593
1 0.20390624999999998 0.487962962962963 0.030729166666666665 0.07407407407407407
1 0.24453125 0.5087962962962963 0.033854166666666664 0.06944444444444445
1 0.22890625 0.4930555555555556 0.030729166666666665 0.06944444444444445
2 0.8442708333333333 0.43194444444444446 0.058333333333333334 0.1712962962962963
2 0.5734375 0.562962962962963 0.09791666666666667 0.32037037037037036
2 0.6971354166666667 0.5777777777777778 0.0921875 0.33333333333333337
2 0.75625 0.6486111111111111 0.103125 0.3731481481481482
2 0.24739583333333334 0.6916666666666667 0.1875 0.4777777777777778
2 0.5846354166666666 0.4189814814814815 0.0609375 0.17314814814814816
2 0.515625 0.4138888888888889 0.06041666666666667 0.15925925925925927
2 0.5614583333333333 0.38842592592592595 0.04479166666666667 0.14537037037037037
2 0.7158854166666666 0.40046296296296297 0.0390625 0.14166666666666666
2 0.7385416666666667 0.3768518518518519 0.030208333333333334 0.12592592592592594