1 0.2911458333333333 0.5342592592592593 0.035416666666666666 0.07222222222222223
1 0.31927083333333334 0.5319444444444444 0.025 0.0712962962962963
1 0.50703125 0.46111111111111114 0.027604166666666666 0.061111111111111116
1 0.525 0.46620370370370373 0.016666666666666666 0.049074074074074076
1 0.6791666666666667 0.49212962962962964 0.028125 0.06018518518518519
1 0.6286458333333333 0.3907407407407408 0.01875 0.037037037037037035
1 0.6489583333333333 0.4027777777777778 0.016666666666666666 0.03333333333333333
0 0.6544270833333333 0.34074074074074073 0.013020833333333334 0.02962962962962963
0 0.6265625 0.3611111111111111 0.014583333333333334 0.03333333333333333
1 0.91875 0.40324074074074073 0.017708333333333333 0.030555555555555558
0 0.8888020833333333 0.3800925925925926 0.01614583333333333 0.03425925925925926
0 0.7981770833333334 0.37592592592592594 0.01614583333333333 0.03333333333333333
1 0.9419270833333333 0.3375 0.0109375 0.019444444444444445
1 0.4666666666666667 0.3712962962962963 0.015625 0.031481481481481485
1 0.4822916666666667 0.35833333333333334 0.013541666666666667 0.02777777777777778
1 0.48828125 0.3375 0.0109375 0.025
1 0.49895833333333334 0.3375 0.010416666666666666 0.025
1 0.41328125 0.36342592592592593 0.015104166666666667 0.030555555555555558
1 0.4302083333333333 0.3662037037037037 0.011458333333333333 0.028703703703703703
2 0.9432291666666667 0.3875 0.0375 0.12314814814814816
2 0.7989583333333333 0.46111111111111114 0.059375 0.20185185185185187
2 0.8859374999999999 0.46620370370370373 0.057291666666666664 0.20833333333333334
2 0.9213541666666667 0.49953703703703706 0.06145833333333333 0.21944444444444444
2 0.6450520833333333 0.49768518518518523 0.07447916666666667 0.2564814814814815
2 0.6838541666666667 0.6601851851851852 0.10416666666666667 0.3925925925925926
2 0.515625 0.6060185185185185 0.13125 0.35833333333333334
2 0.3263020833333333 0.7490740740740741 0.19947916666666665 0.5
2 0.47213541666666664 0.4449074074074074 0.0765625 0.2138888888888889
2 0.4080729166666667 0.4342592592592593 0.07552083333333333 0.17962962962962964
2 0.48776041666666664 0.40555555555555556 0.0515625 0.16296296296296298
2 0.6203125 0.4356481481481482 0.05416666666666667 0.1824074074074074
2 0.65234375 0.4013888888888889 0.03802083333333333 0.15462962962962964