1 0.15546875 0.4013888888888889 0.019270833333333334 0.03981481481481482
1 0.19453125 0.3842592592592593 0.0171875 0.040740740740740744
1 0.28463541666666664 0.3819444444444445 0.015104166666666667 0.030555555555555558
1 0.30052083333333335 0.37592592592592594 0.015625 0.037037037037037035
0 0.496875 0.45787037037037037 0.028125 0.058333333333333334
1 0.5255208333333333 0.4587962962962963 0.027083333333333334 0.06018518518518519
0 0.5625 0.35462962962962963 0.016666666666666666 0.03518518518518519
0 0.49322916666666666 0.38287037037037036 0.021875 0.03981481481481482
1 0.41796875 0.34814814814814815 0.0109375 0.02962962962962963
1 0.4276041666666667 0.34953703703703703 0.010416666666666666 0.026851851851851852
1 0.7268229166666667 0.40601851851851856 0.024479166666666666 0.04351851851851852
1 0.7736979166666667 0.3856481481481482 0.018229166666666668 0.03425925925925926
1 0.8125 0.35324074074074074 0.013541666666666667 0.026851851851851852
1 0.8244791666666667 0.35879629629629634 0.011458333333333333 0.019444444444444445
1 0.8690104166666667 0.40046296296296297 0.018229166666666668 0.03796296296296296
0 0.921875 0.3453703703703704 0.011458333333333333 0.022222222222222223
0 0.9919270833333333 0.34675925925925927 0.013020833333333334 0.02314814814814815
1 0.9950520833333333 0.3625 0.009895833333333333 0.021296296296296296
1 0.9932291666666666 0.32037037037037036 0.009375 0.016666666666666666
2 0.921875 0.40694444444444444 0.04375 0.14537037037037037
2 0.8239583333333333 0.42453703703703705 0.051041666666666666 0.1712962962962963
2 0.8708333333333333 0.4939814814814815 0.059375 0.2212962962962963
2 0.7708333333333334 0.46990740740740744 0.071875 0.2064814814814815
2 0.72578125 0.5157407407407407 0.09322916666666667 0.26666666666666666
2 0.5252604166666667 0.6245370370370371 0.12447916666666667 0.38796296296296295
2 0.140625 0.49768518518518523 0.16041666666666665 0.2712962962962963
2 0.2856770833333333 0.46342592592592596 0.10364583333333333 0.21203703703703705
2 0.4171875 0.4236111111111111 0.059375 0.1824074074074074
2 0.48776041666666664 0.47962962962962963 0.0796875 0.23333333333333334
2 0.5580729166666667 0.4305555555555556 0.050520833333333334 0.18888888888888888