0 0.13958333333333334 0.4324074074074074 0.03125 0.05555555555555556
0 0.2872395833333333 0.39212962962962966 0.022395833333333334 0.049074074074074076
1 0.24375 0.375 0.014583333333333334 0.031481481481481485
1 0.21927083333333333 0.3787037037037037 0.015625 0.037037037037037035
0 0.8565104166666666 0.30092592592592593 0.0067708333333333336 0.014814814814814815
0 0.9143229166666667 0.34305555555555556 0.013020833333333334 0.02314814814814815
1 0.9192708333333334 0.3416666666666667 0.007291666666666667 0.018518518518518517
1 0.9463541666666666 0.33287037037037037 0.010416666666666666 0.019444444444444445
1 0.9768229166666667 0.325 0.009895833333333333 0.018518518518518517
1 0.8263020833333333 0.3078703703703704 0.005729166666666666 0.01388888888888889
2 0.9760416666666667 0.3680555555555556 0.03333333333333333 0.11018518518518519
2 0.9450520833333333 0.38472222222222224 0.04114583333333333 0.1287037037037037
2 0.9145833333333333 0.40231481481481485 0.041666666666666664 0.14537037037037037
2 0.8268229166666666 0.33842592592592596 0.027604166666666666 0.08055555555555556
2 0.20807291666666666 0.47175925925925927 0.10677083333333333 0.23425925925925928
2 0.12838541666666667 0.5777777777777778 0.15885416666666666 0.3462962962962963
2 0.2747395833333333 0.5013888888888889 0.11822916666666666 0.2712962962962963