1 0.023697916666666666 0.6865740740740741 0.049479166666666664 0.13055555555555556
1 0.14479166666666665 0.39537037037037037 0.01875 0.037037037037037035
1 0.1609375 0.3976851851851852 0.015625 0.036111111111111115
0 0.5502604166666667 0.34444444444444444 0.0140625 0.02962962962962963
0 0.9453125 0.3574074074074074 0.013541666666666667 0.02777777777777778
1 0.9794270833333333 0.32916666666666666 0.008854166666666666 0.019444444444444445
2 0.978125 0.37824074074074077 0.036458333333333336 0.1175925925925926
2 0.9442708333333333 0.4305555555555556 0.05 0.17407407407407408
2 0.09322916666666667 0.8115740740740741 0.1875 0.375
2 0.13411458333333334 0.5060185185185185 0.13177083333333334 0.26944444444444443
2 0.54375 0.41435185185185186 0.05 0.17500000000000002