1 0.2859375 0.6365740740740741 0.04791666666666666 0.09351851851851853
1 0.3377604166666667 0.6486111111111111 0.04635416666666667 0.10277777777777779
1 0.8799479166666666 0.3578703703703704 0.011979166666666666 0.02314814814814815
0 0.7734375 0.31666666666666665 0.009375 0.020370370370370372
0 0.9885416666666667 0.3819444444444445 0.01875 0.036111111111111115
0 0.89609375 0.2976851851851852 0.0067708333333333336 0.012037037037037037
0 0.7799479166666666 0.3175925925925926 0.0078125 0.018518518518518517
2 0.7744791666666666 0.36342592592592593 0.0375 0.11018518518518519
2 0.9815104166666666 0.46851851851851856 0.0359375 0.21481481481481482
2 0.8770833333333333 0.425 0.04791666666666666 0.16111111111111112
2 0.34791666666666665 0.7944444444444445 0.26145833333333335 0.40925925925925927