1 0.76953125 0.4638888888888889 0.028645833333333332 0.06666666666666667
0 0.7609375 0.38842592592592595 0.01875 0.03796296296296296
1 0.95546875 0.3685185185185185 0.013020833333333334 0.02962962962962963
1 0.9638020833333333 0.3726851851851852 0.013020833333333334 0.028703703703703703
0 0.8333333333333334 0.30462962962962964 0.007291666666666667 0.014814814814814815
1 0.7908854166666667 0.325 0.009895833333333333 0.022222222222222223
0 0.5315104166666667 0.34953703703703703 0.0140625 0.032407407407407406
0 0.5458333333333333 0.3509259259259259 0.013541666666666667 0.031481481481481485
2 0.528125 0.4273148148148148 0.059375 0.19166666666666668
2 0.7877604166666666 0.3662037037037037 0.028645833333333332 0.10833333333333334
2 0.8322916666666667 0.33564814814814814 0.021875 0.08240740740740742
2 0.9552083333333333 0.44074074074074077 0.06041666666666667 0.17592592592592593
2 0.7622395833333333 0.4814814814814815 0.0609375 0.2240740740740741
2 0.7578125 0.5958333333333333 0.11875 0.33425925925925926