1 0.18020833333333333 0.6773148148148148 0.04895833333333333 0.10833333333333334
1 0.21510416666666665 0.7282407407407407 0.05416666666666667 0.125
1 0.25546875 0.7245370370370371 0.050520833333333334 0.1212962962962963
1 0.7716145833333333 0.42824074074074076 0.024479166666666666 0.05462962962962963
1 0.9315104166666667 0.39166666666666666 0.015104166666666667 0.031481481481481485
1 0.94375 0.3875 0.0125 0.026851851851851852
1 0.8622395833333333 0.31342592592592594 0.005729166666666666 0.012037037037037037
1 0.9309895833333334 0.29953703703703705 0.005729166666666666 0.012037037037037037
1 0.9505208333333334 0.30185185185185187 0.005208333333333333 0.012962962962962964
2 0.9338541666666667 0.4740740740740741 0.07083333333333333 0.20555555555555557
2 0.7739583333333333 0.5509259259259259 0.075 0.29444444444444445
2 0.24765625 0.8125 0.29635416666666664 0.3731481481481482
2 0.92734375 0.32546296296296295 0.022395833333333334 0.0712962962962963