1 0.58515625 0.34490740740740744 0.009895833333333333 0.025
1 0.7731770833333333 0.3199074074074074 0.009895833333333333 0.02314814814814815
1 0.8098958333333334 0.33055555555555555 0.009375 0.020370370370370372
1 0.9247395833333333 0.3388888888888889 0.008854166666666666 0.020370370370370372
1 0.9369791666666667 0.3527777777777778 0.013541666666666667 0.022222222222222223
1 0.9744791666666667 0.33055555555555555 0.010416666666666666 0.022222222222222223
0 0.9057291666666667 0.300462962962963 0.005208333333333333 0.012037037037037037
2 0.9731770833333333 0.375 0.0328125 0.11481481481481481
2 0.93046875 0.4101851851851852 0.0515625 0.16666666666666669
2 0.5802083333333333 0.4046296296296297 0.042708333333333334 0.1388888888888889
2 0.76875 0.3675925925925926 0.03333333333333333 0.12037037037037038
2 0.8080729166666667 0.37592592592592594 0.027604166666666666 0.11296296296296297