1 0.05182291666666666 0.737962962962963 0.05364583333333333 0.10555555555555556
1 0.43124999999999997 0.5986111111111111 0.03333333333333333 0.07314814814814816
1 0.47578125 0.5958333333333333 0.0296875 0.06574074074074074
1 0.6533854166666666 0.6101851851851852 0.03177083333333333 0.07777777777777778
0 0.63046875 0.6287037037037038 0.050520833333333334 0.09444444444444444
0 0.8760416666666666 0.47731481481481486 0.021875 0.04166666666666667
0 0.8552083333333333 0.3791666666666667 0.008333333333333333 0.019444444444444445
0 0.87890625 0.3814814814814815 0.008854166666666666 0.018518518518518517
0 0.8859374999999999 0.3740740740740741 0.007291666666666667 0.016666666666666666
2 0.8817708333333333 0.5907407407407408 0.07395833333333333 0.2740740740740741
2 0.4791666666666667 0.7694444444444445 0.17708333333333334 0.4185185185185185
2 0.64453125 0.7847222222222222 0.2046875 0.4287037037037037
2 0.11145833333333333 0.8421296296296297 0.22395833333333334 0.3138888888888889
2 0.8786458333333333 0.4203703703703704 0.035416666666666666 0.11111111111111112