1 0.27109375 0.7157407407407408 0.05260416666666667 0.11111111111111112
1 0.80546875 0.5472222222222223 0.022395833333333334 0.04814814814814815
1 0.8020833333333334 0.47962962962962963 0.01875 0.040740740740740744
1 0.8861979166666667 0.4564814814814815 0.015104166666666667 0.02962962962962963
1 0.8979166666666667 0.45925925925925926 0.010416666666666666 0.02777777777777778
1 0.9380208333333333 0.3907407407407408 0.010416666666666666 0.018518518518518517
0 0.77109375 0.3939814814814815 0.009895833333333333 0.02314814814814815
0 0.7809895833333333 0.3851851851851852 0.0109375 0.022222222222222223
0 0.9583333333333334 0.46990740740740744 0.026041666666666668 0.04537037037037037
0 0.5877604166666667 0.7953703703703704 0.059895833333333336 0.11296296296296297
1 0.5463541666666667 0.9087962962962963 0.057291666666666664 0.08981481481481482
2 0.89140625 0.5476851851851852 0.08802083333333333 0.2138888888888889
2 0.9552083333333333 0.5800925925925926 0.08854166666666667 0.26944444444444443
2 0.8096354166666666 0.5953703703703704 0.07447916666666667 0.2740740740740741
2 0.81328125 0.6995370370370371 0.0984375 0.36388888888888893
2 0.6083333333333333 0.8699074074074075 0.19583333333333333 0.25833333333333336
2 0.2864583333333333 0.8296296296296297 0.225 0.3388888888888889
2 0.7721354166666666 0.4416666666666667 0.044270833333333336 0.13333333333333333
2 0.9380208333333333 0.44074074074074077 0.040625 0.12037037037037038