1 0.8442708333333333 0.41574074074074074 0.02395833333333333 0.0462962962962963
1 0.428125 0.512962962962963 0.03854166666666667 0.07777777777777778
1 0.4588541666666667 0.5092592592592593 0.03125 0.061111111111111116
1 0.6283854166666667 0.3527777777777778 0.011979166666666666 0.02592592592592593
0 0.6388020833333333 0.34351851851851856 0.013020833333333334 0.02962962962962963
0 0.5325520833333334 0.337037037037037 0.015104166666666667 0.02962962962962963
0 0.7796875 0.4708333333333333 0.030208333333333334 0.05462962962962963
0 0.5104166666666666 0.5944444444444444 0.04583333333333333 0.09074074074074075
2 0.52421875 0.4013888888888889 0.0546875 0.16018518518518518
2 0.6268229166666667 0.4138888888888889 0.050520833333333334 0.1685185185185185
2 0.8393229166666667 0.5120370370370371 0.0828125 0.2388888888888889
2 0.7859375 0.6273148148148149 0.10104166666666667 0.36203703703703705
2 0.4348958333333333 0.6819444444444445 0.175 0.41944444444444445
2 0.5260416666666666 0.7736111111111111 0.17083333333333334 0.45092592592592595