1 0.72109375 0.4050925925925926 0.018229166666666668 0.03981481481481482
1 0.8161458333333333 0.5175925925925926 0.029166666666666667 0.061111111111111116
1 0.9815104166666666 0.36944444444444446 0.01614583333333333 0.02962962962962963
0 0.3364583333333333 0.4652777777777778 0.03125 0.06018518518518519
1 0.38177083333333334 0.3800925925925926 0.015625 0.03981481481481482
0 0.40078125 0.3726851851851852 0.018229166666666668 0.03981481481481482
0 0.928125 0.39722222222222225 0.01875 0.03518518518518519
0 0.7666666666666666 0.4305555555555556 0.021875 0.044444444444444446
2 0.384375 0.43472222222222223 0.07083333333333333 0.20462962962962963
2 0.3763020833333333 0.475462962962963 0.09114583333333333 0.2490740740740741
2 0.9734375 0.4365740740740741 0.052083333333333336 0.16574074074074074
2 0.9268229166666666 0.49444444444444446 0.06197916666666667 0.22777777777777777
2 0.7177083333333333 0.5041666666666667 0.09375 0.23611111111111113
2 0.77421875 0.5523148148148148 0.0765625 0.2916666666666667
2 0.8026041666666667 0.6962962962962963 0.121875 0.4222222222222222
2 0.34739583333333335 0.649537037037037 0.14895833333333333 0.4342592592592593