0 0.015104166666666667 0.4064814814814815 0.027083333333333334 0.053703703703703705
1 0.7427083333333333 0.4166666666666667 0.019791666666666666 0.040740740740740744
1 0.7583333333333333 0.41620370370370374 0.016666666666666666 0.04351851851851852
0 0.8739583333333333 0.35185185185185186 0.014583333333333334 0.02777777777777778
0 0.91484375 0.3476851851851852 0.011979166666666666 0.025
1 0.9908854166666666 0.37777777777777777 0.0140625 0.02777777777777778
2 0.0359375 0.5208333333333334 0.07291666666666667 0.2916666666666667
2 0.915625 0.3402777777777778 0.020833333333333332 0.075
2 0.9169270833333333 0.40185185185185185 0.04010416666666666 0.13703703703703704
2 0.9763020833333333 0.4513888888888889 0.04635416666666667 0.1787037037037037
2 0.8752604166666667 0.4222222222222222 0.0515625 0.16481481481481483
2 0.74609375 0.5282407407407408 0.0921875 0.26944444444444443