1 0.30104166666666665 0.46805555555555556 0.014583333333333334 0.032407407407407406
1 0.3138020833333333 0.4675925925925926 0.013020833333333334 0.02962962962962963
1 0.41562499999999997 0.8523148148148149 0.06041666666666667 0.12314814814814816
1 0.5135416666666667 0.6027777777777777 0.03333333333333333 0.06481481481481481
1 0.5455729166666666 0.5939814814814816 0.030729166666666665 0.06574074074074074
0 0.8265625 0.4 0.010416666666666666 0.022222222222222223
1 0.8369791666666666 0.40092592592592596 0.009375 0.022222222222222223
0 0.9755208333333333 0.3763888888888889 0.009375 0.017592592592592594
2 0.3067708333333333 0.5388888888888889 0.06979166666666667 0.19814814814814816
2 0.9721354166666667 0.41620370370370374 0.030729166666666665 0.10277777777777779
2 0.8273437499999999 0.45231481481481484 0.04739583333333333 0.13796296296296298
2 0.5403645833333334 0.7523148148148149 0.15989583333333332 0.39166666666666666
2 0.46197916666666666 0.8893518518518518 0.20208333333333334 0.21944444444444444