1 0.2921875 0.38333333333333336 0.019791666666666666 0.04259259259259259
1 0.3307291666666667 0.6523148148148148 0.04895833333333333 0.10462962962962963
1 0.3872395833333333 0.48379629629629634 0.028645833333333332 0.0712962962962963
0 0.7322916666666667 0.40324074074074073 0.01875 0.036111111111111115
1 0.8575520833333333 0.40601851851851856 0.01614583333333333 0.036111111111111115
1 0.8604166666666666 0.39212962962962966 0.015625 0.036111111111111115
0 0.96953125 0.3717592592592593 0.01614583333333333 0.028703703703703703
1 0.9674479166666666 0.36574074074074076 0.013020833333333334 0.024074074074074074
2 0.28151041666666665 0.47314814814814815 0.0953125 0.22592592592592595
2 0.7322916666666667 0.5064814814814815 0.07083333333333333 0.25
2 0.84609375 0.4930555555555556 0.07760416666666667 0.23981481481481481
2 0.9614583333333333 0.4337962962962963 0.053125 0.16574074074074074
2 0.38567708333333334 0.6449074074074075 0.14114583333333333 0.39722222222222225
2 0.32890625 0.7976851851851852 0.25885416666666666 0.4027777777777778