1 0.7791666666666667 0.37453703703703706 0.013541666666666667 0.030555555555555558
0 0.8513020833333333 0.3925925925925926 0.019270833333333334 0.03333333333333333
0 0.9377604166666667 0.33935185185185185 0.009895833333333333 0.019444444444444445
1 0.9734375 0.30185185185185187 0.00625 0.012962962962962964
1 0.9901041666666667 0.3365740740740741 0.007291666666666667 0.017592592592592594
1 0.903125 0.3768518518518519 0.014583333333333334 0.02962962962962963
1 0.8575520833333333 0.35324074074074074 0.0109375 0.025
1 0.9903645833333333 0.3277777777777778 0.0078125 0.011111111111111112
2 0.9372395833333333 0.3925925925925926 0.034895833333333334 0.13148148148148148
2 0.9817708333333334 0.3814814814814815 0.035416666666666666 0.12407407407407407
2 0.8557291666666667 0.41574074074074074 0.03854166666666667 0.1574074074074074
2 0.9005208333333333 0.45925925925925926 0.05625 0.20185185185185187
2 0.8458333333333333 0.4842592592592593 0.0625 0.22962962962962963
2 0.7802083333333333 0.46111111111111114 0.05625 0.20925925925925926