1 0.40703125 0.4481481481481482 0.0265625 0.061111111111111116
1 0.42578125 0.45787037037037037 0.021354166666666667 0.04537037037037037
1 0.44244791666666666 0.46111111111111114 0.025520833333333333 0.061111111111111116
1 0.8059895833333334 0.39537037037037037 0.015104166666666667 0.03518518518518519
1 0.8075520833333333 0.3314814814814815 0.0078125 0.020370370370370372
0 0.8145833333333333 0.32731481481481484 0.009375 0.019444444444444445
0 0.7856770833333333 0.3180555555555556 0.008854166666666666 0.017592592592592594
2 0.8002604166666667 0.5041666666666667 0.0734375 0.2564814814814815
2 0.8057291666666666 0.3763888888888889 0.036458333333333336 0.125
2 0.78125 0.3574074074074074 0.03229166666666666 0.10925925925925926
2 0.42916666666666664 0.6087962962962963 0.15625 0.38796296296296295