0 0.2708333333333333 0.6083333333333334 0.008333333333333333 0.018518518518518517
1 0.10520833333333333 0.612037037037037 0.007291666666666667 0.016666666666666666
1 0.2638020833333333 0.6064814814814815 0.0067708333333333336 0.014814814814814815
1 0.9838541666666667 0.6921296296296297 0.03333333333333333 0.06944444444444445
0 0.39088541666666665 0.5958333333333333 0.0078125 0.017592592592592594
0 0.6190104166666667 0.6037037037037037 0.0078125 0.016666666666666666
0 0.6481770833333333 0.6 0.009895833333333333 0.018518518518518517
2 0.10729166666666666 0.6476851851851853 0.027083333333333334 0.08796296296296297
2 0.39036458333333335 0.625925925925926 0.0265625 0.08148148148148149
2 0.271875 0.6449074074074075 0.03229166666666666 0.10648148148148148
2 0.6455729166666666 0.637962962962963 0.04010416666666666 0.10185185185185186