1 0.7651041666666667 0.6685185185185185 0.030208333333333334 0.05740740740740741
1 0.809375 0.6763888888888889 0.03854166666666667 0.0638888888888889
1 0.6223958333333334 0.6101851851851852 0.008333333333333333 0.018518518518518517
0 0.2109375 0.5935185185185186 0.00625 0.014814814814814815
0 0.33958333333333335 0.5976851851851852 0.00625 0.01388888888888889
1 0.34453125 0.6018518518518519 0.005729166666666666 0.012962962962962964
1 0.40078125 0.5981481481481482 0.0067708333333333336 0.014814814814814815
1 0.4088541666666667 0.5962962962962963 0.00625 0.012962962962962964
2 0.34375 0.6407407407407407 0.036458333333333336 0.10555555555555556
2 0.6229166666666667 0.6615740740740741 0.03958333333333333 0.1287037037037037
2 0.75546875 0.8175925925925926 0.22552083333333334 0.3611111111111111
2 0.39739583333333334 0.6305555555555555 0.04583333333333333 0.08703703703703704
2 0.12343749999999999 0.6319444444444444 0.02395833333333333 0.08425925925925926