0 0.6291666666666667 0.6606481481481482 0.028125 0.06944444444444445
1 0.5098958333333333 0.6337962962962963 0.014583333333333334 0.032407407407407406
1 0.4986979166666667 0.625925925925926 0.013020833333333334 0.02962962962962963
1 0.4890625 0.6310185185185185 0.009375 0.02314814814814815
0 0.98203125 0.6041666666666667 0.013020833333333334 0.030555555555555558
1 0.29921875 0.6328703703703704 0.018229166666666668 0.04722222222222222
2 0.96328125 0.6671296296296296 0.07239583333333333 0.1638888888888889
2 0.50390625 0.6972222222222223 0.058854166666666666 0.17407407407407408
2 0.30963541666666666 0.7611111111111112 0.08802083333333333 0.3037037037037037
2 0.6354166666666666 0.8101851851851852 0.10729166666666666 0.37777777777777777
2 0.6463541666666667 0.6370370370370371 0.06354166666666666 0.10370370370370371