1 0.40182291666666664 0.6203703703703703 0.022395833333333334 0.05
1 0.43645833333333334 0.6 0.022916666666666665 0.04814814814814815
1 0.49374999999999997 0.524537037037037 0.021875 0.032407407407407406
0 0.74609375 0.5532407407407408 0.021354166666666667 0.04351851851851852
0 0.9536458333333333 0.5601851851851852 0.022916666666666665 0.040740740740740744
1 0.9630208333333333 0.549074074074074 0.016666666666666666 0.04259259259259259
2 0.5671875 0.5703703703703704 0.042708333333333334 0.16296296296296298
2 0.49192708333333335 0.5865740740740741 0.057812499999999996 0.1787037037037037
2 0.4940104166666667 0.6194444444444445 0.05364583333333333 0.22777777777777777
2 0.3932291666666667 0.7481481481481482 0.165625 0.34814814814814815
2 0.7401041666666667 0.6606481481481482 0.11145833333333333 0.2657407407407408
2 0.9406249999999999 0.6425925925925926 0.09375 0.23148148148148148