1 0.4614583333333333 0.6601851851851852 0.026041666666666668 0.05925925925925926
1 0.5002604166666667 0.6615740740740741 0.04114583333333333 0.0638888888888889
1 0.6119791666666666 0.5550925925925926 0.016666666666666666 0.03796296296296296
1 0.7502604166666667 0.6097222222222223 0.022395833333333334 0.049074074074074076
1 0.78984375 0.5884259259259259 0.025520833333333333 0.05462962962962963
1 0.8278645833333333 0.538425925925926 0.013020833333333334 0.028703703703703703
1 0.8440104166666667 0.5365740740740741 0.0140625 0.032407407407407406
1 0.9466145833333334 0.6162037037037037 0.025520833333333333 0.049074074074074076
0 0.9802083333333333 0.6138888888888889 0.030208333333333334 0.06481481481481481
2 0.9489583333333333 0.7601851851851852 0.10104166666666667 0.35000000000000003
2 0.80234375 0.7134259259259259 0.17239583333333333 0.3138888888888889
2 0.5140625 0.8166666666666667 0.22604166666666667 0.3648148148148148
2 0.5966145833333333 0.6541666666666667 0.1359375 0.23796296296296296
2 0.8296875 0.6175925925925926 0.09375 0.20555555555555557
2 0.81015625 0.6037037037037037 0.0671875 0.17037037037037037