1 0.20703125 0.6055555555555556 0.025520833333333333 0.0462962962962963
1 0.5244791666666666 0.5398148148148149 0.016666666666666666 0.03518518518518519
1 0.5932291666666667 0.5481481481481482 0.01875 0.03888888888888889
1 0.8708333333333333 0.537962962962963 0.016666666666666666 0.03333333333333333
1 0.8361979166666667 0.6240740740740741 0.030729166666666665 0.05925925925925926
1 0.80625 0.6236111111111111 0.025 0.04722222222222222
0 0.9848958333333333 0.5578703703703703 0.015625 0.030555555555555558
2 0.8486979166666666 0.7671296296296296 0.17552083333333332 0.3527777777777778
2 0.2 0.7199074074074074 0.1875 0.2916666666666667
2 0.5739583333333333 0.6449074074074075 0.12291666666666666 0.24166666666666667
2 0.5091145833333334 0.6277777777777778 0.10364583333333333 0.21481481481481482
2 0.8585937499999999 0.6148148148148148 0.0734375 0.1851851851851852