1 0.80859375 0.6865740740740741 0.027604166666666666 0.06018518518518519
1 0.7807291666666667 0.6768518518518519 0.027083333333333334 0.05185185185185186
1 0.7486979166666666 0.6773148148148148 0.0296875 0.04722222222222222
1 0.8526041666666666 0.6453703703703704 0.02395833333333333 0.04259259259259259
1 0.9276041666666667 0.5972222222222222 0.01875 0.02777777777777778
1 0.8971354166666666 0.6097222222222223 0.019270833333333334 0.026851851851851852
0 0.37057291666666664 0.6462962962962964 0.022395833333333334 0.03518518518518519
2 0.4739583333333333 0.7087962962962964 0.07291666666666667 0.2138888888888889
2 0.8161458333333333 0.8199074074074074 0.18958333333333333 0.35833333333333334
2 0.37083333333333335 0.725 0.0625 0.20740740740740743
2 0.8596354166666667 0.7828703703703704 0.1859375 0.3231481481481482
2 0.89921875 0.6967592592592593 0.10885416666666667 0.23981481481481481