0 0.5018229166666667 0.7245370370370371 0.03177083333333333 0.0787037037037037
1 0.4708333333333333 0.7106481481481481 0.021875 0.04351851851851852
1 0.5088541666666666 0.6365740740740741 0.01875 0.03981481481481482
1 0.4848958333333333 0.6398148148148148 0.022916666666666665 0.040740740740740744
1 0.45989583333333334 0.6449074074074075 0.025 0.04351851851851852
1 0.10390624999999999 0.6564814814814816 0.025520833333333333 0.03888888888888889
2 0.46015625 0.7296296296296296 0.08072916666666667 0.26296296296296295
2 0.5065104166666666 0.8347222222222223 0.15885416666666666 0.3287037037037037
2 0.09348958333333333 0.7712962962962964 0.1828125 0.28703703703703703
2 0.47161458333333334 0.7569444444444444 0.16822916666666665 0.2916666666666667
2 0.74296875 0.6773148148148148 0.07552083333333333 0.16574074074074074