1 0.32369791666666664 0.663425925925926 0.033854166666666664 0.0638888888888889
1 0.6638020833333333 0.6935185185185185 0.034895833333333334 0.07407407407407407
1 0.6239583333333333 0.6277777777777778 0.020833333333333332 0.04814814814814815
1 0.7369791666666666 0.6481481481481481 0.03333333333333333 0.0462962962962963
0 0.6963541666666666 0.6458333333333334 0.034375 0.04351851851851852
0 0.7994791666666666 0.612037037037037 0.014583333333333334 0.03518518518518519
1 0.78125 0.6180555555555556 0.019791666666666666 0.032407407407407406
2 0.3020833333333333 0.7583333333333334 0.09583333333333333 0.29074074074074074
2 0.809375 0.6995370370370371 0.103125 0.2101851851851852
2 0.3138020833333333 0.7976851851851852 0.20989583333333334 0.33055555555555555
2 0.65390625 0.6703703703703704 0.06302083333333333 0.15
2 0.6893229166666667 0.7791666666666667 0.1734375 0.33055555555555555
2 0.6502604166666667 0.8212962962962963 0.2557291666666667 0.35555555555555557
2 0.59453125 0.7356481481481482 0.12552083333333333 0.2638888888888889
2 0.93359375 0.8231481481481482 0.13177083333333334 0.35185185185185186
2 0.10442708333333334 0.6564814814814816 0.0421875 0.10925925925925926