1 0.21197916666666666 0.6523148148148148 0.030208333333333334 0.04166666666666667
1 0.3268229166666667 0.6444444444444445 0.0265625 0.044444444444444446
1 0.596875 0.6518518518518519 0.026041666666666668 0.05925925925925926
1 0.5697916666666667 0.6736111111111112 0.020833333333333332 0.04722222222222222
0 0.5408854166666667 0.6708333333333334 0.04114583333333333 0.058333333333333334
1 0.4440104166666667 0.6342592592592593 0.0234375 0.04259259259259259
0 0.40625 0.6444444444444445 0.03333333333333333 0.05740740740740741
1 0.9609375 0.6666666666666667 0.026041666666666668 0.05740740740740741
1 0.9885416666666667 0.6546296296296297 0.020833333333333332 0.05185185185185186
2 0.334375 0.7671296296296296 0.10520833333333333 0.31203703703703706
2 0.98203125 0.7018518518518518 0.034895833333333334 0.22592592592592595
2 0.4765625 0.6527777777777778 0.041666666666666664 0.11851851851851852
2 0.40703125 0.7449074074074075 0.14739583333333334 0.2712962962962963
2 0.18828125 0.7527777777777778 0.16822916666666665 0.26481481481481484
2 0.5216145833333333 0.8046296296296297 0.2171875 0.3574074074074074
2 0.9205729166666666 0.7810185185185186 0.1578125 0.3194444444444445