1 0.6651041666666666 0.6675925925925926 0.03229166666666666 0.04814814814814815
1 0.6421875 0.6597222222222222 0.025 0.05277777777777778
1 0.578125 0.638888888888889 0.02395833333333333 0.040740740740740744
1 0.60625 0.6310185185185185 0.026041666666666668 0.05648148148148149
1 0.8153645833333333 0.6069444444444445 0.015104166666666667 0.028703703703703703
1 0.35494791666666664 0.6393518518518518 0.021354166666666667 0.04722222222222222
1 0.02421875 0.6513888888888889 0.0265625 0.06018518518518519
2 0.36015625 0.7782407407407408 0.10364583333333333 0.33981481481481485
2 0.6393229166666666 0.7990740740740742 0.17447916666666666 0.33333333333333337
2 0.5643229166666667 0.7467592592592592 0.17447916666666666 0.28425925925925927
2 0.8138020833333334 0.6837962962962963 0.09739583333333333 0.18425925925925926