0 0.03333333333333333 0.8236111111111112 0.0625 0.11574074074074074
1 0.56953125 0.6481481481481481 0.025520833333333333 0.061111111111111116
1 0.5247395833333334 0.6268518518518519 0.0171875 0.040740740740740744
1 0.5067708333333333 0.6273148148148149 0.015625 0.03981481481481482
1 0.30963541666666666 0.637962962962963 0.018229166666666668 0.04814814814814815
1 0.2953125 0.6351851851851852 0.016666666666666666 0.04259259259259259
1 0.6393229166666666 0.6245370370370371 0.011979166666666666 0.02314814814814815
0 0.7200520833333334 0.6106481481481482 0.0109375 0.02314814814814815
0 0.9908854166666666 0.6768518518518519 0.018229166666666668 0.06851851851851852
2 0.3169270833333333 0.7569444444444444 0.08385416666666666 0.3027777777777778
2 0.06875 0.8833333333333334 0.13854166666666667 0.23148148148148148
2 0.5078125 0.6777777777777778 0.04375 0.1574074074074074
2 0.5796875 0.7958333333333334 0.096875 0.3564814814814815
2 0.5231770833333333 0.725462962962963 0.06510416666666667 0.24351851851851852
2 0.9611979166666667 0.8185185185185185 0.0765625 0.3574074074074074
2 0.4692708333333333 0.6481481481481481 0.03229166666666666 0.12037037037037038
2 0.6380208333333334 0.6907407407407408 0.058333333333333334 0.16666666666666669
2 0.49895833333333334 0.6722222222222223 0.04375 0.13518518518518519
2 0.7200520833333334 0.6643518518518519 0.058854166666666666 0.13796296296296298
2 0.43072916666666666 0.6296296296296297 0.04895833333333333 0.08518518518518518
2 0.5247395833333334 0.6611111111111111 0.0484375 0.1277777777777778