0 0.03854166666666667 0.825462962962963 0.05520833333333333 0.11203703703703705
1 0.45598958333333334 0.6662037037037037 0.025520833333333333 0.058333333333333334
1 0.4927083333333333 0.6773148148148148 0.027083333333333334 0.06574074074074074
1 0.6453125 0.6583333333333333 0.022916666666666665 0.061111111111111116
1 0.6260416666666666 0.6523148148148148 0.019791666666666666 0.05092592592592593
1 0.9690104166666667 0.7949074074074074 0.043229166666666666 0.10833333333333334
1 0.93984375 0.8009259259259259 0.027604166666666666 0.06296296296296297
0 0.6088541666666667 0.6069444444444445 0.011458333333333333 0.021296296296296296
1 0.4375 0.6055555555555556 0.008333333333333333 0.020370370370370372
1 0.4440104166666667 0.6069444444444445 0.008854166666666666 0.019444444444444445
2 0.5026041666666666 0.8180555555555555 0.14583333333333334 0.36203703703703705
2 0.0703125 0.8833333333333334 0.14166666666666666 0.23148148148148148
2 0.43854166666666666 0.6532407407407408 0.03229166666666666 0.125
2 0.64609375 0.8069444444444445 0.10260416666666666 0.3675925925925926
2 0.3755208333333333 0.6347222222222223 0.030208333333333334 0.10648148148148148
2 0.528125 0.6675925925925926 0.042708333333333334 0.13703703703703704
2 0.3453125 0.6462962962962964 0.029166666666666667 0.10370370370370371
2 0.6065104166666666 0.6541666666666667 0.03802083333333333 0.1175925925925926
2 0.32265625 0.6240740740740741 0.0296875 0.08148148148148149
2 0.4119791666666667 0.6439814814814815 0.035416666666666666 0.10833333333333334