0 0.17005208333333333 0.6490740740740741 0.0359375 0.06666666666666667
0 0.2786458333333333 0.5773148148148148 0.028125 0.05092592592592593
0 0.37395833333333334 0.6481481481481481 0.035416666666666666 0.061111111111111116
0 0.9208333333333333 0.5453703703703704 0.019791666666666666 0.031481481481481485
1 0.42083333333333334 0.6365740740740741 0.025 0.05092592592592593
1 0.934375 0.5453703703703704 0.009375 0.024074074074074074
1 0.7145833333333333 0.5347222222222222 0.0125 0.032407407407407406
1 0.7322916666666667 0.5333333333333333 0.0125 0.02962962962962963
2 0.42682291666666666 0.7777777777777778 0.17552083333333332 0.35000000000000003
2 0.27838541666666666 0.6768518518518519 0.14010416666666667 0.2537037037037037
2 0.7075520833333333 0.6129629629629629 0.09739583333333333 0.2
2 0.9151041666666666 0.6180555555555556 0.08229166666666667 0.1824074074074074
2 0.18046875 0.7763888888888889 0.17239583333333333 0.325