0 0.7354166666666666 0.5305555555555556 0.021875 0.03518518518518519
0 0.6708333333333333 0.5865740740740741 0.025 0.04537037037037037
0 0.4622395833333333 0.5884259259259259 0.022395833333333334 0.049074074074074076
1 0.5005208333333333 0.5592592592592592 0.015625 0.03888888888888889
1 0.5221354166666666 0.5546296296296297 0.0140625 0.03518518518518519
1 0.7013020833333333 0.5837962962962964 0.018229166666666668 0.04351851851851852
1 0.7505208333333333 0.525462962962963 0.016666666666666666 0.03796296296296296
2 0.7026041666666667 0.7055555555555556 0.14791666666666667 0.29444444444444445
2 0.48541666666666666 0.6560185185185186 0.11458333333333333 0.24722222222222223
2 0.7247395833333333 0.6138888888888889 0.0984375 0.20740740740740743
2 0.4708333333333333 0.7046296296296296 0.14375 0.29074074074074074