2 0.09625 0.3047619047619048 0.1525 0.5714285714285715
2 0.29875 0.3261904761904762 0.1575 0.6238095238095238
2 0.46375 0.3642857142857143 0.1475 0.6523809523809524
2 0.6225 0.37619047619047624 0.135 0.6095238095238096
2 0.82875 0.48571428571428577 0.1775 0.7523809523809525
2 0.92 0.3547619047619048 0.085 0.3952380952380953
2 0.9675 0.35000000000000003 0.055 0.3285714285714286
2 0.71375 0.25952380952380955 0.0475 0.22380952380952382
0 0.09375 0.07380952380952381 0.0525 0.1
1 0.125 0.05952380952380953 0.025 0.07142857142857144
0 0.30875 0.08571428571428572 0.0425 0.10476190476190478
0 0.47750000000000004 0.1 0.05 0.09523809523809525
0 0.62625 0.13095238095238096 0.0575 0.1
0 0.82125 0.18095238095238098 0.0475 0.10476190476190478
1 0.92125 0.1904761904761905 0.0275 0.06666666666666668
0 0.97 0.2142857142857143 0.02 0.04761904761904762
1 0.94875 0.20952380952380956 0.0175 0.04761904761904762