2 0.2575 0.6367041198501873 0.52 0.704119850187266
2 0.7000000000000001 0.552434456928839 0.27 0.5880149812734082
2 0.9187500000000001 0.4681647940074906 0.1525 0.449438202247191
2 0.13375 0.5187265917602997 0.2675 0.5955056179775281
2 0.50375 0.4363295880149813 0.2325 0.3707865168539326
2 0.6425 0.33146067415730335 0.135 0.19850187265917604
2 0.88875 0.40262172284644193 0.0925 0.26591760299625467
0 0.3175 0.3445692883895131 0.08 0.12734082397003746
0 0.7425 0.31273408239700373 0.055 0.09363295880149813
0 0.52375 0.299625468164794 0.0525 0.08239700374531836
0 0.94875 0.31273408239700373 0.0425 0.07116104868913858
0 0.97375 0.27715355805243447 0.0375 0.06741573033707865
0 0.6725 0.2621722846441948 0.035 0.052434456928838954
0 0.21875 0.27715355805243447 0.0675 0.0898876404494382
0 0.74125 0.30337078651685395 0.0525 0.08239700374531836