2 0.12 0.572744014732965 0.18 0.423572744014733
0 0.12125 0.40699815837937386 0.05 0.07366482504604052
2 0.744375 0.6666666666666667 0.19875 0.6224677716390424
2 0.496875 0.6160220994475138 0.18125 0.565377532228361
2 0.371875 0.5580110497237569 0.12125 0.40147329650092084
2 0.638125 0.47605893186003684 0.06875 0.2523020257826888
2 0.596875 0.4705340699815838 0.051250000000000004 0.2265193370165746
2 0.85 0.45119705340699817 0.0675 0.2136279926335175
0 0.49125 0.38950276243093923 0.0575 0.09023941068139964
0 0.71875 0.40699815837937386 0.06 0.08839779005524862
0 0.380625 0.39963167587476983 0.04125 0.06261510128913444
1 0.8475 0.36464088397790057 0.025 0.03314917127071823
0 0.639375 0.3738489871086556 0.02875 0.03683241252302026
0 0.59875 0.3766114180478822 0.02 0.03867403314917127