2 0.4146341463414634 0.5035063113604488 0.09284028324154209 0.37868162692847124
2 0.7380015735641228 0.4109396914446003 0.13375295043273014 0.20757363253856942
2 0.5310778914240756 0.438288920056101 0.06451612903225806 0.21458625525946703
2 0.23957513768686073 0.41514726507713884 0.12037765538945712 0.1879382889200561
2 0.2836349331235248 0.40462833099579243 0.08103855232100708 0.14726507713884993
2 0.8249409913453973 0.41444600280504906 0.0983477576711251 0.1640953716690042
1 0.7309205350118018 0.3450210378681627 0.015735641227380016 0.028050490883590462
1 0.8123524783634933 0.3492286115007013 0.014948859166011016 0.025245441795231416
1 0.5350118017309206 0.3485273492286115 0.01730920535011802 0.02664796633941094
1 0.41660110149488594 0.3464235624123422 0.03225806451612903 0.05329593267882188
1 0.22580645161290322 0.34151472650771386 0.015735641227380016 0.03225806451612903
1 0.26593233674272226 0.34782608695652173 0.01730920535011802 0.025245441795231416
2 0.36939417781274586 0.43127629733520334 0.04799370574350905 0.22300140252454417
1 0.37214791502753736 0.3443197755960729 0.01888276947285602 0.03225806451612903