2 0.5305980528511822 0.5982986767485823 0.2712100139082058 0.7164461247637052
0 0.5034770514603616 0.31379962192816635 0.08066759388038942 0.1172022684310019
2 0.8783031988873435 0.5368620037807184 0.17941585535465923 0.44234404536862004
0 0.8650904033379694 0.3610586011342155 0.06675938803894298 0.08695652173913043
2 0.3087621696801113 0.5368620037807184 0.11961057023643949 0.3856332703213611
2 0.14255910987482615 0.5425330812854442 0.12656467315716272 0.3553875236294896
2 0.043810848400556324 0.5274102079395085 0.08205841446453407 0.27977315689981097
0 0.29346314325452016 0.38185255198487716 0.05006954102920723 0.06805293005671077
0 0.13004172461752433 0.40359168241965976 0.04033379694019471 0.06616257088846882
0 0.039638386648122394 0.42155009451795844 0.02920723226703755 0.04914933837429112
0 0.5674547983310153 0.3601134215500945 0.05563282336578581 0.09640831758034027