2 0.7260869565217392 0.5815217391304348 0.25217391304347825 0.3630434782608696
2 0.8869565217391304 0.5304347826086957 0.15072463768115943 0.2826086956521739
2 0.8289855072463769 0.5608695652173913 0.15942028985507248 0.3173913043478261
2 0.3789855072463768 0.657608695652174 0.23623188405797102 0.532608695652174
2 0.4623188405797102 0.5152173913043478 0.08695652173913043 0.2391304347826087
2 0.55 0.4967391304347826 0.07971014492753624 0.2282608695652174
2 0.4210144927536232 0.5239130434782608 0.08260869565217391 0.25217391304347825
1 0.3463768115942029 0.4358695652173913 0.03768115942028986 0.07173913043478261
1 0.7188405797101449 0.42934782608695654 0.03768115942028986 0.058695652173913045
1 0.7971014492753623 0.4271739130434783 0.026086956521739132 0.03695652173913044
1 0.85 0.4141304347826087 0.030434782608695653 0.04565217391304348
1 0.4028985507246377 0.41847826086956524 0.028985507246376812 0.05
1 0.4391304347826087 0.41847826086956524 0.026086956521739132 0.03260869565217391
1 0.5710144927536231 0.4032608695652174 0.017391304347826087 0.03260869565217391