2 0.42592592592592593 0.692652329749104 0.11111111111111112 0.496415770609319
1 0.41712962962962963 0.5080645161290323 0.030555555555555558 0.07347670250896057
2 0.2689814814814815 0.28225806451612906 0.03981481481481482 0.1774193548387097
2 0.5060185185185185 0.2956989247311828 0.036111111111111115 0.15412186379928317
2 0.5685185185185185 0.2992831541218638 0.04259259259259259 0.16487455197132617
2 0.3175925925925926 0.278673835125448 0.03333333333333333 0.17025089605734767
2 0.4481481481481482 0.2867383512544803 0.04259259259259259 0.17921146953405018
2 0.6560185185185186 0.26523297491039427 0.03796296296296296 0.1003584229390681
2 0.6125 0.29121863799283154 0.04351851851851852 0.15949820788530467
0 0.31851851851851853 0.21415770609318996 0.014814814814814815 0.03046594982078853
1 0.27222222222222225 0.2168458781362007 0.016666666666666666 0.02867383512544803
1 0.44537037037037036 0.2168458781362007 0.011111111111111112 0.025089605734767026
1 0.5087962962962963 0.23476702508960573 0.008333333333333333 0.017921146953405017
1 0.5726851851851852 0.23476702508960573 0.015740740740740743 0.03225806451612903
0 0.6203703703703703 0.22849462365591397 0.016666666666666666 0.03046594982078853
1 0.6587962962962963 0.22759856630824374 0.012037037037037037 0.017921146953405017
2 0.36944444444444446 0.2974910394265233 0.05555555555555556 0.15412186379928317
2 0.3402777777777778 0.27419354838709675 0.030555555555555558 0.14695340501792115
1 0.3365740740740741 0.21057347670250895 0.012037037037037037 0.026881720430107527