2 0.17250000000000001 0.5627376425855514 0.34 0.8288973384030418
2 0.44625000000000004 0.5285171102661597 0.34750000000000003 0.6539923954372624
2 0.64625 0.48098859315589354 0.2725 0.55893536121673
2 0.8175 0.4296577946768061 0.225 0.43346007604562736
2 0.8875000000000001 0.42015209125475284 0.19 0.3916349809885932
1 0.1375 0.21102661596958175 0.06 0.10266159695817491
1 0.42 0.25665399239543724 0.05 0.08745247148288973
1 0.59125 0.25475285171102663 0.0375 0.060836501901140684
1 0.7725 0.26425855513307983 0.035 0.07224334600760456
1 0.8325 0.25665399239543724 0.03 0.049429657794676805
1 0.86 0.26425855513307983 0.025 0.04182509505703422