2 0.46875 0.6734177215189874 0.3675 0.6278481012658228
0 0.45375 0.4379746835443038 0.11750000000000001 0.13164556962025317
2 0.28625 0.46582278481012657 0.17250000000000001 0.36455696202531646
0 0.30125 0.3189873417721519 0.0525 0.06582278481012659
2 0.595 0.4151898734177215 0.135 0.27848101265822783
0 0.595 0.30253164556962026 0.035 0.043037974683544304
0 0.56375 0.3 0.0275 0.043037974683544304
2 0.39 0.33164556962025316 0.07 0.1468354430379747
0 0.39875 0.2721518987341772 0.0275 0.02278481012658228
2 0.4625 0.3075949367088608 0.075 0.11392405063291139
0 0.46 0.26962025316455696 0.025 0.027848101265822784