2 0.801 0.4973404255319149 0.278 0.7712765957446809
2 0.162 0.5 0.308 0.8882978723404256
2 0.4 0.386968085106383 0.152 0.6143617021276596
2 0.627 0.3736702127659574 0.14200000000000002 0.48670212765957444
2 0.502 0.3257978723404255 0.108 0.41223404255319146
2 0.266 0.3058510638297872 0.10400000000000001 0.40425531914893614
0 0.164 0.13031914893617022 0.092 0.12234042553191489
0 0.41200000000000003 0.14095744680851063 0.068 0.09574468085106383
0 0.494 0.1622340425531915 0.04 0.06914893617021277
0 0.608 0.17686170212765956 0.064 0.07180851063829786
0 0.795 0.18617021276595744 0.08600000000000001 0.12234042553191489
0 0.261 0.1529255319148936 0.05 0.07180851063829786