2 0.6976851851851852 0.7723823975720789 0.14907407407407408 0.4400606980273141
2 0.5101851851851852 0.3877086494688923 0.10185185185185186 0.18057663125948406
2 0.9351851851851852 0.3687405159332322 0.05740740740740741 0.1820940819423369
1 0.687962962962963 0.5887708649468892 0.031481481481481485 0.06980273141122914
1 0.5013888888888889 0.3156297420333839 0.019444444444444445 0.030349013657056147
2 0.775462962962963 0.3710166919575114 0.062037037037037036 0.17450682852807284
2 0.8412037037037038 0.3725341426403642 0.05462962962962963 0.1836115326251897
1 0.775462962962963 0.30424886191198786 0.019444444444444445 0.03186646433990895
1 0.8407407407407408 0.29969650986342944 0.016666666666666666 0.025796661608497723
1 0.9370370370370371 0.2936267071320182 0.014814814814814815 0.03186646433990895
2 0.9736111111111111 0.3611532625189681 0.04722222222222222 0.1851289833080425
1 0.9666666666666667 0.2928679817905918 0.014814814814814815 0.027314112291350532