2 0.0975 0.46923076923076923 0.16 0.5794871794871795
2 0.8675 0.49230769230769234 0.155 0.5538461538461539
2 0.68625 0.49230769230769234 0.1775 0.676923076923077
2 0.46125 0.49230769230769234 0.1675 0.6256410256410256
2 0.255 0.4846153846153846 0.145 0.6512820512820513
0 0.11 0.24871794871794872 0.055 0.09743589743589744
0 0.255 0.2205128205128205 0.04 0.10256410256410256
0 0.4475 0.23846153846153847 0.055 0.09743589743589744
0 0.665 0.21794871794871795 0.055 0.1282051282051282
0 0.83875 0.2794871794871795 0.0425 0.09743589743589744
2 0.33375 0.48717948717948717 0.0725 0.5230769230769231
0 0.32625 0.28205128205128205 0.0275 0.08205128205128205