2 0.24 0.5829596412556054 0.48 0.8071748878923767
1 0.20375000000000001 0.2443946188340807 0.0825 0.11210762331838565
1 0.315 0.2623318385650224 0.075 0.13004484304932734
2 0.5337500000000001 0.5224215246636771 0.3825 0.7847533632286995
1 0.5075000000000001 0.19282511210762332 0.065 0.11659192825112108
1 0.6125 0.23766816143497757 0.065 0.11659192825112108
2 0.82125 0.5089686098654709 0.3225 0.7219730941704036
1 0.76625 0.21524663677130046 0.0475 0.08968609865470852
1 0.88 0.20179372197309417 0.045 0.08968609865470852
2 0.68875 0.2645739910313901 0.0725 0.2600896860986547
0 0.6950000000000001 0.1726457399103139 0.035 0.06726457399103139