2 0.6833333333333333 0.6608497723823976 0.08888888888888889 0.3535660091047041
2 0.8282407407407407 0.4559939301972686 0.06944444444444445 0.23216995447647953
2 0.3365740740740741 0.6176024279210925 0.08425925925925926 0.30349013657056145
2 0.49212962962962964 0.5735963581183612 0.12314814814814816 0.27314112291350534
2 0.26342592592592595 0.5849772382397572 0.09907407407407408 0.2928679817905918
2 0.03564814814814815 0.5569044006069803 0.062037037037037036 0.2670713201820941
2 0.7606481481481482 0.40364188163884673 0.03425925925925926 0.15781487101669195
1 0.6898148148148149 0.5189681335356601 0.031481481481481485 0.05766312594840668
1 0.49583333333333335 0.4597875569044006 0.025 0.045523520485584223
1 0.3425925925925926 0.49241274658573597 0.024074074074074074 0.03490136570561457
1 0.27037037037037037 0.4582701062215478 0.024074074074074074 0.036418816388467376
1 0.03564814814814815 0.44613050075872535 0.026851851851851852 0.030349013657056147
1 0.8245370370370371 0.3679817905918058 0.02314814814814815 0.0409711684370258
1 0.7578703703703704 0.34142640364188165 0.012037037037037037 0.021244309559939303