2 0.5023148148148149 0.5438108484005563 0.17500000000000002 0.43949930458970793
2 0.6726851851851852 0.5173852573018081 0.10833333333333334 0.4673157162726008
2 0.8606481481481482 0.5229485396383866 0.27314814814814814 0.4339360222531293
2 0.34120370370370373 0.5201668984700973 0.13611111111111113 0.4172461752433936
2 0.07592592592592592 0.5382475660639777 0.1462962962962963 0.4561891515994437
2 0.1962962962962963 0.5347705146036161 0.09814814814814815 0.3713490959666203
1 0.07916666666666666 0.38178025034770513 0.04351851851851852 0.08205841446453407
1 0.1865740740740741 0.38734353268428373 0.03425925925925926 0.05146036161335187
0 0.3199074074074074 0.3560500695410292 0.05092592592592593 0.07788595271210014
0 0.4865740740740741 0.3713490959666203 0.05092592592592593 0.08066759388038942
0 0.6671296296296296 0.32614742698191934 0.04722222222222222 0.07927677329624479
0 0.8652777777777778 0.3477051460361613 0.058333333333333334 0.08344923504867871