2 0.786 0.664167916041979 0.352 0.6506746626686657
2 0.612 0.5434782608695652 0.14400000000000002 0.39730134932533734
2 0.2005 0.44002998500749624 0.055 0.22638680659670163
2 0.261 0.46476761619190404 0.074 0.3328335832083958
2 0.506 0.4580209895052474 0.064 0.2833583208395802
2 0.8965 0.5097451274362819 0.171 0.36881559220389803
2 0.1155 0.40554722638680657 0.053 0.16041979010494753
2 0.0305 0.39730134932533734 0.045 0.13493253373313344
2 0.4035 0.5269865067466266 0.079 0.424287856071964
1 0.727 0.3913043478260869 0.064 0.08995502248875561
1 0.6255000000000001 0.38530734632683655 0.043000000000000003 0.06596701649175413
0 0.5105000000000001 0.34257871064467765 0.031 0.043478260869565216
1 0.908 0.3613193403298351 0.046 0.06596701649175413
1 0.27 0.3305847076461769 0.028 0.05547226386806597
1 0.3825 0.3493253373313343 0.029 0.06596701649175413
0 0.203 0.35082458770614694 0.024 0.04497751124437781
1 0.11 0.34182908545727136 0.016 0.020989505247376312
1 0.025 0.34182908545727136 0.012 0.0239880059970015