2 0.145 0.5041322314049587 0.255 0.9586776859504132
2 0.9087500000000001 0.640495867768595 0.1475 0.49586776859504134
2 0.4325 0.5413223140495868 0.22 0.7355371900826446
2 0.61375 0.5702479338842975 0.1625 0.6528925619834711
1 0.1475 0.11570247933884298 0.06 0.12396694214876033
1 0.18875 0.10950413223140495 0.0425 0.11983471074380166
1 0.4275 0.23760330578512398 0.05 0.10330578512396695
1 0.45875 0.22933884297520662 0.0225 0.08677685950413223
1 0.4825 0.23760330578512398 0.035 0.09504132231404959
0 0.89625 0.4690082644628099 0.0525 0.08677685950413223
1 0.92125 0.4380165289256198 0.0275 0.06611570247933884
1 0.61125 0.30991735537190085 0.0475 0.09917355371900827
1 0.63125 0.2913223140495868 0.0325 0.08677685950413223