2 0.08125 0.6212121212121212 0.1675 0.6818181818181819
2 0.84125 0.6401515151515151 0.2225 0.6893939393939394
2 0.49 0.6837121212121212 0.31 0.6022727272727273
2 0.19375 0.44886363636363635 0.1675 0.5643939393939394
2 0.34375 0.5435606060606061 0.1775 0.6477272727272727
2 0.66125 0.5909090909090909 0.1825 0.696969696969697
2 0.935 0.44886363636363635 0.12 0.5643939393939394
2 0.0425 0.21212121212121213 0.09 0.3106060606060606
2 0.5337500000000001 0.28030303030303033 0.1375 0.3181818181818182
2 0.44625000000000004 0.3465909090909091 0.1525 0.32954545454545453
2 0.7375 0.32765151515151514 0.125 0.29924242424242425
0 0.9500000000000001 0.21212121212121213 0.06 0.09090909090909091
0 0.84375 0.3712121212121212 0.0775 0.12121212121212122
0 0.665 0.29924242424242425 0.06 0.09848484848484848
0 0.735 0.22537878787878787 0.055 0.08712121212121213
0 0.5275 0.16287878787878787 0.06 0.09090909090909091
0 0.43625 0.22537878787878787 0.0625 0.08712121212121213
0 0.34125 0.27462121212121215 0.0675 0.0946969696969697
0 0.49875 0.46401515151515155 0.0825 0.13257575757575757
0 0.18875 0.2272727272727273 0.0625 0.08333333333333334
0 0.06375 0.3484848484848485 0.0775 0.12121212121212122
0 0.0375 0.08522727272727273 0.04 0.07196969696969698