2 0.5770519262981575 0.7892441860465116 0.12227805695142378 0.39244186046511625
2 0.7747068676716918 0.5537790697674418 0.11222780569514237 0.3575581395348837
2 0.8433835845896147 0.40843023255813954 0.12897822445561138 0.2761627906976744
2 0.5025125628140703 0.5901162790697674 0.1306532663316583 0.36627906976744184
2 0.3316582914572864 0.5886627906976745 0.1373534338358459 0.34011627906976744
2 0.1934673366834171 0.6119186046511628 0.1323283082077052 0.3226744186046512
2 0.10971524288107203 0.47093023255813954 0.07537688442211056 0.32558139534883723
2 0.25963149078726966 0.3444767441860465 0.06365159128978225 0.30523255813953487
2 0.4036850921273032 0.5203488372093024 0.11055276381909548 0.3023255813953488
1 0.49246231155778897 0.44622093023255816 0.03350083752093802 0.04941860465116279
0 0.7638190954773869 0.4127906976744186 0.03350083752093802 0.06976744186046512
1 0.8073701842546064 0.29941860465116277 0.02345058626465662 0.046511627906976744
1 0.5862646566164155 0.6322674418604651 0.03350083752093802 0.061046511627906974
1 0.3760469011725293 0.3953488372093023 0.02512562814070352 0.029069767441860465
1 0.2646566164154104 0.2194767441860465 0.02345058626465662 0.04941860465116279
1 0.11809045226130653 0.3328488372093023 0.02512562814070352 0.04941860465116279
1 0.18425460636515914 0.48110465116279066 0.03015075376884422 0.0377906976744186
1 0.1474036850921273 0.48546511627906974 0.02680067001675042 0.05813953488372093
0 0.314070351758794 0.45348837209302323 0.031825795644891124 0.05232558139534883