2 0.6217592592592592 0.6820940819423369 0.14166666666666666 0.41729893778452204
2 0.36388888888888893 0.38694992412746587 0.06296296296296297 0.17298937784522003
2 0.4337962962962963 0.38315629742033386 0.05648148148148149 0.17147192716236723
2 0.6347222222222223 0.3945371775417299 0.06018518518518519 0.19119878603945373
2 0.5782407407407407 0.3725341426403642 0.05462962962962963 0.15933232169954478
2 0.5333333333333333 0.37784522003034904 0.05740740740740741 0.1669195751138088
2 0.4865740740740741 0.366464339908953 0.04722222222222222 0.15629742033383914
2 0.6814814814814815 0.3679817905918058 0.03888888888888889 0.15629742033383914
1 0.6305555555555555 0.5174506828528073 0.03333333333333333 0.06069802731411229
1 0.6356481481481482 0.3148710166919575 0.012037037037037037 0.03186646433990895
1 0.6842592592592592 0.30728376327769347 0.014814814814814815 0.025796661608497723
1 0.36574074074074076 0.31714719271623676 0.012962962962962964 0.024279210925644917
0 0.4300925925925926 0.3125948406676783 0.01388888888888889 0.024279210925644917
1 0.48750000000000004 0.30121396054628224 0.010185185185185186 0.025796661608497723
1 0.5361111111111111 0.30349013657056145 0.011111111111111112 0.024279210925644917
1 0.5745370370370371 0.30500758725341426 0.01388888888888889 0.021244309559939303