2 0.08375 0.5083333333333333 0.1375 0.4083333333333333
2 0.2175 0.5020833333333333 0.125 0.3875
2 0.355 0.4979166666666667 0.105 0.3875
2 0.47375 0.4979166666666667 0.1225 0.3875
2 0.5825 0.48125 0.105 0.42083333333333334
2 0.70125 0.46041666666666664 0.1075 0.4375
2 0.81625 0.46458333333333335 0.0975 0.4125
2 0.925 0.46458333333333335 0.11 0.42916666666666664
1 0.09125 0.3541666666666667 0.0275 0.05
1 0.1125 0.3520833333333333 0.02 0.04583333333333333
1 0.2275 0.36041666666666666 0.025 0.05416666666666667
1 0.25625 0.34791666666666665 0.0275 0.0625
1 0.34875 0.3520833333333333 0.0275 0.05416666666666667
1 0.46625 0.3520833333333333 0.0275 0.0375
1 0.58625 0.3520833333333333 0.0275 0.04583333333333333
1 0.5925 0.3020833333333333 0.025 0.04583333333333333
1 0.705 0.3416666666666667 0.025 0.041666666666666664
1 0.72375 0.2708333333333333 0.0325 0.041666666666666664
1 0.80375 0.2875 0.0325 0.05
1 0.8125 0.3416666666666667 0.025 0.058333333333333334
1 0.9125 0.28125 0.03 0.04583333333333333
1 0.9225 0.33125 0.03 0.0625